#p	a1_up	a1_dn	b1_up	b1_dn	c1_up	c1_dn	a2_up	a2_dn	b2_up	b2_dn	c2_up	c2_dn	NaN
0	33.976773	24.867165	33.976777	24.867208	22.988978	14.201014	56.023222	46.913619	56.023227	46.913654	55.011022	46.223058	
1	33.977078	24.867509	33.979778	24.870170	22.993193	14.205229	56.020222	46.910614	56.022922	46.913353	55.010421	46.222457	
2	33.977979	24.868410	33.988793	24.879185	23.005835	14.217871	56.011207	46.901599	56.022020	46.912452	55.008619	46.220655	
3	33.979481	24.869912	34.003811	24.894203	23.026897	14.238933	55.996189	46.886581	56.020519	46.910950	55.005618	46.217654	
4	33.981582	24.872013	34.024824	24.915215	23.056366	14.268402	55.975177	46.865568	56.018417	46.908848	55.001418	46.213454	
5	33.984282	24.874713	34.051818	24.942210	23.094223	14.306259	55.948182	46.838574	56.015718	46.906149	54.996022	46.208058	
6	33.987578	24.878009	34.084778	24.975169	23.140447	14.352483	55.915223	46.805615	56.012422	46.902853	54.989435	46.201471	
7	33.991468	24.881900	34.123682	25.014074	23.195010	14.407046	55.876318	46.766710	56.008531	46.898962	54.981659	46.193695	
8	33.995951	24.886382	34.168508	25.058900	23.257878	14.469914	55.831492	46.721884	56.004048	46.894479	54.972699	46.184735	
9	34.001024	24.891455	34.219228	25.109620	23.329013	14.541049	55.780772	46.671164	55.998976	46.889407	54.962561	46.174598	
10	34.006683	24.897114	34.275811	25.166203	23.408373	14.620409	55.724189	46.614581	55.993317	46.883748	54.951252	46.163288	
11	34.012925	24.903356	34.338223	25.228615	23.495910	14.707946	55.661777	46.552169	55.987075	46.877506	54.938777	46.150813	
12	34.019746	24.910177	34.406425	25.296817	23.591571	14.803607	55.593575	46.483967	55.980254	46.870685	54.925145	46.137181	
13	34.027142	24.917573	34.480377	25.370768	23.695299	14.907335	55.519624	46.410015	55.972857	46.863289	54.910363	46.122399	
14	34.035109	24.925540	34.560032	25.450423	23.807030	15.019066	55.439969	46.330360	55.964890	46.855321	54.894441	46.106478	
15	34.043642	24.934073	34.645342	25.535733	23.926697	15.138733	55.354659	46.245050	55.956357	46.846788	54.877389	46.089425	
16	34.052736	24.943167	34.736255	25.626647	24.054229	15.266265	55.263746	46.154137	55.947263	46.837695	54.859217	46.071253	
17	34.062385	24.952816	34.832715	25.723107	24.189548	15.401584	55.167285	46.057677	55.937614	46.828045	54.839935	46.051971	
18	34.072584	24.963015	34.934664	25.825056	24.332573	15.544609	55.065336	45.955728	55.927416	46.817847	54.819556	46.031592	
19	34.083326	24.973757	35.042039	25.932431	24.483217	15.695253	54.957961	45.848353	55.916674	46.807105	54.798091	46.010128	
20	34.094604	24.985036	35.154774	26.045166	24.641390	15.853426	54.845226	45.735618	55.905395	46.795826	54.775555	45.987591	
21	34.106413	24.996844	35.272800	26.163192	24.806995	16.019031	54.727200	45.617592	55.893586	46.784017	54.751961	45.963997	
22	34.118745	25.009176	35.396045	26.286437	24.979934	16.191970	54.603955	45.494347	55.881255	46.771686	54.727322	45.939358	
23	34.131592	25.022023	35.524433	26.414825	25.160102	16.372138	54.475567	45.365959	55.868408	46.758839	54.701655	45.913691	
24	34.144947	25.035378	35.657886	26.548277	25.347390	16.559426	54.342115	45.232506	55.855053	46.745484	54.674974	45.887010	
25	34.158802	25.049233	35.796320	26.686712	25.541686	16.753722	54.203680	45.094072	55.841198	46.731629	54.647297	45.859333	
26	34.173148	25.063579	35.939651	26.830043	25.742871	16.954907	54.060349	44.950741	55.826852	46.717283	54.618639	45.830675	
27	34.187976	25.078407	36.087791	26.978182	25.950825	17.162861	53.912210	44.802601	55.812024	46.702455	54.589018	45.801054	
28	34.203278	25.093710	36.240647	27.131039	26.165422	17.377458	53.759353	44.649745	55.796721	46.687152	54.558452	45.770489	
29	34.219045	25.109476	36.398126	27.288518	26.386533	17.598569	53.601874	44.492266	55.780954	46.671385	54.526961	45.738997	
30	34.235267	25.125698	36.560129	27.450521	26.614024	17.826060	53.439871	44.330263	55.764732	46.655164	54.494563	45.706599	
31	34.251934	25.142365	36.726557	27.616949	26.847758	18.059794	53.273443	44.163835	55.748065	46.638496	54.461277	45.673313	
32	34.269037	25.159468	36.897305	27.787696	27.087594	18.299630	53.102696	43.993087	55.730963	46.621394	54.427125	45.639161	
33	34.286564	25.176995	37.072266	27.962658	27.333387	18.545423	52.927734	43.818126	55.713436	46.603867	54.392126	45.604162	
34	34.304505	25.194936	37.251332	28.141724	27.584989	18.797025	52.748669	43.639060	55.695495	46.585926	54.356303	45.568339	
35	34.322850	25.213281	37.434389	28.324781	27.842248	19.054284	52.565611	43.456003	55.677150	46.567581	54.319678	45.531714	
36	34.341587	25.232018	37.621322	28.511714	28.105009	19.317045	52.378678	43.269070	55.658412	46.548843	54.282271	45.494308	
37	34.360706	25.251137	37.812013	28.702405	28.373113	19.585149	52.187988	43.078379	55.639294	46.529725	54.244108	45.456144	
38	34.380194	25.270625	38.006339	28.896731	28.646398	19.858434	51.993661	42.884053	55.619806	46.510237	54.205210	45.417246	
39	34.400040	25.290471	38.204177	29.094569	28.924700	20.136736	51.795823	42.686215	55.599960	46.490391	54.165602	45.377638	
40	34.420231	25.310662	38.405398	29.295790	29.207849	20.419885	51.594602	42.484994	55.579768	46.470199	54.125308	45.337344	
41	34.440757	25.331188	38.609872	29.500264	29.495676	20.707712	51.390128	42.280520	55.559243	46.449674	54.084352	45.296388	
42	34.461604	25.352035	38.817464	29.707855	29.788007	21.000043	51.182537	42.072928	55.538396	46.428827	54.042760	45.254797	
43	34.482759	25.373190	39.028035	29.918427	30.084664	21.296700	50.971965	41.862357	55.517240	46.407672	54.000558	45.212594	
44	34.504211	25.394642	39.241445	30.131836	30.385469	21.597505	50.758556	41.648947	55.495789	46.386220	53.957770	45.169806	
45	34.525945	25.416377	39.457546	30.347938	30.690240	21.902276	50.542455	41.432846	55.474054	46.364485	53.914424	45.126460	
46	34.547950	25.438381	39.676188	30.566580	30.998792	22.210829	50.323812	41.214204	55.452050	46.342481	53.870546	45.082583	
47	34.570211	25.460643	39.897215	30.787607	31.310941	22.522977	50.102785	40.993177	55.429788	46.320219	53.826164	45.038200	
48	34.592716	25.483147	40.120465	31.010856	31.626495	22.838532	49.879536	40.769928	55.407283	46.297715	53.781303	44.993339	
49	34.615451	25.505882	40.345767	31.236159	31.945266	23.157303	49.654233	40.544625	55.384549	46.274980	53.735993	44.948029	
50	34.638401	25.528832	40.572945	31.463337	32.267061	23.479097	49.427055	40.317447	55.361599	46.252030	53.690261	44.902297	
51	34.661554	25.551985	40.801810	31.692202	32.591683	23.803720	49.198190	40.088582	55.338446	46.228877	53.644136	44.856172	
52	34.684895	25.575326	41.032161	31.922552	32.918939	24.130975	48.967840	39.858232	55.315105	46.205536	53.597645	44.809681	
53	34.708410	25.598841	41.263777	32.154169	33.248628	24.460664	48.736223	39.626615	55.291590	46.182021	53.550819	44.762855	
54	34.732085	25.622516	41.496419	32.386811	33.580553	24.792589	48.503581	39.393973	55.267915	46.158346	53.503685	44.715721	
55	34.755906	25.646337	41.729817	32.620209	33.914512	25.126548	48.270184	39.160575	55.244094	46.134525	53.456274	44.668310	
56	34.779858	25.670289	41.963659	32.854051	34.250302	25.462338	48.036342	38.926733	55.220142	46.110573	53.408614	44.620650	
57	34.803927	25.694358	42.197577	33.087969	34.587721	25.799757	47.802423	38.692815	55.196073	46.086504	53.360736	44.572773	
58	34.828098	25.718530	42.431123	33.321514	34.926564	26.138600	47.568878	38.459269	55.171901	46.062332	53.312670	44.524706	
59	34.852358	25.742789	42.663723	33.554115	35.266626	26.478662	47.336277	38.226669	55.147642	46.038073	53.264446	44.476482	
60	34.876691	25.767122	42.894622	33.785014	35.607700	26.819737	47.105378	37.995770	55.123309	46.013740	53.216094	44.428130	
61	34.901082	25.791513	43.122767	34.013159	35.949581	27.161617	46.877233	37.767625	55.098918	45.989349	53.167645	44.379681	
62	34.925517	25.815948	43.346623	34.237015	36.292059	27.504095	46.653377	37.543769	55.074482	45.964913	53.119129	44.331165	
63	34.949982	25.840413	43.563828	34.454220	36.634928	27.846964	46.436172	37.326564	55.050018	45.940449	53.070577	44.282613	
64	34.974461	25.864892	43.770554	34.660945	36.977979	28.190015	46.229447	37.119838	55.025539	45.915970	53.022021	44.234057	
65	34.998939	25.889370	43.960317	34.850709	37.321004	28.533040	46.039684	36.930075	55.001061	45.891492	52.973491	44.185527	
66	35.023403	25.913834	44.121963	35.012355	37.663794	28.875830	45.878037	36.768429	54.976597	45.867028	52.925018	44.137054	
67	35.047836	25.938267	44.237490	35.127881	38.006140	29.218176	45.762511	36.652902	54.952163	45.842594	52.876635	44.088671	
68	35.072226	25.962657	44.284506	35.174898	38.347834	29.559870	45.715494	36.605886	54.927774	45.818205	52.828372	44.040408	
69	35.096556	25.986987	45.749508	36.639900	38.688668	29.900704	44.250492	35.140884	54.903444	45.793875	52.780261	43.992297	
70	35.120812	26.011243	45.854349	36.744741	39.028432	30.240469	44.145651	35.036043	54.879188	45.769619	52.732333	43.944369	
71	35.144979	26.035410	46.007521	36.897912	39.366921	30.578957	43.992480	34.882871	54.855020	45.745451	52.684621	43.896657	
72	35.169044	26.059475	46.189856	37.080247	39.703927	30.915963	43.810145	34.700537	54.830956	45.721387	52.637157	43.849193	
73	35.192991	26.083422	46.389262	37.279654	40.039243	31.251279	43.610738	34.501130	54.807008	45.697440	52.589972	43.802008	
74	35.216806	26.107237	46.598710	37.489101	40.372664	31.584700	43.401291	34.291682	54.783193	45.673624	52.543099	43.755135	
75	35.240475	26.130906	46.814071	37.704463	40.703984	31.916020	43.185929	34.076321	54.759524	45.649955	52.496569	43.708605	
76	35.263984	26.154415	47.032822	37.923214	41.033000	32.245036	42.967178	33.857570	54.736016	45.626447	52.450416	43.662452	
77	35.287317	26.177749	47.253337	38.143729	41.359508	32.571545	42.746663	33.637055	54.712682	45.603113	52.404672	43.616709	
78	35.310462	26.200893	47.474514	38.364906	41.683308	32.895344	42.525486	33.415878	54.689537	45.579968	52.359371	43.571407	
79	35.333405	26.223836	47.695567	38.585959	42.004197	33.216233	42.304433	33.194825	54.666595	45.557026	52.314544	43.526580	
80	35.356130	26.246562	47.915910	38.806302	42.321976	33.534012	42.084090	32.974482	54.643869	45.534300	52.270226	43.482262	
81	35.378626	26.269057	48.135086	39.025478	42.636446	33.848482	41.864914	32.755306	54.621374	45.511805	52.226449	43.438486	
82	35.400878	26.291309	48.352726	39.243118	42.947411	34.159447	41.647274	32.537666	54.599122	45.489553	52.183250	43.395286	
83	35.422873	26.313304	48.568522	39.458914	43.254675	34.466711	41.431479	32.321870	54.577127	45.467558	52.140661	43.352697	
84	35.444597	26.335028	48.782208	39.672599	43.558043	34.770079	41.217793	32.108185	54.555402	45.445833	52.098718	43.310754	
85	35.466038	26.356469	48.993550	39.883941	43.857321	35.069357	41.006451	31.896842	54.533961	45.424392	52.057457	43.269493	
86	35.487183	26.377614	49.202338	40.092730	44.152318	35.364354	40.797662	31.688054	54.512817	45.403248	52.016915	43.228951	
87	35.508019	26.398450	49.408382	40.298774	44.442844	35.654880	40.591618	31.482010	54.491981	45.382412	51.977127	43.189164	
88	35.528533	26.418964	49.611503	40.501895	44.728708	35.940745	40.388497	31.278889	54.471467	45.361898	51.938134	43.150170	
89	35.548713	26.439144	49.811537	40.701928	45.009723	36.221760	40.188464	31.078855	54.451287	45.341718	51.899975	43.112011	
90	35.568547	26.458978	50.008325	40.898717	45.285702	36.497738	39.991675	30.882067	54.431453	45.321884	51.862690	43.074726	
91	35.588023	26.478454	50.201721	41.092113	45.556456	36.768493	39.798280	30.688671	54.411977	45.302408	51.826323	43.038359	
92	35.607129	26.497560	50.391582	41.281974	45.821802	37.033838	39.608418	30.498810	54.392871	45.283302	51.790917	43.002954	
93	35.625854	26.516285	50.577774	41.468165	46.081553	37.293589	39.422227	30.312618	54.374146	45.264577	51.756521	42.968557	
94	35.644186	26.534617	50.760165	41.650557	46.335524	37.547560	39.239835	30.130227	54.355814	45.246245	51.723184	42.935220	
95	35.662115	26.552546	50.938632	41.829023	46.583528	37.795564	39.061369	29.951760	54.337885	45.228316	51.690958	42.902994	
96	35.679630	26.570061	51.113052	42.003444	46.825380	38.037417	38.886948	29.777340	54.320370	45.210801	51.659901	42.871937	
97	35.696719	26.587150	51.283310	42.173702	47.060892	38.272928	38.716690	29.607082	54.303280	45.193711	51.630073	42.842109	
98	35.713374	26.603805	51.449293	42.339684	47.289873	38.501909	38.550708	29.441099	54.286626	45.177057	51.601541	42.813577	
99	35.729583	26.620014	51.610892	42.501283	47.512131	38.724167	38.389109	29.279500	54.270417	45.160848	51.574375	42.786412	
100	35.745338	26.635769	51.768002	42.658393	47.727469	38.939505	38.231999	29.122390	54.254662	45.145093	51.548656	42.760692	
101	35.760628	26.651059	51.920522	42.810913	47.935688	39.147724	38.079479	28.969870	54.239372	45.129803	51.524469	42.736505	
102	35.775444	26.665875	52.068354	42.958745	48.136580	39.348617	37.931647	28.822038	54.224556	45.114987	51.501910	42.713946	
103	35.789778	26.680209	52.211403	43.101795	48.329935	39.541971	37.788597	28.678989	54.210222	45.100653	51.481083	42.693119	
104	35.803621	26.694052	52.349580	43.239971	48.515531	39.727567	37.650421	28.540812	54.196379	45.086810	51.462105	42.674141	
105	35.816964	26.707395	52.482795	43.373187	48.693141	39.905177	37.517205	28.407597	54.183035	45.073467	51.445102	42.657138	
106	35.829800	26.720231	52.610966	43.501358	48.862530	40.074566	37.389034	28.279426	54.170200	45.060631	51.430213	42.642249	
107	35.842121	26.732552	52.734012	43.624404	49.023455	40.235492	37.265989	28.156380	54.157879	45.048310	51.417588	42.629625	
108	35.853919	26.744350	52.851855	43.742247	49.175669	40.387705	37.148145	28.038537	54.146081	45.036512	51.407386	42.619422	
109	35.865187	26.755618	52.964422	43.854814	49.318922	40.530958	37.035578	27.925970	54.134812	45.025243	51.399770	42.611806	
110	35.875919	26.766350	53.071643	43.962035	49.452972	40.665008	36.928357	27.818749	54.124081	45.014512	51.394900	42.606936	
111	35.886108	26.776539	53.173451	44.063842	49.577595	40.789631	36.826550	27.716941	54.113892	45.004323	51.392922	42.604958	
112	35.895748	26.786179	53.269782	44.160173	49.692600	40.904636	36.730219	27.620610	54.104252	44.994683	51.393955	42.605991	
113	35.904833	26.795264	53.360577	44.250968	49.797849	41.009885	36.639424	27.529815	54.095167	44.985598	51.398065	42.610101	
114	35.913358	26.803789	53.445779	44.336171	49.893282	41.105318	36.554221	27.444613	54.086642	44.977073	51.405247	42.617283	
115	35.921317	26.811748	53.525336	44.415728	49.978943	41.190979	36.474664	27.365056	54.078682	44.969113	51.415395	42.627432	
116	35.928706	26.819137	53.599199	44.489590	50.054998	41.267034	36.400802	27.291193	54.071293	44.961724	51.428286	42.640322	
117	35.935521	26.825952	53.667321	44.557713	50.121752	41.333788	36.332679	27.223071	54.064479	44.954910	51.443561	42.655597	
118	35.941756	26.832188	53.729661	44.620053	50.179645	41.391681	36.270339	27.160731	54.058243	44.948674	51.460730	42.672767	
119	35.947410	26.837841	53.786180	44.676572	50.229233	41.441269	36.213820	27.104212	54.052590	44.943021	51.479193	42.691229	
120	35.952477	26.842908	53.836844	44.727236	50.271161	41.483197	36.163156	27.053548	54.047523	44.937954	51.498262	42.710298	
121	35.956955	26.847386	53.881621	44.772013	50.306119	41.518155	36.118379	27.008771	54.043044	44.933476	51.517213	42.729249	
122	35.960842	26.851273	53.920484	44.810875	50.334799	41.546835	36.079517	26.969908	54.039158	44.929589	51.535320	42.747356	
123	35.964134	26.854566	53.953408	44.843800	50.357856	41.569892	36.046592	26.936984	54.035865	44.926296	51.551899	42.763935	
124	35.966831	26.857262	53.980374	44.870765	50.375878	41.587914	36.019627	26.910018	54.033168	44.923600	51.566339	42.778375	
125	35.968930	26.859361	54.001364	44.891756	50.389365	41.601401	35.998636	26.889028	54.031069	44.921500	51.578121	42.790157	
126	35.970431	26.860862	54.016367	44.906758	50.398712	41.610748	35.983634	26.874025	54.029569	44.920000	51.586833	42.798869	
127	35.971331	26.861762	54.025372	44.915764	50.404206	41.616242	35.974628	26.865020	54.028669	44.919100	51.592180	42.804216	
128	35.971631	26.862062	54.028374	44.918766	41.616242	41.616242	35.971626	26.862018	54.028368	44.918799	50.406018	41.618054	
129	35.974634	26.865065	54.028675	44.919066	51.592180	42.804216	35.971326	26.861718	54.025366	44.915797	50.404206	41.616242	
130	35.983639	26.874070	54.029575	44.919967	51.586833	42.798869	35.970425	26.860817	54.016361	44.906792	50.398712	41.610748	
131	35.998641	26.889072	54.031075	44.921467	51.578121	42.790157	35.968925	26.859317	54.001358	44.891789	50.389365	41.601401	
132	36.019632	26.910063	54.033174	44.923566	51.566339	42.778375	35.966826	26.857218	53.980368	44.870799	50.375878	41.587914	
133	36.046598	26.937029	54.035871	44.926263	51.551899	42.763935	35.964129	26.854521	53.953402	44.843833	50.357856	41.569892	
134	36.079522	26.969953	54.039164	44.929555	51.535320	42.747356	35.960837	26.851228	53.920478	44.810909	50.334799	41.546835	
135	36.118385	27.008816	54.043050	44.933442	51.517213	42.729249	35.956950	26.847342	53.881615	44.772046	50.306119	41.518155	
136	36.163162	27.053593	54.047529	44.937920	51.498262	42.710298	35.952472	26.842863	53.836838	44.727269	50.271161	41.483197	
137	36.213825	27.104257	54.052596	44.942988	51.479193	42.691229	35.947404	26.837796	53.786174	44.676605	50.229233	41.441269	
138	36.270345	27.160776	54.058249	44.948641	51.460730	42.672767	35.941751	26.832143	53.729655	44.620086	50.179645	41.391681	
139	36.332685	27.223116	54.064485	44.954877	51.443561	42.655597	35.935516	26.825907	53.667315	44.557746	50.121752	41.333788	
140	36.400807	27.291238	54.071299	44.961691	51.428286	42.640322	35.928701	26.819093	53.599192	44.489623	50.054998	41.267034	
141	36.474670	27.365101	54.078688	44.969080	51.415395	42.627432	35.921312	26.811704	53.525330	44.415761	49.978943	41.190979	
142	36.554227	27.444658	54.086648	44.977039	51.405247	42.617283	35.913353	26.803744	53.445773	44.336204	49.893282	41.105318	
143	36.639429	27.529860	54.095172	44.985564	51.398065	42.610101	35.904828	26.795220	53.360570	44.251001	49.797849	41.009885	
144	36.730224	27.620655	54.104258	44.994649	51.393955	42.605991	35.895743	26.786135	53.269775	44.160206	49.692600	40.904636	
145	36.826556	27.716987	54.113897	45.004289	51.392922	42.604958	35.886103	26.776495	53.173444	44.063875	49.577595	40.789631	
146	36.928363	27.818794	54.124086	45.014478	51.394900	42.606936	35.875914	26.766306	53.071636	43.962067	49.452972	40.665008	
147	37.035584	27.926015	54.134818	45.025210	51.399770	42.611806	35.865182	26.755574	52.964415	43.854847	49.318922	40.530958	
148	37.148151	28.038582	54.146087	45.036478	51.407386	42.619422	35.853914	26.744305	52.851848	43.742279	49.175669	40.387705	
149	37.265995	28.156426	54.157885	45.048276	51.417588	42.629625	35.842116	26.732507	52.734005	43.624436	49.023455	40.235492	
150	37.389040	28.279472	54.170205	45.060597	51.430213	42.642249	35.829795	26.720187	52.610959	43.501390	48.862530	40.074566	
151	37.517211	28.407643	54.183041	45.073433	51.445102	42.657138	35.816959	26.707351	52.482788	43.373219	48.693141	39.905177	
152	37.650427	28.540858	54.196385	45.086776	51.462105	42.674141	35.803616	26.694007	52.349572	43.240003	48.515531	39.727567	
153	37.788604	28.679035	54.210228	45.100619	51.481083	42.693119	35.789773	26.680165	52.211396	43.101827	48.329935	39.541971	
154	37.931653	28.822084	54.224561	45.114953	51.501910	42.713946	35.775439	26.665831	52.068346	42.958777	48.136580	39.348617	
155	38.079486	28.969917	54.239378	45.129770	51.524469	42.736505	35.760622	26.651014	51.920514	42.810945	47.935688	39.147724	
156	38.232006	29.122437	54.254668	45.145060	51.548656	42.760692	35.745332	26.635724	51.767994	42.658425	47.727469	38.939505	
157	38.389116	29.279547	54.270422	45.160814	51.574375	42.786412	35.729578	26.619970	51.610884	42.501315	47.512131	38.724167	
158	38.550715	29.441146	54.286632	45.177023	51.601541	42.813577	35.713369	26.603760	51.449284	42.339716	47.289873	38.501909	
159	38.716698	29.607129	54.303286	45.193678	51.630073	42.842109	35.696714	26.587106	51.283301	42.173733	47.060892	38.272928	
160	38.886956	29.777387	54.320376	45.210768	51.659901	42.871937	35.679624	26.570016	51.113043	42.003474	46.825380	38.037417	
161	39.061377	29.951808	54.337890	45.228282	51.690958	42.902994	35.662110	26.552502	50.938623	41.829054	46.583528	37.795564	
162	39.239843	30.130275	54.355819	45.246211	51.723184	42.935220	35.644181	26.534573	50.760156	41.650587	46.335524	37.547560	
163	39.422235	30.312666	54.374152	45.264543	51.756521	42.968557	35.625849	26.516240	50.577764	41.468195	46.081553	37.293589	
164	39.608427	30.498858	54.392877	45.283268	51.790917	43.002954	35.607124	26.497515	50.391572	41.282004	45.821802	37.033838	
165	39.798289	30.688720	54.411983	45.302374	51.826323	43.038359	35.588018	26.478409	50.201711	41.092142	45.556456	36.768493	
166	39.991685	30.882116	54.431459	45.321850	51.862690	43.074726	35.568542	26.458933	50.008315	40.898746	45.285702	36.497738	
167	40.188474	31.078905	54.451293	45.341684	51.899975	43.112011	35.548708	26.439099	49.811526	40.701957	45.009723	36.221760	
168	40.388507	31.278939	54.471473	45.361864	51.938134	43.150170	35.528528	26.418919	49.611492	40.501923	44.728708	35.940745	
169	40.591629	31.482060	54.491987	45.382378	51.977127	43.189164	35.508014	26.398405	49.408370	40.298801	44.442844	35.654880	
170	40.797674	31.688105	54.512822	45.403214	52.016915	43.228951	35.487178	26.377570	49.202326	40.092757	44.152318	35.364354	
171	41.006463	31.896894	54.533967	45.424359	52.057457	43.269493	35.466033	26.356425	48.993537	39.883968	43.857321	35.069357	
172	41.217806	32.108237	54.555408	45.445800	52.098718	43.310754	35.444592	26.334984	48.782194	39.672625	43.558043	34.770079	
173	41.431492	32.321923	54.577132	45.467524	52.140661	43.352697	35.422868	26.313260	48.568507	39.458938	43.254675	34.466711	
174	41.647289	32.537720	54.599127	45.489519	52.183250	43.395286	35.400873	26.291265	48.352711	39.243142	42.947411	34.159447	
175	41.864930	32.755361	54.621379	45.511771	52.226449	43.438486	35.378621	26.269013	48.135070	39.025501	42.636446	33.848482	
176	42.084107	32.974538	54.643875	45.534266	52.270226	43.482262	35.356126	26.246517	47.915892	38.806324	42.321976	33.534012	
177	42.304452	33.194883	54.666601	45.556992	52.314544	43.526580	35.333400	26.223792	47.695548	38.585979	42.004197	33.216233	
178	42.525506	33.415937	54.689543	45.579935	52.359371	43.571407	35.310458	26.200849	47.474493	38.364924	41.683308	32.895344	
179	42.746685	33.637116	54.712688	45.603079	52.404672	43.616709	35.287313	26.177704	47.253314	38.143745	41.359508	32.571545	
180	42.967203	33.857634	54.736021	45.626413	52.450416	43.662452	35.263979	26.154371	47.032797	37.923228	41.033000	32.245036	
181	43.185957	34.076388	54.759530	45.649922	52.496569	43.708605	35.240471	26.130862	46.814043	37.704474	40.703984	31.916020	
182	43.401322	34.291753	54.783199	45.673590	52.543099	43.755135	35.216802	26.107193	46.598678	37.489109	40.372664	31.584700	
183	43.610774	34.501205	54.807014	45.697406	52.589972	43.802008	35.192986	26.083378	46.389226	37.279657	40.039243	31.251279	
184	43.810187	34.700618	54.830961	45.721353	52.637157	43.849193	35.169039	26.059431	46.189813	37.080244	39.703927	30.915963	
185	43.992529	34.882960	54.855026	45.745417	52.684621	43.896657	35.144975	26.035366	46.007470	36.897901	39.366921	30.578957	
186	44.145710	35.036141	54.879193	45.769585	52.732333	43.944369	35.120807	26.011199	45.854290	36.744721	39.028432	30.240469	
187	44.250559	35.140990	54.903450	45.793841	52.780261	43.992297	35.096551	25.986942	45.749441	36.639872	38.688668	29.900704	
188	45.715423	36.605854	54.927780	45.818171	52.828372	44.040408	35.072221	25.962612	44.284576	35.175007	38.347834	29.559870	
189	45.762444	36.652875	54.952169	45.842560	52.876635	44.088671	35.047832	25.938223	44.237556	35.127987	38.006140	29.218176	
190	45.877979	36.768410	54.976602	45.866994	52.925018	44.137054	35.023398	25.913790	44.122020	35.012451	37.663794	28.875830	
191	46.039635	36.930066	55.001066	45.891458	52.973491	44.185527	34.998934	25.889326	43.960365	34.850796	37.321004	28.533040	
192	46.229405	37.119836	55.025545	45.915936	53.022021	44.234057	34.974456	25.864848	43.770594	34.661025	36.977979	28.190015	
193	46.436137	37.326568	55.050023	45.940415	53.070577	44.282613	34.949977	25.840369	43.563863	34.454294	36.634928	27.846964	
194	46.653346	37.543777	55.074488	45.964879	53.119129	44.331165	34.925513	25.815904	43.346653	34.237084	36.292059	27.504095	
195	46.877206	37.767637	55.098923	45.989315	53.167645	44.379681	34.901077	25.791469	43.122794	34.013225	35.949581	27.161617	
196	47.105354	37.995785	55.123314	46.013706	53.216094	44.428130	34.876686	25.767078	42.894646	33.785077	35.607700	26.819737	
197	47.336255	38.226686	55.147647	46.038039	53.264446	44.476482	34.852353	25.742745	42.663745	33.554176	35.266626	26.478662	
198	47.568858	38.459289	55.171907	46.062298	53.312670	44.524706	34.828094	25.718486	42.431142	33.321573	34.926564	26.138600	
199	47.802405	38.692836	55.196078	46.086470	53.360736	44.572773	34.803922	25.694314	42.197595	33.088026	34.587721	25.799757	
200	48.036324	38.926756	55.220147	46.110539	53.408614	44.620650	34.779853	25.670245	41.963675	32.854106	34.250302	25.462338	
201	48.270168	39.160599	55.244099	46.134491	53.456274	44.668310	34.755901	25.646293	41.729832	32.620263	33.914512	25.126548	
202	48.503566	39.393997	55.267920	46.158312	53.503685	44.715721	34.732080	25.622472	41.496433	32.386864	33.580553	24.792589	
203	48.736209	39.626641	55.291595	46.181987	53.550819	44.762855	34.708405	25.598797	41.263790	32.154221	33.248628	24.460664	
204	48.967827	39.858258	55.315110	46.205502	53.597645	44.809681	34.684890	25.575282	41.032173	31.922604	32.918939	24.130975	
205	49.198178	40.088609	55.338451	46.228843	53.644136	44.856172	34.661549	25.551941	40.801822	31.692253	32.591683	23.803720	
206	49.427043	40.317474	55.361604	46.251996	53.690261	44.902297	34.638397	25.528788	40.572957	31.463388	32.267061	23.479097	
207	49.654222	40.544653	55.384554	46.274946	53.735993	44.948029	34.615446	25.505838	40.345778	31.236209	31.945266	23.157303	
208	49.879525	40.769956	55.407289	46.297680	53.781303	44.993339	34.592712	25.483103	40.120475	31.010906	31.626495	22.838532	
209	50.102775	40.993206	55.429793	46.320185	53.826164	45.038200	34.570207	25.460599	39.897224	30.787656	31.310941	22.522977	
210	50.323803	41.214234	55.452055	46.342446	53.870546	45.082583	34.547946	25.438337	39.676197	30.566628	30.998792	22.210829	
211	50.542445	41.432876	55.474059	46.364451	53.914424	45.126460	34.525941	25.416333	39.457555	30.347986	30.690240	21.902276	
212	50.758547	41.648978	55.495794	46.386186	53.957770	45.169806	34.504206	25.394598	39.241453	30.131884	30.385469	21.597505	
213	50.971956	41.862387	55.517246	46.407637	54.000558	45.212594	34.482755	25.373146	39.028043	29.918474	30.084664	21.296700	
214	51.182528	42.072959	55.538401	46.428793	54.042760	45.254797	34.461599	25.351991	38.817472	29.707903	29.788007	21.000043	
215	51.390120	42.280551	55.559248	46.449640	54.084352	45.296388	34.440752	25.331144	38.609880	29.500311	29.495676	20.707712	
216	51.594594	42.485025	55.579773	46.470165	54.125308	45.337344	34.420227	25.310619	38.405406	29.295837	29.207849	20.419885	
217	51.795815	42.686246	55.599965	46.490357	54.165602	45.377638	34.400035	25.290427	38.204184	29.094615	28.924700	20.136736	
218	51.993653	42.884084	55.619811	46.510203	54.205210	45.417246	34.380189	25.270581	38.006346	28.896777	28.646398	19.858434	
219	52.187980	43.078411	55.639299	46.529691	54.244108	45.456144	34.360701	25.251093	37.812020	28.702451	28.373113	19.585149	
220	52.378671	43.269102	55.658417	46.548809	54.282271	45.494308	34.341583	25.231975	37.621329	28.511760	28.105009	19.317045	
221	52.565604	43.456035	55.677155	46.567546	54.319678	45.531714	34.322846	25.213237	37.434395	28.324826	27.842248	19.054284	
222	52.748662	43.639093	55.695500	46.585891	54.356303	45.568339	34.304501	25.194892	37.251338	28.141769	27.584989	18.797025	
223	52.927727	43.818158	55.713441	46.603833	54.392126	45.604162	34.286559	25.176951	37.072272	27.962703	27.333387	18.545423	
224	53.102689	43.993120	55.730968	46.621360	54.427125	45.639161	34.269032	25.159424	36.897311	27.787742	27.087594	18.299630	
225	53.273437	44.163868	55.748070	46.638462	54.461277	45.673313	34.251930	25.142322	36.726563	27.616994	26.847758	18.059794	
226	53.439865	44.330296	55.764738	46.655129	54.494563	45.706599	34.235263	25.125655	36.560135	27.450566	26.614024	17.826060	
227	53.601868	44.492299	55.780959	46.671351	54.526961	45.738997	34.219041	25.109433	36.398132	27.288563	26.386533	17.598569	
228	53.759347	44.649778	55.796726	46.687118	54.558452	45.770489	34.203274	25.093666	36.240653	27.131084	26.165422	17.377458	
229	53.912204	44.802635	55.812029	46.702420	54.589018	45.801054	34.187972	25.078363	36.087796	26.978227	25.950825	17.162861	
230	54.060343	44.950774	55.826857	46.717249	54.618639	45.830675	34.173143	25.063535	35.939656	26.830088	25.742871	16.954907	
231	54.203674	45.094106	55.841203	46.731595	54.647297	45.859333	34.158797	25.049189	35.796325	26.686756	25.541686	16.753722	
232	54.342109	45.232540	55.855058	46.745449	54.674974	45.887010	34.144943	25.035334	35.657891	26.548322	25.347390	16.559426	
233	54.475561	45.365992	55.868413	46.758804	54.701655	45.913691	34.131588	25.021979	35.524438	26.414869	25.160102	16.372138	
234	54.603949	45.494380	55.881260	46.771651	54.727322	45.939358	34.118741	25.009132	35.396050	26.286481	24.979934	16.191970	
235	54.727194	45.617625	55.893591	46.783983	54.751961	45.963997	34.106409	24.996801	35.272805	26.163236	24.806995	16.019031	
236	54.845221	45.735652	55.905400	46.795792	54.775555	45.987591	34.094600	24.984992	35.154779	26.045210	24.641390	15.853426	
237	54.957956	45.848387	55.916679	46.807071	54.798091	46.010128	34.083321	24.973713	35.042044	25.932475	24.483217	15.695253	
238	55.065331	45.955762	55.927421	46.817812	54.819556	46.031592	34.072580	24.962971	34.934669	25.825100	24.332573	15.544609	
239	55.167280	46.057711	55.937619	46.828011	54.839935	46.051971	34.062381	24.952773	34.832720	25.723151	24.189548	15.401584	
240	55.263740	46.154171	55.947268	46.837660	54.859217	46.071253	34.052732	24.943124	34.736259	25.626690	24.054229	15.266265	
241	55.354653	46.245084	55.956362	46.846754	54.877389	46.089425	34.043638	24.934030	34.645346	25.535777	23.926697	15.138733	
242	55.439963	46.330395	55.964895	46.855287	54.894441	46.106478	34.035105	24.925497	34.560036	25.450467	23.807030	15.019066	
243	55.519619	46.410050	55.972862	46.863254	54.910363	46.122399	34.027138	24.917530	34.480381	25.370812	23.695299	14.907335	
244	55.593570	46.484001	55.980259	46.870651	54.925145	46.137181	34.019742	24.910133	34.406430	25.296861	23.591571	14.803607	
245	55.661772	46.552203	55.987080	46.877472	54.938777	46.150813	34.012920	24.903312	34.338227	25.228659	23.495910	14.707946	
246	55.724184	46.614615	55.993322	46.883714	54.951252	46.163288	34.006678	24.897070	34.275816	25.166247	23.408373	14.620409	
247	55.780767	46.671198	55.998981	46.889373	54.962561	46.174598	34.001020	24.891411	34.219232	25.109664	23.329013	14.541049	
248	55.831487	46.721918	56.004053	46.894445	54.972699	46.184735	33.995947	24.886339	34.168512	25.058943	23.257878	14.469914	
249	55.876313	46.766744	56.008536	46.898928	54.981659	46.193695	33.991464	24.881856	34.123686	25.014117	23.195010	14.407046	
250	55.915218	46.805649	56.012427	46.902818	54.989435	46.201471	33.987574	24.877965	34.084782	24.975213	23.140447	14.352483	
251	55.948177	46.838608	56.015723	46.906114	54.996022	46.208058	33.984278	24.874669	34.051822	24.942253	23.094223	14.306259	
252	55.975172	46.865603	56.018422	46.908814	55.001418	46.213454	33.981578	24.871970	34.024828	24.915259	23.056366	14.268402	
253	55.996184	46.886615	56.020524	46.910915	55.005618	46.217654	33.979477	24.869868	34.003815	24.894246	23.026897	14.238933	
254	56.011202	46.901634	56.022025	46.912417	55.008619	46.220655	33.977975	24.868367	33.988797	24.879228	23.005835	14.217871	
255	56.020217	46.910648	56.022927	46.913319	55.010421	46.222457	33.977073	24.867465	33.979783	24.870214	22.993193	14.205229	
256	56.023222	46.913619	56.023227	46.913654	55.011022	46.223058	33.976773	24.867165	33.976777	24.867208	22.988978	14.201014	
257	56.017992	46.908403	56.021846	46.912258	55.009820	46.221856	33.978154	24.868565	33.982008	24.872420	22.997408	14.209444	
258	56.002298	46.892710	56.017707	46.908119	55.006208	46.218244	33.982293	24.872704	33.997702	24.888113	23.022684	14.234720	
259	55.976165	46.866577	56.010801	46.901212	55.000169	46.212206	33.989199	24.879611	34.023835	24.914246	23.064772	14.276808	
260	55.939626	46.830037	56.001113	46.891524	54.991675	46.203711	33.998887	24.889299	34.060374	24.950786	23.123614	14.335650	
261	55.892725	46.783137	55.988625	46.879037	54.980684	46.192720	34.011375	24.901786	34.107275	24.997686	23.199129	14.411165	
262	55.835525	46.725936	55.973316	46.863727	54.967145	46.179181	34.026684	24.917096	34.164475	25.054887	23.291213	14.503249	
263	55.768096	46.658507	55.955155	46.845566	54.950996	46.163032	34.044845	24.935257	34.231904	25.122316	23.399739	14.611775	
264	55.690524	46.580936	55.934110	46.824521	54.932163	46.144199	34.065890	24.956302	34.309476	25.199887	23.524559	14.736596	
265	55.602908	46.493320	55.910143	46.800554	54.910562	46.122598	34.089857	24.980269	34.397092	25.287503	23.665502	14.877538	
266	55.505359	46.395770	55.883211	46.773622	54.886098	46.098134	34.116789	25.007201	34.494641	25.385053	23.822374	15.034410	
267	55.397998	46.288410	55.853267	46.743678	54.858667	46.070703	34.146733	25.037145	34.602002	25.492413	23.994961	15.206998	
268	55.280963	46.171374	55.820260	46.710671	54.828154	46.040190	34.179740	25.070151	34.719037	25.609449	24.183029	15.395065	
269	55.154399	46.044810	55.784135	46.674546	54.794435	46.006472	34.215865	25.106277	34.845601	25.736013	24.386319	15.598356	
270	55.018465	45.908876	55.744832	46.635243	54.757379	45.969415	34.255168	25.145580	34.981535	25.871946	24.604558	15.816594	
271	54.873332	45.763743	55.702288	46.592699	54.716844	45.928880	34.297712	25.188123	35.126668	26.017080	24.837449	16.049485	
272	54.719180	45.609591	55.656438	46.546849	54.672681	45.884717	34.343562	25.233973	35.280820	26.171232	25.084678	16.296714	
273	54.556201	45.446612	55.607212	46.497624	54.624734	45.836771	34.392788	25.283199	35.443799	26.334211	25.345912	16.557948	
274	54.384597	45.275008	55.554539	46.444950	54.572840	45.784876	34.445461	25.335873	35.615403	26.505814	25.620800	16.832836	
275	54.204581	45.094992	55.498343	46.388754	54.516829	45.728865	34.501657	25.392069	35.795419	26.685831	25.908975	17.121011	
276	54.016373	44.906784	55.438548	46.328959	54.456526	45.668562	34.561452	25.451863	35.983627	26.874039	26.210053	17.422089	
277	53.820205	44.710616	55.375076	46.265488	54.391750	45.603786	34.624924	25.515335	36.179795	27.070206	26.523634	17.735670	
278	53.616317	44.506728	55.307847	46.198258	54.322316	45.534352	34.692153	25.582564	36.383683	27.274095	26.849304	18.061340	
279	53.404956	44.295367	55.236779	46.127191	54.248036	45.460072	34.763221	25.653632	36.595044	27.485456	27.186634	18.398670	
280	53.186379	44.076790	55.161792	46.052203	54.168717	45.380753	34.838208	25.728620	36.813621	27.704033	27.535182	18.747218	
281	52.960849	43.851260	55.082801	45.973213	54.084166	45.296202	34.917199	25.807610	37.039151	27.929563	27.894495	19.106531	
282	52.728637	43.619048	54.999726	45.890137	53.994186	45.206222	35.000274	25.890685	37.271363	28.161775	28.264106	19.476142	
283	52.490020	43.380432	54.912484	45.802895	53.898580	45.110616	35.087516	25.977928	37.509980	28.400391	28.643539	19.855575	
284	52.245283	43.135694	54.820994	45.711405	53.797151	45.009187	35.179006	26.069417	37.754717	28.645128	29.032307	20.244343	
285	51.994714	42.885125	54.725176	45.615588	53.689702	44.901738	35.274824	26.165235	38.005286	28.895698	29.429915	20.641951	
286	51.738608	42.629019	54.624953	45.515364	53.576037	44.788074	35.375047	26.265459	38.261392	29.151804	29.835860	21.047896	
287	51.477263	42.367675	54.520247	45.410658	53.455964	44.668000	35.479753	26.370165	38.522737	29.413148	30.249630	21.461666	
288	51.210985	42.101396	54.410985	45.301396	53.329290	44.541326	35.589015	26.479426	38.789015	29.679426	30.670710	21.882746	
289	50.940080	41.830492	54.297097	45.187508	53.195830	44.407866	35.702903	26.593314	39.059920	29.950331	31.098576	22.310612	
290	50.664860	41.555272	54.178515	45.068927	53.055400	44.267436	35.821485	26.711896	39.335140	30.225551	31.532703	22.744739	
291	50.385639	41.276051	54.055177	44.945588	52.907823	44.119859	35.944823	26.835234	39.614361	30.504772	31.972560	23.184596	
292	50.102734	40.993146	53.927023	44.817435	52.752928	43.964964	36.072977	26.963388	39.897266	30.787677	32.417614	23.629650	
293	49.816464	40.706875	53.794001	44.684412	52.590551	43.802587	36.205999	27.096411	40.183536	31.073947	32.867331	24.079367	
294	49.527150	40.417562	53.656061	44.546473	52.420533	43.632570	36.343939	27.234350	40.472850	31.363261	33.321175	24.533211	
295	49.235116	40.125527	53.513163	44.403574	52.242729	43.454765	36.486837	27.377248	40.764884	31.655296	33.778611	24.990647	
296	48.940685	39.831096	53.365272	44.255683	52.056997	43.269033	36.634728	27.525140	41.059315	31.949727	34.239103	25.451139	
297	48.644184	39.534595	53.212360	44.102771	51.863211	43.075247	36.787640	27.678052	41.355816	32.246228	34.702120	25.914156	
298	48.345939	39.236351	53.054409	43.944820	51.661252	42.873288	36.945591	27.836002	41.654061	32.544472	35.167128	26.379164	
299	48.046281	38.936693	52.891410	43.781821	51.451016	42.663052	37.108590	27.999001	41.953719	32.844130	35.633600	26.845636	
300	47.745540	38.635951	52.723365	43.613776	51.232411	42.444447	37.276635	28.167047	42.254460	33.144872	36.101010	27.313046	
301	47.444048	38.334460	52.550286	43.440697	51.005360	42.217396	37.449714	28.340125	42.555952	33.446363	36.568836	27.780872	
302	47.142144	38.032555	52.372202	43.262614	50.769800	41.981836	37.627798	28.518209	42.857856	33.748268	37.036560	28.248596	
303	46.840168	37.730579	52.189156	43.079568	50.525688	41.737724	37.810844	28.701255	43.159832	34.050244	37.503666	28.715702	
304	46.538468	37.428880	52.001210	42.891622	50.272999	41.485035	37.998790	28.889201	43.461532	34.351943	37.969642	29.181678	
305	46.237406	37.127817	51.808449	42.698861	50.011728	41.223764	38.191551	29.081962	43.762594	34.653006	38.433979	29.646015	
306	45.937353	36.827764	51.610986	42.501398	49.741897	40.953934	38.389014	29.279425	44.062647	34.953059	38.896165	30.108201	
307	45.638706	36.529117	51.408970	42.299381	49.463557	40.675593	38.591030	29.481442	44.361294	35.251706	39.355688	30.567725	
308	45.341892	36.232303	51.202595	42.093006	49.176791	40.388827	38.797405	29.687817	44.658108	35.548519	39.812026	31.024063	
309	45.047387	35.937798	50.992119	41.882530	48.881730	40.093766	39.007881	29.898293	44.952613	35.843024	40.264642	31.476678	
310	44.755739	35.646150	50.777887	41.668298	48.578561	39.790597	39.222113	30.112525	45.244261	36.134673	40.712967	31.925003	
311	44.467605	35.358017	50.560371	41.450782	48.267553	39.479589	39.439629	30.330040	45.532395	36.422806	41.156383	32.368419	
312	44.183822	35.074233	50.340237	41.230648	47.949096	39.161132	39.659763	30.550175	45.816178	36.706589	41.594181	32.806217	
313	43.905512	34.795923	50.118453	41.008864	47.623770	38.835807	39.881547	30.771959	46.094488	36.984900	42.025494	33.237530	
314	43.634284	34.524696	49.896493	40.786905	47.292484	38.504520	40.103507	30.993918	46.365716	37.256127	42.449158	33.661194	
315	43.372613	34.263024	49.676713	40.567124	46.956753	38.168789	40.323287	31.213698	46.627387	37.517798	42.863434	34.075470	
316	43.124567	34.014978	49.463080	40.353491	46.619347	37.831383	40.536920	31.427332	46.875433	37.765845	43.265365	34.477401	
317	42.897276	33.787687	49.262640	40.153052	46.285946	37.497982	40.737360	31.627771	47.102724	37.993136	43.649113	34.861149	
318	42.703702	33.594114	49.088293	39.978705	45.970019	37.182055	40.911707	31.802118	47.296298	38.186709	44.001090	35.213126	
319	42.566364	33.456775	48.962509	39.852921	45.708423	36.920460	41.037491	31.927902	47.433636	38.324048	44.284349	35.496385	
320	41.084816	31.975227	48.915184	39.805595	44.406018	36.806019	42.515184	33.405595	47.484816	38.375227	45.593982	35.618054	
321	41.037491	31.927902	47.433636	38.324048	44.284349	35.496385	42.566364	33.456775	48.962509	39.852921	45.708423	36.920460	
322	40.911707	31.802118	47.296298	38.186709	44.001090	35.213126	42.703702	33.594114	49.088293	39.978705	45.970019	37.182055	
323	40.737360	31.627771	47.102724	37.993136	43.649113	34.861149	42.897276	33.787687	49.262640	40.153052	46.285946	37.497982	
324	40.536920	31.427332	46.875433	37.765845	43.265365	34.477401	43.124567	34.014978	49.463080	40.353491	46.619347	37.831383	
325	40.323287	31.213698	46.627387	37.517798	42.863434	34.075470	43.372613	34.263024	49.676713	40.567124	46.956753	38.168789	
326	40.103507	30.993918	46.365716	37.256127	42.449158	33.661194	43.634284	34.524696	49.896493	40.786905	47.292484	38.504520	
327	39.881547	30.771959	46.094488	36.984900	42.025494	33.237530	43.905512	34.795923	50.118453	41.008864	47.623770	38.835807	
328	39.659763	30.550175	45.816178	36.706589	41.594181	32.806217	44.183822	35.074233	50.340237	41.230648	47.949096	39.161132	
329	39.439629	30.330040	45.532395	36.422806	41.156383	32.368419	44.467605	35.358017	50.560371	41.450782	48.267553	39.479589	
330	39.222113	30.112525	45.244261	36.134673	40.712967	31.925003	44.755739	35.646150	50.777887	41.668298	48.578561	39.790597	
331	39.007881	29.898293	44.952613	35.843024	40.264642	31.476678	45.047387	35.937798	50.992119	41.882530	48.881730	40.093766	
332	38.797405	29.687817	44.658108	35.548519	39.812026	31.024063	45.341892	36.232303	51.202595	42.093006	49.176791	40.388827	
333	38.591030	29.481442	44.361294	35.251706	39.355688	30.567725	45.638706	36.529117	51.408970	42.299381	49.463557	40.675593	
334	38.389014	29.279425	44.062647	34.953059	38.896165	30.108201	45.937353	36.827764	51.610986	42.501398	49.741897	40.953934	
335	38.191551	29.081962	43.762594	34.653006	38.433979	29.646015	46.237406	37.127817	51.808449	42.698861	50.011728	41.223764	
336	37.998790	28.889201	43.461532	34.351943	37.969642	29.181678	46.538468	37.428880	52.001210	42.891622	50.272999	41.485035	
337	37.810844	28.701255	43.159832	34.050244	37.503666	28.715702	46.840168	37.730579	52.189156	43.079568	50.525688	41.737724	
338	37.627798	28.518209	42.857856	33.748268	37.036560	28.248596	47.142144	38.032555	52.372202	43.262614	50.769800	41.981836	
339	37.449714	28.340125	42.555952	33.446363	36.568836	27.780872	47.444048	38.334460	52.550286	43.440697	51.005360	42.217396	
340	37.276635	28.167047	42.254460	33.144872	36.101010	27.313046	47.745540	38.635951	52.723365	43.613776	51.232411	42.444447	
341	37.108590	27.999001	41.953719	32.844130	35.633600	26.845636	48.046281	38.936693	52.891410	43.781821	51.451016	42.663052	
342	36.945591	27.836002	41.654061	32.544472	35.167128	26.379164	48.345939	39.236351	53.054409	43.944820	51.661252	42.873288	
343	36.787640	27.678052	41.355816	32.246228	34.702120	25.914156	48.644184	39.534595	53.212360	44.102771	51.863211	43.075247	
344	36.634728	27.525140	41.059315	31.949727	34.239103	25.451139	48.940685	39.831096	53.365272	44.255683	52.056997	43.269033	
345	36.486837	27.377248	40.764884	31.655296	33.778611	24.990647	49.235116	40.125527	53.513163	44.403574	52.242729	43.454765	
346	36.343939	27.234350	40.472850	31.363261	33.321175	24.533211	49.527150	40.417562	53.656061	44.546473	52.420533	43.632570	
347	36.205999	27.096411	40.183536	31.073947	32.867331	24.079367	49.816464	40.706875	53.794001	44.684412	52.590551	43.802587	
348	36.072977	26.963388	39.897266	30.787677	32.417614	23.629650	50.102734	40.993146	53.927023	44.817435	52.752928	43.964964	
349	35.944823	26.835234	39.614361	30.504772	31.972560	23.184596	50.385639	41.276051	54.055177	44.945588	52.907823	44.119859	
350	35.821485	26.711896	39.335140	30.225551	31.532703	22.744739	50.664860	41.555272	54.178515	45.068927	53.055400	44.267436	
351	35.702903	26.593314	39.059920	29.950331	31.098576	22.310612	50.940080	41.830492	54.297097	45.187508	53.195830	44.407866	
352	35.589015	26.479426	38.789015	29.679426	30.670710	21.882746	51.210985	42.101396	54.410985	45.301396	53.329290	44.541326	
353	35.479753	26.370165	38.522737	29.413148	30.249630	21.461666	51.477263	42.367675	54.520247	45.410658	53.455964	44.668000	
354	35.375047	26.265459	38.261392	29.151804	29.835860	21.047896	51.738608	42.629019	54.624953	45.515364	53.576037	44.788074	
355	35.274824	26.165235	38.005286	28.895698	29.429915	20.641951	51.994714	42.885125	54.725176	45.615588	53.689702	44.901738	
356	35.179006	26.069417	37.754717	28.645128	29.032307	20.244343	52.245283	43.135694	54.820994	45.711405	53.797151	45.009187	
357	35.087516	25.977928	37.509980	28.400391	28.643539	19.855575	52.490020	43.380432	54.912484	45.802895	53.898580	45.110616	
358	35.000274	25.890685	37.271363	28.161775	28.264106	19.476142	52.728637	43.619048	54.999726	45.890137	53.994186	45.206222	
359	34.917199	25.807610	37.039151	27.929563	27.894495	19.106531	52.960849	43.851260	55.082801	45.973213	54.084166	45.296202	
360	34.838208	25.728620	36.813621	27.704033	27.535182	18.747218	53.186379	44.076790	55.161792	46.052203	54.168717	45.380753	
361	34.763221	25.653632	36.595044	27.485456	27.186634	18.398670	53.404956	44.295367	55.236779	46.127191	54.248036	45.460072	
362	34.692153	25.582564	36.383683	27.274095	26.849304	18.061340	53.616317	44.506728	55.307847	46.198258	54.322316	45.534352	
363	34.624924	25.515335	36.179795	27.070206	26.523634	17.735670	53.820205	44.710616	55.375076	46.265488	54.391750	45.603786	
364	34.561452	25.451863	35.983627	26.874039	26.210053	17.422089	54.016373	44.906784	55.438548	46.328959	54.456526	45.668562	
365	34.501657	25.392069	35.795419	26.685831	25.908975	17.121011	54.204581	45.094992	55.498343	46.388754	54.516829	45.728865	
366	34.445461	25.335873	35.615403	26.505814	25.620800	16.832836	54.384597	45.275008	55.554539	46.444950	54.572840	45.784876	
367	34.392788	25.283199	35.443799	26.334211	25.345912	16.557948	54.556201	45.446612	55.607212	46.497624	54.624734	45.836771	
368	34.343562	25.233973	35.280820	26.171232	25.084678	16.296714	54.719180	45.609591	55.656438	46.546849	54.672681	45.884717	
369	34.297712	25.188123	35.126668	26.017080	24.837449	16.049485	54.873332	45.763743	55.702288	46.592699	54.716844	45.928880	
370	34.255168	25.145580	34.981535	25.871946	24.604558	15.816594	55.018465	45.908876	55.744832	46.635243	54.757379	45.969415	
371	34.215865	25.106277	34.845601	25.736013	24.386319	15.598356	55.154399	46.044810	55.784135	46.674546	54.794435	46.006472	
372	34.179740	25.070151	34.719037	25.609449	24.183029	15.395065	55.280963	46.171374	55.820260	46.710671	54.828154	46.040190	
373	34.146733	25.037145	34.602002	25.492413	23.994961	15.206998	55.397998	46.288410	55.853267	46.743678	54.858667	46.070703	
374	34.116789	25.007201	34.494641	25.385053	23.822374	15.034410	55.505359	46.395770	55.883211	46.773622	54.886098	46.098134	
375	34.089857	24.980269	34.397092	25.287503	23.665502	14.877538	55.602908	46.493320	55.910143	46.800554	54.910562	46.122598	
376	34.065890	24.956302	34.309476	25.199887	23.524559	14.736596	55.690524	46.580936	55.934110	46.824521	54.932163	46.144199	
377	34.044845	24.935257	34.231904	25.122316	23.399739	14.611775	55.768096	46.658507	55.955155	46.845566	54.950996	46.163032	
378	34.026684	24.917096	34.164475	25.054887	23.291213	14.503249	55.835525	46.725936	55.973316	46.863727	54.967145	46.179181	
379	34.011375	24.901786	34.107275	24.997686	23.199129	14.411165	55.892725	46.783137	55.988625	46.879037	54.980684	46.192720	
380	33.998887	24.889299	34.060374	24.950786	23.123614	14.335650	55.939626	46.830037	56.001113	46.891524	54.991675	46.203711	
381	33.989199	24.879611	34.023835	24.914246	23.064772	14.276808	55.976165	46.866577	56.010801	46.901212	55.000169	46.212206	
382	33.982293	24.872704	33.997702	24.888113	23.022684	14.234720	56.002298	46.892710	56.017707	46.908119	55.006208	46.218244	
383	33.978154	24.868565	33.982008	24.872420	22.997408	14.209444	56.017992	46.908403	56.021846	46.912258	55.009820	46.221856	
384	33.976773	24.867165	33.976777	24.867208	22.988978	14.201014	56.023222	46.913619	56.023227	46.913654	55.011022	46.223058	
