# n = 2.4 U  = 14.0 J = 3.500 k = 128.0
#    itr              mu            ntot            mtot            etot
       1       25.884148        2.400269        0.182983       46.937731
       2       25.924384        2.400269        0.056519       47.390836
       3       25.921595        2.400269        0.017212       47.411146
       4       25.901895        2.400024        0.006104       47.410164
       5       25.891995        2.400024        0.001465       47.405167
       6       25.895895        2.400024       -0.000000       47.404710
       7       25.890795        2.400024        0.000000       47.404710
       8       25.890795        2.400024        0.000000       47.404710
