#p	a1_up	a1_dn	b1_up	b1_dn	c1_up	c1_dn	a2_up	a2_dn	b2_up	b2_dn	c2_up	c2_dn	NaN
0	31.499203	30.008434	31.499203	30.008436	20.499920	19.222119	53.500797	52.010027	53.500797	52.010029	52.500080	51.222278	
1	31.499504	30.008735	31.502215	30.011447	20.504137	19.226335	53.497785	52.007018	53.500496	52.009726	52.499477	51.221676	
2	31.500408	30.009638	31.511248	30.020480	20.516784	19.238982	53.488752	51.997985	53.499593	52.008823	52.497671	51.219869	
3	31.501913	30.011143	31.526296	30.035529	20.537854	19.260052	53.473703	51.982936	53.498088	52.007318	52.494661	51.216859	
4	31.504018	30.013249	31.547352	30.056585	20.567334	19.289533	53.452648	51.961880	53.495982	52.005213	52.490449	51.212648	
5	31.506723	30.015954	31.574402	30.083635	20.605207	19.327405	53.425598	51.934830	53.493277	52.002508	52.485039	51.207237	
6	31.510026	30.019256	31.607430	30.116663	20.651449	19.373647	53.392570	51.901802	53.489974	51.999205	52.478433	51.200632	
7	31.513924	30.023155	31.646416	30.155648	20.706033	19.428231	53.353584	51.862817	53.486076	51.995306	52.470635	51.192834	
8	31.518417	30.027647	31.691336	30.200569	20.768926	19.491124	53.308664	51.817896	53.481584	51.990814	52.461651	51.183849	
9	31.523499	30.032730	31.742164	30.251396	20.840090	19.562288	53.257836	51.767069	53.476501	51.985731	52.451485	51.173683	
10	31.529170	30.038400	31.798868	30.308101	20.919482	19.641680	53.201132	51.710364	53.470830	51.980061	52.440143	51.162342	
11	31.535424	30.044655	31.861415	30.370648	21.007054	19.729253	53.138585	51.647817	53.464576	51.973806	52.427633	51.149832	
12	31.542260	30.051490	31.929767	30.439000	21.102754	19.824952	53.070233	51.579465	53.457740	51.966971	52.413962	51.136160	
13	31.549671	30.058902	32.003883	30.513116	21.206524	19.928722	52.996117	51.505350	53.450329	51.959559	52.399138	51.121336	
14	31.557655	30.066885	32.083718	30.592950	21.318301	20.040500	52.916282	51.425515	53.442345	51.951576	52.383170	51.105369	
15	31.566205	30.075436	32.169223	30.678456	21.438018	20.160217	52.830776	51.340009	53.433795	51.943025	52.366068	51.088266	
16	31.575318	30.084549	32.260348	30.769581	21.565604	20.287802	52.739651	51.248884	53.424682	51.933913	52.347842	51.070040	
17	31.584987	30.094218	32.357038	30.866271	21.700980	20.423179	52.642962	51.152194	53.415013	51.924244	52.328503	51.050701	
18	31.595207	30.104437	32.459234	30.968467	21.844066	20.566265	52.540766	51.049999	53.404793	51.914024	52.308062	51.030261	
19	31.605971	30.115202	32.566874	31.076107	21.994776	20.716974	52.433125	50.942358	53.394029	51.903260	52.286533	51.008731	
20	31.617273	30.126504	32.679895	31.189127	22.153018	20.875216	52.320105	50.829338	53.382727	51.891957	52.263927	50.986126	
21	31.629107	30.138337	32.798226	31.307459	22.318697	21.040895	52.201773	50.711006	53.370894	51.880124	52.240259	50.962458	
22	31.641464	30.150695	32.921799	31.431031	22.491714	21.213912	52.078201	50.587434	53.358536	51.867767	52.215543	50.937741	
23	31.654338	30.163569	33.050537	31.559769	22.671964	21.394162	51.949463	50.458696	53.345662	51.854892	52.189793	50.911992	
24	31.667721	30.176952	33.184363	31.693595	22.859339	21.581537	51.815637	50.324870	53.332279	51.841510	52.163026	50.885225	
25	31.681605	30.190835	33.323196	31.832429	23.053725	21.775924	51.676803	50.186036	53.318395	51.827626	52.135257	50.857456	
26	31.695981	30.205212	33.466954	31.976187	23.255006	21.977205	51.533046	50.042278	53.304019	51.813250	52.106503	50.828702	
27	31.710841	30.220072	33.615549	32.124782	23.463061	22.185259	51.384451	49.893684	53.289159	51.798390	52.076782	50.798980	
28	31.726176	30.235406	33.768891	32.278124	23.677764	22.399962	51.231109	49.740341	53.273824	51.783055	52.046111	50.768309	
29	31.741976	30.251207	33.926889	32.436122	23.898986	22.621184	51.073111	49.582344	53.258024	51.767254	52.014508	50.736707	
30	31.758233	30.267463	34.089446	32.598679	24.126593	22.848791	50.910554	49.419786	53.241767	51.750998	51.981994	50.704192	
31	31.774936	30.284166	34.256466	32.765698	24.360449	23.082647	50.743534	49.252767	53.225065	51.734295	51.948586	50.670785	
32	31.792075	30.301305	34.427846	32.937079	24.600412	23.322610	50.572154	49.081386	53.207926	51.717156	51.914307	50.636505	
33	31.809639	30.318870	34.603484	33.112717	24.846338	23.568537	50.396516	48.905748	53.190361	51.699591	51.879175	50.601374	
34	31.827620	30.336850	34.783274	33.292507	25.098079	23.820278	50.216726	48.725958	53.172380	51.681611	51.843213	50.565412	
35	31.846004	30.355235	34.967108	33.476340	25.355484	24.077682	50.032892	48.542125	53.153996	51.663226	51.806442	50.528640	
36	31.864783	30.374013	35.154874	33.664106	25.618397	24.340595	49.845126	48.354359	53.135218	51.644448	51.768884	50.491082	
37	31.883943	30.393173	35.346458	33.855691	25.886659	24.608858	49.653541	48.162774	53.116057	51.625288	51.730562	50.452760	
38	31.903473	30.412704	35.541747	34.050980	26.160110	24.882308	49.458253	47.967486	53.096527	51.605757	51.691498	50.413697	
39	31.923363	30.432594	35.740621	34.249854	26.438584	25.160783	49.259379	47.768611	53.076637	51.585868	51.651717	50.373916	
40	31.943599	30.452830	35.942961	34.452193	26.721914	25.444113	49.057039	47.566272	53.056401	51.565631	51.611243	50.333441	
41	31.964170	30.473401	36.148643	34.657876	27.009930	25.732128	48.851356	47.360589	53.035830	51.545060	51.570099	50.292297	
42	31.985064	30.494294	36.357545	34.866778	27.302456	26.024655	48.642455	47.151687	53.014937	51.524167	51.528311	50.250509	
43	32.006266	30.515497	36.569540	35.078772	27.599319	26.321517	48.430460	46.939693	52.993734	51.502964	51.485903	50.208101	
44	32.027766	30.536997	36.784499	35.293731	27.900338	26.622536	48.215501	46.724734	52.972234	51.481464	51.442902	50.165100	
45	32.049550	30.558780	37.002292	35.511525	28.205332	26.927530	47.997708	46.506941	52.950450	51.459681	51.399332	50.121531	
46	32.071604	30.580835	37.222788	35.732020	28.514117	27.236316	47.777212	46.286445	52.928396	51.437626	51.355222	50.077420	
47	32.093916	30.603147	37.445852	35.955085	28.826508	27.548707	47.554148	46.063380	52.906084	51.415314	51.310596	50.032794	
48	32.116472	30.625703	37.671350	36.180582	29.142317	27.864515	47.328650	45.837883	52.883528	51.392758	51.265482	49.987680	
49	32.139259	30.648489	37.899144	36.408376	29.461352	28.183551	47.100856	45.610089	52.860741	51.369972	51.219907	49.942106	
50	32.162262	30.671493	38.129095	36.638328	29.783423	28.505621	46.870904	45.380137	52.837738	51.346968	51.173899	49.896097	
51	32.185468	30.694699	38.361064	36.870297	30.108334	28.830533	46.638936	45.148168	52.814532	51.323762	51.127485	49.849683	
52	32.208864	30.718094	38.594908	37.104140	30.435891	29.158090	46.405092	44.914325	52.791137	51.300367	51.080693	49.802891	
53	32.232434	30.741664	38.830483	37.339715	30.765896	29.488094	46.169517	44.678750	52.767567	51.276797	51.033551	49.755750	
54	32.256164	30.765395	39.067643	37.576876	31.098149	29.820348	45.932357	44.441589	52.743836	51.253067	50.986088	49.708287	
55	32.280041	30.789272	39.306242	37.815474	31.432452	30.154651	45.693758	44.202991	52.719959	51.229190	50.938333	49.660532	
56	32.304050	30.813280	39.546128	38.055360	31.768602	30.490801	45.453872	43.963105	52.695950	51.205181	50.890314	49.612512	
57	32.328176	30.837407	39.787148	38.296380	32.106398	30.828596	45.212852	43.722085	52.671824	51.181054	50.842060	49.564258	
58	32.352406	30.861636	40.029145	38.538377	32.445635	31.167833	44.970855	43.480088	52.647594	51.156825	50.793600	49.515798	
59	32.376723	30.885954	40.271955	38.781188	32.786109	31.508307	44.728045	43.237277	52.623277	51.132507	50.744963	49.467162	
60	32.401115	30.910345	40.515406	39.024639	33.127615	31.849814	44.484593	42.993826	52.598885	51.108116	50.696179	49.418378	
61	32.425565	30.934796	40.759311	39.268544	33.469948	32.192146	44.240689	42.749922	52.574435	51.083665	50.647277	49.369476	
62	32.450060	30.959291	41.003454	39.512687	33.812901	32.535099	43.996546	42.505778	52.549940	51.059171	50.598287	49.320486	
63	32.474584	30.983815	41.247569	39.756801	34.156267	32.878466	43.752431	42.261664	52.525416	51.034646	50.549238	49.271436	
64	32.499123	31.008354	41.491272	40.000504	34.499841	33.222039	43.508728	42.017961	52.500877	51.010107	50.500159	49.222358	
65	32.523663	31.032893	41.733883	40.243116	34.843414	33.565613	43.266117	41.775349	52.476338	50.985568	50.451081	49.173279	
66	32.548187	31.057417	41.973747	40.482979	35.186780	33.908979	43.026253	41.535486	52.451813	50.961044	50.402032	49.124231	
67	32.572682	31.081912	42.204339	40.713571	35.529732	34.251931	42.795661	41.304894	52.427319	50.936549	50.353043	49.075241	
68	32.597132	31.106362	42.366114	40.875346	35.872064	34.594262	42.633886	41.143119	52.402868	50.912099	50.304142	49.026341	
69	32.621523	31.130754	42.760300	41.269533	36.213568	34.935767	42.239700	40.748932	52.378477	50.887707	50.255360	48.977559	
70	32.645841	31.155071	42.985702	41.494934	36.554040	35.276239	42.014298	40.523531	52.354159	50.863390	50.206726	48.928924	
71	32.670070	31.179301	43.221866	41.731099	36.893274	35.615473	41.778133	40.287366	52.329930	50.839161	50.158268	48.880467	
72	32.694196	31.203427	43.460078	41.969310	37.231067	35.953265	41.539922	40.049155	52.305804	50.815034	50.110017	48.832216	
73	32.718205	31.227436	43.698350	42.207583	37.567214	36.289412	41.301650	39.810882	52.281795	50.791026	50.062001	48.784200	
74	32.742082	31.251312	43.935920	42.445152	37.901512	36.623711	41.064080	39.573313	52.257918	50.767149	50.014250	48.736448	
75	32.765812	31.275043	44.172377	42.681610	38.233762	36.955960	40.827622	39.336855	52.234188	50.743418	49.966792	48.688990	
76	32.789382	31.298612	44.407448	42.916681	38.563761	37.285960	40.592552	39.101784	52.210618	50.719849	49.919655	48.641853	
77	32.812777	31.322007	44.640916	43.150148	38.891312	37.613511	40.359084	38.868317	52.187223	50.696454	49.872868	48.595067	
78	32.835983	31.345213	44.872596	43.381829	39.216218	37.938416	40.127404	38.636636	52.164017	50.673248	49.826460	48.548659	
79	32.858986	31.368216	45.102321	43.611554	39.538282	38.260480	39.897679	38.406911	52.141014	50.650245	49.780459	48.502657	
80	32.881772	31.391003	45.329934	43.839166	39.857310	38.579509	39.670066	38.179299	52.118228	50.627459	49.734891	48.457089	
81	32.904328	31.413558	45.555284	44.064516	40.173111	38.895309	39.444716	37.953949	52.095672	50.604903	49.689785	48.411983	
82	32.926639	31.435870	45.778226	44.287459	40.485493	39.207692	39.221774	37.731006	52.073361	50.582591	49.645168	48.367366	
83	32.948694	31.457924	45.998620	44.507852	40.794269	39.516468	39.001380	37.510613	52.051307	50.560537	49.601067	48.323265	
84	32.970477	31.479707	46.216327	44.725559	41.099253	39.821452	38.783673	37.292906	52.029523	50.538754	49.557508	48.279706	
85	32.991976	31.501207	46.431212	44.940445	41.400261	40.122459	38.568787	37.078020	52.008024	50.517254	49.514517	48.236716	
86	33.013179	31.522409	46.643144	45.152376	41.697111	40.419309	38.356856	36.866089	51.986821	50.496052	49.472122	48.194321	
87	33.034072	31.543302	46.851991	45.361224	41.989624	40.711823	38.148009	36.657242	51.965929	50.475159	49.430347	48.152546	
88	33.054642	31.563873	47.057626	45.566859	42.277625	40.999824	37.942374	36.451606	51.945358	50.454589	49.389218	48.111416	
89	33.074878	31.584109	47.259924	45.769156	42.560939	41.283138	37.740076	36.249309	51.925122	50.434353	49.348759	48.070957	
90	33.094767	31.603998	47.458761	45.967994	42.839397	41.561595	37.541239	36.050471	51.905233	50.414463	49.308995	48.031194	
91	33.114298	31.623528	47.654017	46.163250	43.112829	41.835027	37.345983	35.855216	51.885703	50.394933	49.269950	47.992149	
92	33.133457	31.642688	47.845573	46.354806	43.381071	42.103269	37.154427	35.663660	51.866543	50.375773	49.231649	47.953847	
93	33.152235	31.661466	48.033313	46.542545	43.643961	42.366159	36.966687	35.475920	51.847765	50.356996	49.194113	47.916312	
94	33.170619	31.679850	48.217123	46.726356	43.901341	42.623539	36.782877	35.292109	51.829381	50.338611	49.157367	47.879565	
95	33.188599	31.697830	48.396892	46.906125	44.153055	42.875253	36.603108	35.112340	51.811401	50.320632	49.121432	47.843630	
96	33.206164	31.715394	48.572511	47.081744	44.398952	43.121150	36.427488	34.936721	51.793837	50.303067	49.086330	47.808528	
97	33.223302	31.732533	48.743875	47.253107	44.638882	43.361081	36.256125	34.765358	51.776698	50.285929	49.052083	47.774281	
98	33.240004	31.749235	48.910879	47.420111	44.872701	43.594900	36.089121	34.598354	51.759996	50.269226	49.018712	47.740911	
99	33.256261	31.765491	49.073422	47.582655	45.100268	43.822467	35.926578	34.435810	51.743740	50.252970	48.986238	47.708436	
100	33.272061	31.781291	49.231407	47.740639	45.321445	44.043644	35.768593	34.277826	51.727940	50.237170	48.954680	47.676879	
101	33.287395	31.796625	49.384738	47.893970	45.536098	44.258297	35.615262	34.124495	51.712605	50.221836	48.924059	47.646257	
102	33.302254	31.811485	49.533322	48.042554	45.744097	44.466295	35.466678	33.975911	51.697746	50.206976	48.894394	47.616592	
103	33.316630	31.825861	49.677070	48.186302	45.945315	44.667514	35.322930	33.832163	51.683370	50.192600	48.865703	47.587901	
104	33.330514	31.839744	49.815894	48.325127	46.139630	44.861829	35.184105	33.693338	51.669487	50.178717	48.838005	47.560203	
105	33.343896	31.853127	49.949712	48.458945	46.326924	45.049123	35.050287	33.559520	51.656104	50.165334	48.811318	47.533517	
106	33.356770	31.866000	50.078443	48.587675	46.507082	45.229281	34.921557	33.430790	51.643230	50.152461	48.785661	47.507859	
107	33.369127	31.878357	50.202008	48.711241	46.679993	45.402192	34.797992	33.307224	51.630873	50.140104	48.761050	47.483249	
108	33.380960	31.890190	50.320334	48.829566	46.845551	45.567749	34.679666	33.188899	51.619040	50.128271	48.737505	47.459703	
109	33.392262	31.901492	50.433348	48.942581	47.003651	45.725849	34.566652	33.075884	51.607738	50.116969	48.715041	47.437239	
110	33.403026	31.912256	50.540983	49.050216	47.154194	45.876393	34.459017	32.968249	51.596974	50.106205	48.693677	47.415876	
111	33.413245	31.922476	50.643174	49.152407	47.297084	46.019282	34.356826	32.866058	51.586755	50.095986	48.673433	47.395632	
112	33.422914	31.932144	50.739859	49.249092	47.432226	46.154425	34.260141	32.769373	51.577086	50.086317	48.654328	47.376527	
113	33.432026	31.941257	50.830980	49.340213	47.559529	46.281728	34.169020	32.678252	51.567974	50.077205	48.636385	47.358583	
114	33.440576	31.949807	50.916482	49.425715	47.678902	46.401100	34.083518	32.592750	51.559424	50.068654	48.619627	47.341825	
115	33.448560	31.957790	50.996314	49.505546	47.790253	46.512452	34.003686	32.512919	51.551440	50.060671	48.604085	47.326284	
116	33.455971	31.965202	51.070426	49.579659	47.893488	46.615686	33.929574	32.438806	51.544029	50.053260	48.589796	47.311995	
117	33.462806	31.972037	51.138775	49.648008	47.988504	46.710702	33.861224	32.370457	51.537194	50.046425	48.576809	47.299008	
118	33.469061	31.978291	51.201320	49.710553	48.075184	46.797382	33.798680	32.307913	51.530940	50.040170	48.565191	47.287390	
119	33.474731	31.983961	51.258022	49.767255	48.153386	46.875584	33.741978	32.251210	51.525269	50.034500	48.555040	47.277238	
120	33.479813	31.989044	51.308848	49.818081	48.222922	46.945121	33.691152	32.200385	51.520187	50.029417	48.546501	47.268700	
121	33.484305	31.993536	51.353766	49.862999	48.283531	47.005729	33.646233	32.155466	51.515695	50.024925	48.539801	47.261999	
122	33.488204	31.997434	51.392751	49.901983	48.334838	47.057037	33.607249	32.116482	51.511796	50.021027	48.535280	47.257478	
123	33.491506	32.000737	51.425777	49.935010	48.376351	47.098549	33.574222	32.083455	51.508494	50.017724	48.533403	47.255602	
124	33.494211	32.003442	51.452826	49.962059	48.407621	47.129819	33.547173	32.056406	51.505789	50.015019	48.534596	47.256794	
125	33.496317	32.005547	51.473881	49.983114	48.428819	47.151018	33.526118	32.035351	51.503683	50.012914	48.538666	47.260865	
126	33.497822	32.007052	51.488930	49.998162	48.441396	47.163595	33.511070	32.020303	51.502178	50.011409	48.544149	47.266348	
127	33.498725	32.007955	51.497962	50.007195	48.447671	47.169869	33.502037	32.011270	51.501275	50.010506	48.548715	47.270914	
128	33.499026	32.008257	51.500974	50.010207	48.550465	47.272663	33.499026	32.008259	51.500974	50.010205	48.449535	47.171734	
129	33.502038	32.011268	51.501275	50.010508	48.548715	47.270914	33.498725	32.007957	51.497963	50.007193	48.447671	47.169869	
130	33.511070	32.020301	51.502178	50.011411	48.544149	47.266348	33.497822	32.007054	51.488930	49.998160	48.441396	47.163595	
131	33.526119	32.035349	51.503683	50.012916	48.538666	47.260865	33.496317	32.005549	51.473882	49.983112	48.428819	47.151018	
132	33.547174	32.056404	51.505789	50.015021	48.534596	47.256794	33.494211	32.003444	51.452827	49.962057	48.407621	47.129819	
133	33.574223	32.083453	51.508494	50.017726	48.533403	47.255602	33.491506	32.000739	51.425778	49.935008	48.376351	47.098549	
134	33.607249	32.116480	51.511796	50.021029	48.535280	47.257478	33.488204	31.997436	51.392751	49.901982	48.334838	47.057037	
135	33.646233	32.155464	51.515695	50.024927	48.539801	47.261999	33.484305	31.993538	51.353767	49.862997	48.283531	47.005729	
136	33.691152	32.200383	51.520187	50.029419	48.546501	47.268700	33.479813	31.989046	51.308848	49.818079	48.222922	46.945121	
137	33.741978	32.251208	51.525269	50.034502	48.555040	47.277238	33.474731	31.983963	51.258022	49.767253	48.153386	46.875584	
138	33.798680	32.307911	51.530939	50.040172	48.565191	47.287390	33.469060	31.978293	51.201320	49.710551	48.075184	46.797382	
139	33.861225	32.370455	51.537194	50.046427	48.576809	47.299008	33.462806	31.972039	51.138776	49.648006	47.988504	46.710702	
140	33.929574	32.438804	51.544029	50.053262	48.589796	47.311995	33.455971	31.965204	51.070426	49.579657	47.893488	46.615686	
141	34.003686	32.512917	51.551440	50.060673	48.604085	47.326284	33.448560	31.957792	50.996314	49.505544	47.790253	46.512452	
142	34.083518	32.592748	51.559424	50.068656	48.619627	47.341825	33.440576	31.949809	50.916482	49.425713	47.678902	46.401100	
143	34.169020	32.678250	51.567974	50.077207	48.636385	47.358583	33.432026	31.941259	50.830980	49.340211	47.559529	46.281728	
144	34.260141	32.769371	51.577086	50.086319	48.654328	47.376527	33.422914	31.932146	50.739859	49.249090	47.432226	46.154425	
145	34.356826	32.866056	51.586755	50.095988	48.673433	47.395632	33.413245	31.922478	50.643174	49.152405	47.297084	46.019282	
146	34.459017	32.968247	51.596974	50.106207	48.693677	47.415876	33.403026	31.912258	50.540983	49.050214	47.154194	45.876393	
147	34.566652	33.075883	51.607738	50.116971	48.715041	47.437239	33.392262	31.901494	50.433348	48.942579	47.003651	45.725849	
148	34.679666	33.188897	51.619040	50.128273	48.737505	47.459703	33.380960	31.890192	50.320334	48.829564	46.845551	45.567749	
149	34.797992	33.307222	51.630873	50.140106	48.761050	47.483249	33.369127	31.878359	50.202008	48.711239	46.679993	45.402192	
150	34.921557	33.430788	51.643230	50.152463	48.785661	47.507859	33.356770	31.866002	50.078443	48.587674	46.507082	45.229281	
151	35.050288	33.559518	51.656104	50.165336	48.811318	47.533517	33.343896	31.853129	49.949713	48.458943	46.326924	45.049123	
152	35.184106	33.693336	51.669486	50.178719	48.838005	47.560203	33.330513	31.839746	49.815895	48.325125	46.139630	44.861829	
153	35.322930	33.832161	51.683370	50.192602	48.865703	47.587901	33.316630	31.825863	49.677070	48.186300	45.945315	44.667514	
154	35.466678	33.975909	51.697746	50.206978	48.894394	47.616592	33.302254	31.811487	49.533322	48.042552	45.744097	44.466295	
155	35.615262	34.124493	51.712605	50.221838	48.924059	47.646257	33.287395	31.796627	49.384738	47.893968	45.536098	44.258297	
156	35.768593	34.277824	51.727939	50.237172	48.954680	47.676879	33.272060	31.781293	49.231407	47.740638	45.321445	44.043644	
157	35.926578	34.435808	51.743739	50.252972	48.986238	47.708436	33.256260	31.765493	49.073422	47.582653	45.100268	43.822467	
158	36.089121	34.598352	51.759996	50.269228	49.018712	47.740911	33.240004	31.749237	48.910879	47.420109	44.872701	43.594900	
159	36.256125	34.765356	51.776698	50.285930	49.052083	47.774281	33.223302	31.732535	48.743875	47.253106	44.638882	43.361081	
160	36.427489	34.936719	51.793836	50.303069	49.086330	47.808528	33.206163	31.715396	48.572512	47.081742	44.398952	43.121150	
161	36.603108	35.112338	51.811401	50.320633	49.121432	47.843630	33.188599	31.697832	48.396892	46.906123	44.153055	42.875253	
162	36.782877	35.292107	51.829381	50.338613	49.157367	47.879565	33.170619	31.679852	48.217123	46.726354	43.901341	42.623539	
163	36.966687	35.475918	51.847765	50.356998	49.194113	47.916312	33.152235	31.661468	48.033313	46.542544	43.643961	42.366159	
164	37.154427	35.663658	51.866543	50.375775	49.231649	47.953847	33.133457	31.642690	47.845573	46.354804	43.381071	42.103269	
165	37.345983	35.855214	51.885702	50.394935	49.269950	47.992149	33.114297	31.623530	47.654017	46.163248	43.112829	41.835027	
166	37.541239	36.050469	51.905233	50.414465	49.308995	48.031194	33.094767	31.604000	47.458761	45.967992	42.839397	41.561595	
167	37.740076	36.249307	51.925122	50.434354	49.348759	48.070957	33.074878	31.584111	47.259924	45.769155	42.560939	41.283138	
168	37.942374	36.451604	51.945358	50.454590	49.389218	48.111416	33.054642	31.563875	47.057626	45.566857	42.277625	40.999824	
169	38.148009	36.657240	51.965928	50.475161	49.430347	48.152546	33.034071	31.543304	46.851991	45.361222	41.989624	40.711823	
170	38.356856	36.866087	51.986821	50.496054	49.472122	48.194321	33.013179	31.522411	46.643144	45.152374	41.697111	40.419309	
171	38.568788	37.078018	52.008024	50.517256	49.514517	48.236716	32.991976	31.501209	46.431213	44.940443	41.400261	40.122459	
172	38.783673	37.292904	52.029523	50.538756	49.557508	48.279706	32.970477	31.479709	46.216327	44.725558	41.099253	39.821452	
173	39.001380	37.510611	52.051306	50.560539	49.601067	48.323265	32.948693	31.457926	45.998620	44.507850	40.794269	39.516468	
174	39.221774	37.731004	52.073361	50.582593	49.645168	48.367366	32.926639	31.435872	45.778226	44.287457	40.485493	39.207692	
175	39.444716	37.953947	52.095672	50.604905	49.689785	48.411983	32.904328	31.413560	45.555284	44.064514	40.173111	38.895309	
176	39.670066	38.179297	52.118228	50.627461	49.734891	48.457089	32.881772	31.391005	45.329934	43.839164	39.857310	38.579509	
177	39.897679	38.406909	52.141014	50.650247	49.780459	48.502657	32.858986	31.368218	45.102321	43.611552	39.538282	38.260480	
178	40.127404	38.636634	52.164017	50.673250	49.826460	48.548659	32.835983	31.345215	44.872596	43.381827	39.216218	37.938416	
179	40.359084	38.868315	52.187223	50.696456	49.872868	48.595067	32.812777	31.322009	44.640916	43.150147	38.891312	37.613511	
180	40.592552	39.101782	52.210618	50.719851	49.919655	48.641853	32.789382	31.298614	44.407448	42.916679	38.563761	37.285960	
181	40.827622	39.336853	52.234188	50.743420	49.966792	48.688990	32.765812	31.275045	44.172378	42.681608	38.233762	36.955960	
182	41.064080	39.573311	52.257918	50.767151	50.014250	48.736448	32.742082	31.251314	43.935920	42.445150	37.901512	36.623711	
183	41.301650	39.810880	52.281795	50.791028	50.062001	48.784200	32.718205	31.227438	43.698350	42.207581	37.567214	36.289412	
184	41.539922	40.049153	52.305804	50.815036	50.110017	48.832216	32.694196	31.203429	43.460078	41.969308	37.231067	35.953265	
185	41.778133	40.287364	52.329930	50.839162	50.158268	48.880467	32.670070	31.179303	43.221867	41.731097	36.893274	35.615473	
186	42.014298	40.523529	52.354159	50.863392	50.206726	48.928924	32.645841	31.155073	42.985702	41.494932	36.554040	35.276239	
187	42.239700	40.748930	52.378477	50.887709	50.255360	48.977559	32.621523	31.130756	42.760301	41.269531	36.213568	34.935767	
188	42.633887	41.143118	52.402868	50.912101	50.304142	49.026341	32.597132	31.106364	42.366113	40.875344	35.872064	34.594262	
189	42.795662	41.304892	52.427318	50.936551	50.353043	49.075241	32.572681	31.081914	42.204339	40.713569	35.529732	34.251931	
190	43.026254	41.535484	52.451813	50.961046	50.402032	49.124231	32.548187	31.057419	41.973747	40.482977	35.186780	33.908979	
191	43.266117	41.775348	52.476337	50.985570	50.451081	49.173279	32.523662	31.032895	41.733883	40.243114	34.843414	33.565613	
192	43.508728	42.017959	52.500876	51.010109	50.500159	49.222358	32.499123	31.008356	41.491272	40.000502	34.499841	33.222039	
193	43.752431	42.261662	52.525416	51.034648	50.549238	49.271436	32.474584	30.983817	41.247569	39.756799	34.156267	32.878466	
194	43.996546	42.505777	52.549940	51.059173	50.598287	49.320486	32.450060	30.959293	41.003454	39.512685	33.812901	32.535099	
195	44.240689	42.749920	52.574435	51.083667	50.647277	49.369476	32.425565	30.934798	40.759311	39.268542	33.469948	32.192146	
196	44.484594	42.993824	52.598885	51.108118	50.696179	49.418378	32.401115	30.910347	40.515407	39.024637	33.127615	31.849814	
197	44.728045	43.237275	52.623277	51.132509	50.744963	49.467162	32.376723	30.885956	40.271955	38.781186	32.786109	31.508307	
198	44.970855	43.480086	52.647594	51.156827	50.793600	49.515798	32.352406	30.861638	40.029145	38.538375	32.445635	31.167833	
199	45.212852	43.722083	52.671824	51.181056	50.842060	49.564258	32.328176	30.837409	39.787148	38.296378	32.106398	30.828596	
200	45.453873	43.963103	52.695950	51.205183	50.890314	49.612512	32.304050	30.813282	39.546128	38.055358	31.768602	30.490801	
201	45.693758	44.202989	52.719959	51.229192	50.938333	49.660532	32.280041	30.789274	39.306242	37.815472	31.432452	30.154651	
202	45.932357	44.441587	52.743836	51.253069	50.986088	49.708287	32.256164	30.765397	39.067643	37.576874	31.098149	29.820348	
203	46.169517	44.678748	52.767566	51.276799	51.033551	49.755750	32.232433	30.741666	38.830483	37.339713	30.765896	29.488094	
204	46.405092	44.914323	52.791136	51.300369	51.080693	49.802891	32.208863	30.718096	38.594908	37.104138	30.435891	29.158090	
205	46.638936	45.148167	52.814532	51.323764	51.127485	49.849683	32.185468	30.694701	38.361064	36.870295	30.108334	28.830533	
206	46.870905	45.380135	52.837738	51.346970	51.173899	49.896097	32.162262	30.671495	38.129095	36.638326	29.783423	28.505621	
207	47.100856	45.610087	52.860741	51.369974	51.219907	49.942106	32.139259	30.648491	37.899144	36.408374	29.461352	28.183551	
208	47.328650	45.837881	52.883528	51.392760	51.265482	49.987680	32.116472	30.625705	37.671350	36.180580	29.142317	27.864515	
209	47.554148	46.063378	52.906084	51.415316	51.310596	50.032794	32.093916	30.603149	37.445852	35.955083	28.826508	27.548707	
210	47.777212	46.286443	52.928396	51.437628	51.355222	50.077420	32.071604	30.580837	37.222788	35.732018	28.514117	27.236316	
211	47.997708	46.506939	52.950450	51.459683	51.399332	50.121531	32.049550	30.558782	37.002292	35.511523	28.205332	26.927530	
212	48.215501	46.724732	52.972234	51.481466	51.442902	50.165100	32.027766	30.536999	36.784499	35.293729	27.900338	26.622536	
213	48.430460	46.939691	52.993734	51.502966	51.485903	50.208101	32.006266	30.515499	36.569540	35.078770	27.599319	26.321517	
214	48.642455	47.151685	53.014936	51.524169	51.528311	50.250509	31.985063	30.494296	36.357545	34.866776	27.302456	26.024655	
215	48.851357	47.360587	53.035830	51.545062	51.570099	50.292297	31.964170	30.473403	36.148644	34.657874	27.009930	25.732128	
216	49.057039	47.566270	53.056401	51.565633	51.611243	50.333441	31.943599	30.452832	35.942961	34.452191	26.721914	25.444113	
217	49.259379	47.768610	53.076637	51.585870	51.651717	50.373916	31.923363	30.432596	35.740621	34.249852	26.438584	25.160783	
218	49.458253	47.967484	53.096527	51.605759	51.691498	50.413697	31.903473	30.412706	35.541747	34.050978	26.160110	24.882308	
219	49.653542	48.162772	53.116057	51.625290	51.730562	50.452760	31.883943	30.393175	35.346459	33.855689	25.886659	24.608858	
220	49.845127	48.354357	53.135217	51.644450	51.768884	50.491082	31.864782	30.374015	35.154874	33.664104	25.618397	24.340595	
221	50.032892	48.542123	53.153996	51.663228	51.806442	50.528640	31.846004	30.355237	34.967108	33.476338	25.355484	24.077682	
222	50.216726	48.725956	53.172380	51.681613	51.843213	50.565412	31.827620	30.336852	34.783274	33.292505	25.098079	23.820278	
223	50.396516	48.905746	53.190360	51.699593	51.879175	50.601374	31.809639	30.318872	34.603484	33.112715	24.846338	23.568537	
224	50.572154	49.081384	53.207925	51.717158	51.914307	50.636505	31.792074	30.301307	34.427846	32.937077	24.600412	23.322610	
225	50.743534	49.252765	53.225064	51.734297	51.948586	50.670785	31.774935	30.284168	34.256466	32.765696	24.360449	23.082647	
226	50.910554	49.419784	53.241767	51.751000	51.981994	50.704192	31.758233	30.267465	34.089446	32.598677	24.126593	22.848791	
227	51.073111	49.582342	53.258024	51.767256	52.014508	50.736707	31.741976	30.251209	33.926889	32.436120	23.898986	22.621184	
228	51.231109	49.740339	53.273824	51.783057	52.046111	50.768309	31.726176	30.235408	33.768891	32.278122	23.677764	22.399962	
229	51.384451	49.893682	53.289159	51.798392	52.076782	50.798980	31.710841	30.220074	33.615549	32.124780	23.463061	22.185259	
230	51.533046	50.042276	53.304019	51.813251	52.106503	50.828702	31.695981	30.205214	33.466954	31.976185	23.255006	21.977205	
231	51.676804	50.186034	53.318395	51.827628	52.135257	50.857456	31.681605	30.190837	33.323197	31.832427	23.053725	21.775924	
232	51.815637	50.324868	53.332279	51.841511	52.163026	50.885225	31.667721	30.176954	33.184363	31.693593	22.859339	21.581537	
233	51.949463	50.458694	53.345662	51.854894	52.189793	50.911992	31.654338	30.163571	33.050537	31.559767	22.671964	21.394162	
234	52.078201	50.587432	53.358536	51.867768	52.215543	50.937741	31.641464	30.150697	32.921799	31.431029	22.491714	21.213912	
235	52.201774	50.711004	53.370893	51.880126	52.240259	50.962458	31.629107	30.138339	32.798227	31.307457	22.318697	21.040895	
236	52.320105	50.829336	53.382727	51.891959	52.263927	50.986126	31.617273	30.126506	32.679895	31.189125	22.153018	20.875216	
237	52.433126	50.942356	53.394029	51.903262	52.286533	51.008731	31.605971	30.115204	32.566875	31.076105	21.994776	20.716974	
238	52.540766	51.049997	53.404793	51.914026	52.308062	51.030261	31.595207	30.104439	32.459234	30.968465	21.844066	20.566265	
239	52.642962	51.152192	53.415013	51.924245	52.328503	51.050701	31.584987	30.094220	32.357038	30.866269	21.700980	20.423179	
240	52.739652	51.248882	53.424682	51.933915	52.347842	51.070040	31.575318	30.084551	32.260349	30.769579	21.565604	20.287802	
241	52.830777	51.340007	53.433794	51.943027	52.366068	51.088266	31.566205	30.075438	32.169224	30.678454	21.438018	20.160217	
242	52.916282	51.425513	53.442345	51.951578	52.383170	51.105369	31.557655	30.066887	32.083718	30.592948	21.318301	20.040500	
243	52.996117	51.505348	53.450329	51.959561	52.399138	51.121336	31.549671	30.058904	32.003883	30.513114	21.206524	19.928722	
244	53.070233	51.579463	53.457740	51.966973	52.413962	51.136160	31.542260	30.051492	31.929767	30.438998	21.102754	19.824952	
245	53.138585	51.647815	53.464576	51.973808	52.427633	51.149832	31.535424	30.044657	31.861415	30.370646	21.007054	19.729253	
246	53.201132	51.710362	53.470830	51.980063	52.440143	51.162342	31.529170	30.038402	31.798868	30.308099	20.919482	19.641680	
247	53.257836	51.767067	53.476501	51.985733	52.451485	51.173683	31.523499	30.032732	31.742164	30.251394	20.840090	19.562288	
248	53.308664	51.817894	53.481583	51.990816	52.461651	51.183849	31.518416	30.027649	31.691336	30.200567	20.768926	19.491124	
249	53.353584	51.862815	53.486076	51.995308	52.470635	51.192834	31.513924	30.023157	31.646416	30.155646	20.706033	19.428231	
250	53.392570	51.901801	53.489974	51.999207	52.478433	51.200632	31.510026	30.019258	31.607430	30.116661	20.651449	19.373647	
251	53.425598	51.934828	53.493277	52.002510	52.485039	51.207237	31.506723	30.015956	31.574402	30.083633	20.605207	19.327405	
252	53.452648	51.961878	53.495982	52.005215	52.490449	51.212648	31.504018	30.013251	31.547352	30.056583	20.567334	19.289533	
253	53.473704	51.982934	53.498087	52.007320	52.494661	51.216859	31.501912	30.011145	31.526297	30.035527	20.537854	19.260052	
254	53.488752	51.997983	53.499592	52.008825	52.497671	51.219869	31.500407	30.009640	31.511248	30.020478	20.516784	19.238982	
255	53.497785	52.007016	53.500496	52.009728	52.499477	51.221676	31.499504	30.008737	31.502215	30.011445	20.504137	19.226335	
256	53.500797	52.010027	53.500797	52.010029	52.500080	51.222278	31.499203	30.008434	31.499203	30.008436	20.499920	19.222119	
257	53.495557	52.004788	53.499411	52.008643	52.498874	51.221073	31.500589	30.009820	31.504443	30.013675	20.508353	19.230551	
258	53.479843	51.989075	53.495252	52.004484	52.495253	51.217451	31.504748	30.013979	31.520157	30.029388	20.533639	19.255837	
259	53.453677	51.962908	53.488312	51.997543	52.489198	51.211396	31.511688	30.020920	31.546323	30.055555	20.575743	19.297942	
260	53.417089	51.926321	53.478576	51.987808	52.480680	51.202878	31.521424	30.030655	31.582911	30.092142	20.634609	19.356807	
261	53.370128	51.879359	53.466028	51.975259	52.469659	51.191857	31.533972	30.043204	31.629872	30.139104	20.710153	19.432352	
262	53.312852	51.822083	53.450643	51.959874	52.456084	51.178282	31.549357	30.058589	31.687148	30.196380	20.802274	19.524473	
263	53.245333	51.754565	53.432392	51.941624	52.439891	51.162089	31.567608	30.076839	31.754667	30.263898	20.910845	19.633043	
264	53.167658	51.676889	53.411243	51.920475	52.421007	51.143206	31.588757	30.097988	31.832342	30.341574	21.035716	19.757914	
265	53.079923	51.589155	53.387157	51.896389	52.399348	51.121546	31.612843	30.122074	31.920077	30.429309	21.176716	19.898915	
266	52.982239	51.491471	53.360091	51.869323	52.374818	51.097017	31.639909	30.149140	32.017761	30.526992	21.333654	20.055853	
267	52.874729	51.383961	53.329998	51.839229	52.347314	51.069512	31.670002	30.179234	32.125271	30.634502	21.506315	20.228513	
268	52.757528	51.266759	53.296825	51.806057	52.316720	51.038918	31.703175	30.212406	32.242472	30.751704	21.694463	20.416661	
269	52.630781	51.140013	53.260517	51.769749	52.282912	51.005111	31.739483	30.248714	32.369219	30.878450	21.897843	20.620041	
270	52.494648	51.003879	53.221014	51.730246	52.245758	50.967957	31.778986	30.288217	32.505352	31.014584	22.116179	20.838378	
271	52.349297	50.858528	53.178253	51.687485	52.205117	50.927315	31.821747	30.330978	32.650703	31.159935	22.349177	21.071375	
272	52.194908	50.704140	53.132167	51.641398	52.160838	50.883037	31.867833	30.377065	32.805092	31.314323	22.596521	21.318719	
273	52.031673	50.540905	53.082685	51.591916	52.112766	50.834965	31.917315	30.426547	32.968327	31.477558	22.857880	21.580078	
274	51.859793	50.369025	53.029734	51.538966	52.060737	50.782935	31.970266	30.479497	33.140207	31.649439	23.132903	21.855102	
275	51.679478	50.188710	52.973241	51.482472	52.004580	50.726778	32.026759	30.535991	33.320522	31.829753	23.421224	22.143423	
276	51.490950	50.000181	52.913125	51.422357	51.944120	50.666318	32.086875	30.596106	33.509050	32.018282	23.722459	22.444657	
277	51.294437	49.803669	52.849308	51.358540	51.879175	50.601374	32.150692	30.659923	33.705563	32.214794	24.036208	22.758407	
278	51.090179	49.599410	52.781709	51.290941	51.809560	50.531759	32.218291	30.727523	33.909821	32.419053	24.362059	23.084258	
279	50.878421	49.387652	52.710244	51.219476	51.735086	50.457284	32.289756	30.798987	34.121579	32.630811	24.699583	23.421782	
280	50.659418	49.168649	52.634831	51.144062	51.655559	50.377758	32.365169	30.874401	34.340582	32.849814	25.048340	23.770539	
281	50.433431	48.942663	52.555384	51.064615	51.570785	50.292983	32.444616	30.953848	34.566569	33.075800	25.407876	24.130075	
282	50.200730	48.709962	52.471819	50.981051	51.480566	50.202764	32.528181	31.037412	34.799270	33.308501	25.777726	24.499925	
283	49.961590	48.470821	52.384053	50.893285	51.384703	50.106902	32.615947	31.125178	35.038410	33.547642	26.157416	24.879614	
284	49.716290	48.225522	52.292001	50.801233	51.282999	50.005198	32.707999	31.217230	35.283710	33.792941	26.546459	25.268657	
285	49.465118	47.974350	52.195581	50.704813	51.175255	49.897454	32.804419	31.313651	35.534882	34.044113	26.944362	25.666560	
286	49.208365	47.717597	52.094710	50.603942	51.061274	49.783472	32.905290	31.414521	35.791635	34.300866	27.350623	26.072822	
287	48.946326	47.455558	51.989310	50.498541	50.940860	49.663059	33.010690	31.519922	36.053674	34.562905	27.764734	26.486932	
288	48.679302	47.188533	51.879302	50.388533	50.813821	49.536020	33.120698	31.629930	36.320698	34.829930	28.186179	26.908377	
289	48.407593	46.916825	51.764610	50.273841	50.679967	49.402166	33.235390	31.744622	36.592407	35.101638	28.614439	27.336637	
290	48.131508	46.640739	51.645163	50.154394	50.539113	49.261312	33.354837	31.864069	36.868492	35.377724	29.048990	27.771188	
291	47.851352	46.360584	51.520890	50.030122	50.391079	49.113277	33.479110	31.988342	37.148648	35.657879	29.489304	28.211503	
292	47.567438	46.076669	51.391727	49.900958	50.235689	48.957887	33.608273	32.117505	37.432562	35.941794	29.934853	28.657051	
293	47.280074	45.789306	51.257611	49.766843	50.072775	48.794974	33.742389	32.251621	37.719926	36.229157	30.385106	29.107304	
294	46.989575	45.498806	51.118486	49.627717	49.902177	48.624375	33.881514	32.390746	38.010425	36.519657	30.839532	29.561730	
295	46.696250	45.205482	50.974298	49.483529	49.723739	48.445937	34.025702	32.534934	38.303750	36.812981	31.297600	30.019799	
296	46.400413	44.909645	50.825000	49.334232	49.537317	48.259516	34.175000	32.684231	38.599587	37.108818	31.758783	30.480982	
297	46.102375	44.611607	50.670551	49.179783	49.342776	48.064974	34.329449	32.838680	38.897625	37.406856	32.222555	30.944753	
298	45.802445	44.311677	50.510915	49.020146	49.139989	47.862187	34.489085	32.998317	39.197555	37.706786	32.688392	31.410590	
299	45.500932	44.010164	50.346061	48.855293	48.928841	47.651039	34.653939	33.163170	39.499068	38.008299	33.155776	31.877974	
300	45.198142	43.707374	50.175967	48.685198	48.709227	47.431426	34.824033	33.333265	39.801858	38.311090	33.624194	32.346393	
301	44.894378	43.403609	50.000616	48.509847	48.481056	47.203255	34.999384	33.508616	40.105622	38.614854	34.093140	32.815338	
302	44.589940	43.099172	49.819999	48.329230	48.244247	46.966446	35.180001	33.689233	40.410060	38.919291	34.562112	33.284311	
303	44.285126	42.794358	49.634115	48.143346	47.998734	46.720933	35.365885	33.875117	40.714874	39.224105	35.030619	33.752818	
304	43.980229	42.489460	49.442971	47.952202	47.744463	46.466662	35.557029	34.066261	41.019771	39.529003	35.498177	34.220376	
305	43.675537	42.184769	49.246581	47.755812	47.481395	46.203594	35.753419	34.262651	41.324463	39.833694	35.964312	34.686510	
306	43.371336	41.880568	49.044970	47.554201	47.209505	45.931704	35.955030	34.464262	41.628664	40.137895	36.428557	35.150756	
307	43.067907	41.577138	48.838171	47.347402	46.928784	45.650983	36.161829	34.671061	41.932093	40.441325	36.890461	35.612660	
308	42.765524	41.274756	48.626227	47.135459	46.639238	45.361436	36.373773	34.883005	42.234476	40.743707	37.349580	36.071778	
309	42.464461	40.973693	48.409193	46.918424	46.340888	45.063087	36.590807	35.100039	42.535539	41.044771	37.805483	36.527682	
310	42.164986	40.674217	48.187134	46.696365	46.033774	44.755973	36.812866	35.322098	42.835014	41.344246	38.257753	36.979952	
311	41.867365	40.376597	47.960131	46.469363	45.717951	44.440149	37.039869	35.549101	43.132635	41.641866	38.705985	37.428183	
312	41.571867	40.081099	47.728282	46.237513	45.393492	44.115690	37.271718	35.780950	43.428133	41.937364	39.149786	37.871984	
313	41.278766	39.787998	47.491707	46.000939	45.060488	43.782686	37.508293	36.017525	43.721234	42.230466	39.588777	38.310975	
314	40.988353	39.497584	47.250562	45.759793	44.719051	43.441249	37.749438	36.258670	44.011647	42.520879	40.022591	38.744790	
315	40.700962	39.210194	47.005062	45.514294	44.369315	43.091513	37.994938	36.504170	44.299038	42.808270	40.450873	39.173071	
316	40.417032	38.926264	46.755545	45.264777	44.011442	42.733640	38.244455	36.753686	44.582968	43.092199	40.873270	39.595468	
317	40.137289	38.646521	46.502654	45.011886	43.645644	42.367842	38.497346	37.006577	44.862711	43.371942	41.289415	40.011614	
318	39.863453	38.372685	46.248044	44.757276	43.272257	41.994456	38.751956	37.261187	45.136547	43.645779	41.698851	40.421050	
319	39.602605	38.111837	45.998751	44.507982	42.892276	41.614474	39.001249	37.510481	45.397395	43.906626	42.100497	40.822696	
320	39.167590	44.076821	39.432410	44.076821	42.550465	41.272663	45.567590	37.676821	45.567590	44.341642	42.449535	41.171734	
321	39.001249	37.510481	45.397395	43.906626	42.100497	40.822696	39.602605	38.111837	45.998751	44.507982	42.892276	41.614474	
322	38.751956	37.261187	45.136547	43.645779	41.698851	40.421050	39.863453	38.372685	46.248044	44.757276	43.272257	41.994456	
323	38.497346	37.006577	44.862711	43.371942	41.289415	40.011614	40.137289	38.646521	46.502654	45.011886	43.645644	42.367842	
324	38.244455	36.753686	44.582968	43.092199	40.873270	39.595468	40.417032	38.926264	46.755545	45.264777	44.011442	42.733640	
325	37.994938	36.504170	44.299038	42.808270	40.450873	39.173071	40.700962	39.210194	47.005062	45.514294	44.369315	43.091513	
326	37.749438	36.258670	44.011647	42.520879	40.022591	38.744790	40.988353	39.497584	47.250562	45.759793	44.719051	43.441249	
327	37.508293	36.017525	43.721234	42.230466	39.588777	38.310975	41.278766	39.787998	47.491707	46.000939	45.060488	43.782686	
328	37.271718	35.780950	43.428133	41.937364	39.149786	37.871984	41.571867	40.081099	47.728282	46.237513	45.393492	44.115690	
329	37.039869	35.549101	43.132635	41.641866	38.705985	37.428183	41.867365	40.376597	47.960131	46.469363	45.717951	44.440149	
330	36.812866	35.322098	42.835014	41.344246	38.257753	36.979952	42.164986	40.674217	48.187134	46.696365	46.033774	44.755973	
331	36.590807	35.100039	42.535539	41.044771	37.805483	36.527682	42.464461	40.973693	48.409193	46.918424	46.340888	45.063087	
332	36.373773	34.883005	42.234476	40.743707	37.349580	36.071778	42.765524	41.274756	48.626227	47.135459	46.639238	45.361436	
333	36.161829	34.671061	41.932093	40.441325	36.890461	35.612660	43.067907	41.577138	48.838171	47.347402	46.928784	45.650983	
334	35.955030	34.464262	41.628664	40.137895	36.428557	35.150756	43.371336	41.880568	49.044970	47.554201	47.209505	45.931704	
335	35.753419	34.262651	41.324463	39.833694	35.964312	34.686510	43.675537	42.184769	49.246581	47.755812	47.481395	46.203594	
336	35.557029	34.066261	41.019771	39.529003	35.498177	34.220376	43.980229	42.489460	49.442971	47.952202	47.744463	46.466662	
337	35.365885	33.875117	40.714874	39.224105	35.030619	33.752818	44.285126	42.794358	49.634115	48.143346	47.998734	46.720933	
338	35.180001	33.689233	40.410060	38.919291	34.562112	33.284311	44.589940	43.099172	49.819999	48.329230	48.244247	46.966446	
339	34.999384	33.508616	40.105622	38.614854	34.093140	32.815338	44.894378	43.403609	50.000616	48.509847	48.481056	47.203255	
340	34.824033	33.333265	39.801858	38.311090	33.624194	32.346393	45.198142	43.707374	50.175967	48.685198	48.709227	47.431426	
341	34.653939	33.163170	39.499068	38.008299	33.155776	31.877974	45.500932	44.010164	50.346061	48.855293	48.928841	47.651039	
342	34.489085	32.998317	39.197555	37.706786	32.688392	31.410590	45.802445	44.311677	50.510915	49.020146	49.139989	47.862187	
343	34.329449	32.838680	38.897625	37.406856	32.222555	30.944753	46.102375	44.611607	50.670551	49.179783	49.342776	48.064974	
344	34.175000	32.684231	38.599587	37.108818	31.758783	30.480982	46.400413	44.909645	50.825000	49.334232	49.537317	48.259516	
345	34.025702	32.534934	38.303750	36.812981	31.297600	30.019799	46.696250	45.205482	50.974298	49.483529	49.723739	48.445937	
346	33.881514	32.390746	38.010425	36.519657	30.839532	29.561730	46.989575	45.498806	51.118486	49.627717	49.902177	48.624375	
347	33.742389	32.251621	37.719926	36.229157	30.385106	29.107304	47.280074	45.789306	51.257611	49.766843	50.072775	48.794974	
348	33.608273	32.117505	37.432562	35.941794	29.934853	28.657051	47.567438	46.076669	51.391727	49.900958	50.235689	48.957887	
349	33.479110	31.988342	37.148648	35.657879	29.489304	28.211503	47.851352	46.360584	51.520890	50.030122	50.391079	49.113277	
350	33.354837	31.864069	36.868492	35.377724	29.048990	27.771188	48.131508	46.640739	51.645163	50.154394	50.539113	49.261312	
351	33.235390	31.744622	36.592407	35.101638	28.614439	27.336637	48.407593	46.916825	51.764610	50.273841	50.679967	49.402166	
352	33.120698	31.629930	36.320698	34.829930	28.186179	26.908377	48.679302	47.188533	51.879302	50.388533	50.813821	49.536020	
353	33.010690	31.519922	36.053674	34.562905	27.764734	26.486932	48.946326	47.455558	51.989310	50.498541	50.940860	49.663059	
354	32.905290	31.414521	35.791635	34.300866	27.350623	26.072822	49.208365	47.717597	52.094710	50.603942	51.061274	49.783472	
355	32.804419	31.313651	35.534882	34.044113	26.944362	25.666560	49.465118	47.974350	52.195581	50.704813	51.175255	49.897454	
356	32.707999	31.217230	35.283710	33.792941	26.546459	25.268657	49.716290	48.225522	52.292001	50.801233	51.282999	50.005198	
357	32.615947	31.125178	35.038410	33.547642	26.157416	24.879614	49.961590	48.470821	52.384053	50.893285	51.384703	50.106902	
358	32.528181	31.037412	34.799270	33.308501	25.777726	24.499925	50.200730	48.709962	52.471819	50.981051	51.480566	50.202764	
359	32.444616	30.953848	34.566569	33.075800	25.407876	24.130075	50.433431	48.942663	52.555384	51.064615	51.570785	50.292983	
360	32.365169	30.874401	34.340582	32.849814	25.048340	23.770539	50.659418	49.168649	52.634831	51.144062	51.655559	50.377758	
361	32.289756	30.798987	34.121579	32.630811	24.699583	23.421782	50.878421	49.387652	52.710244	51.219476	51.735086	50.457284	
362	32.218291	30.727523	33.909821	32.419053	24.362059	23.084258	51.090179	49.599410	52.781709	51.290941	51.809560	50.531759	
363	32.150692	30.659923	33.705563	32.214794	24.036208	22.758407	51.294437	49.803669	52.849308	51.358540	51.879175	50.601374	
364	32.086875	30.596106	33.509050	32.018282	23.722459	22.444657	51.490950	50.000181	52.913125	51.422357	51.944120	50.666318	
365	32.026759	30.535991	33.320522	31.829753	23.421224	22.143423	51.679478	50.188710	52.973241	51.482472	52.004580	50.726778	
366	31.970266	30.479497	33.140207	31.649439	23.132903	21.855102	51.859793	50.369025	53.029734	51.538966	52.060737	50.782935	
367	31.917315	30.426547	32.968327	31.477558	22.857880	21.580078	52.031673	50.540905	53.082685	51.591916	52.112766	50.834965	
368	31.867833	30.377065	32.805092	31.314323	22.596521	21.318719	52.194908	50.704140	53.132167	51.641398	52.160838	50.883037	
369	31.821747	30.330978	32.650703	31.159935	22.349177	21.071375	52.349297	50.858528	53.178253	51.687485	52.205117	50.927315	
370	31.778986	30.288217	32.505352	31.014584	22.116179	20.838378	52.494648	51.003879	53.221014	51.730246	52.245758	50.967957	
371	31.739483	30.248714	32.369219	30.878450	21.897843	20.620041	52.630781	51.140013	53.260517	51.769749	52.282912	51.005111	
372	31.703175	30.212406	32.242472	30.751704	21.694463	20.416661	52.757528	51.266759	53.296825	51.806057	52.316720	51.038918	
373	31.670002	30.179234	32.125271	30.634502	21.506315	20.228513	52.874729	51.383961	53.329998	51.839229	52.347314	51.069512	
374	31.639909	30.149140	32.017761	30.526992	21.333654	20.055853	52.982239	51.491471	53.360091	51.869323	52.374818	51.097017	
375	31.612843	30.122074	31.920077	30.429309	21.176716	19.898915	53.079923	51.589155	53.387157	51.896389	52.399348	51.121546	
376	31.588757	30.097988	31.832342	30.341574	21.035716	19.757914	53.167658	51.676889	53.411243	51.920475	52.421007	51.143206	
377	31.567608	30.076839	31.754667	30.263898	20.910845	19.633043	53.245333	51.754565	53.432392	51.941624	52.439891	51.162089	
378	31.549357	30.058589	31.687148	30.196380	20.802274	19.524473	53.312852	51.822083	53.450643	51.959874	52.456084	51.178282	
379	31.533972	30.043204	31.629872	30.139104	20.710153	19.432352	53.370128	51.879359	53.466028	51.975259	52.469659	51.191857	
380	31.521424	30.030655	31.582911	30.092142	20.634609	19.356807	53.417089	51.926321	53.478576	51.987808	52.480680	51.202878	
381	31.511688	30.020920	31.546323	30.055555	20.575743	19.297942	53.453677	51.962908	53.488312	51.997543	52.489198	51.211396	
382	31.504748	30.013979	31.520157	30.029388	20.533639	19.255837	53.479843	51.989075	53.495252	52.004484	52.495253	51.217451	
383	31.500589	30.009820	31.504443	30.013675	20.508353	19.230551	53.495557	52.004788	53.499411	52.008643	52.498874	51.221073	
384	31.499203	30.008434	31.499203	30.008436	20.499920	19.222119	53.500797	52.010027	53.500797	52.010029	52.500080	51.222278	
