#p	a1_up	a1_dn	b1_up	b1_dn	c1_up	c1_dn	a2_up	a2_dn	b2_up	b2_dn	c2_up	c2_dn	NaN
0	14.368974	-11.106634	14.369058	-11.106628	3.078014	-22.015309	36.711595	11.235992	36.711689	11.235998	35.281117	10.187794	
1	14.369354	-11.106337	14.371940	-11.103662	3.082215	-22.011107	36.708629	11.233026	36.711393	11.235701	35.280530	10.187207	
2	14.370244	-11.105448	14.380835	-11.094768	3.094817	-21.998506	36.699734	11.224132	36.710503	11.234812	35.278768	10.185446	
3	14.371725	-11.103966	14.395653	-11.079949	3.115811	-21.977512	36.684916	11.209313	36.709021	11.233330	35.275835	10.182512	
4	14.373799	-11.101893	14.416386	-11.059217	3.145184	-21.948138	36.664183	11.188581	36.706948	11.231257	35.271730	10.178407	
5	14.376463	-11.099229	14.443018	-11.032584	3.182920	-21.910403	36.637551	11.161948	36.704284	11.228593	35.266457	10.173134	
6	14.379715	-11.095977	14.475533	-11.000069	3.228994	-21.864329	36.605036	11.129433	36.701032	11.225341	35.260019	10.166696	
7	14.383554	-11.092138	14.513910	-10.961692	3.283379	-21.809944	36.566659	11.091056	36.697193	11.221502	35.252420	10.159098	
8	14.387977	-11.087714	14.558124	-10.917479	3.346041	-21.747281	36.522445	11.046843	36.692770	11.217078	35.243666	10.150343	
9	14.392982	-11.082709	14.608145	-10.867458	3.416943	-21.676379	36.472424	10.996822	36.687765	11.212073	35.233762	10.140439	
10	14.398565	-11.077126	14.663941	-10.811662	3.496042	-21.597281	36.416628	10.941026	36.682181	11.206490	35.222714	10.129391	
11	14.404724	-11.070967	14.725474	-10.750128	3.583288	-21.510035	36.355095	10.879492	36.676023	11.200331	35.210530	10.117207	
12	14.411454	-11.064237	14.792705	-10.682897	3.678629	-21.414693	36.287864	10.812261	36.669293	11.193601	35.197217	10.103895	
13	14.418752	-11.056940	14.865590	-10.610013	3.782008	-21.311315	36.214979	10.739377	36.661995	11.186304	35.182785	10.089462	
14	14.426612	-11.049079	14.944079	-10.531524	3.893360	-21.199963	36.136490	10.660888	36.654135	11.178443	35.167242	10.073919	
15	14.435031	-11.040660	15.028121	-10.447482	4.012618	-21.080705	36.052448	10.576846	36.645716	11.170024	35.150599	10.057276	
16	14.444003	-11.031689	15.117660	-10.357942	4.139710	-20.953613	35.962909	10.487306	36.636744	11.161053	35.132867	10.039544	
17	14.453522	-11.022169	15.212637	-10.262966	4.274557	-20.818766	35.867932	10.392330	36.627225	11.151533	35.114057	10.020734	
18	14.463583	-11.012108	15.312987	-10.162616	4.417078	-20.676245	35.767582	10.291980	36.617164	11.141472	35.094181	10.000859	
19	14.474180	-11.001511	15.418643	-10.056959	4.567186	-20.526137	35.661926	10.186323	36.606567	11.130875	35.073254	9.979931	
20	14.485306	-10.990385	15.529535	-9.946068	4.724789	-20.368534	35.551034	10.075432	36.595441	11.119749	35.051287	9.957964	
21	14.496955	-10.978736	15.645587	-9.830016	4.889791	-20.203532	35.434982	9.959380	36.583792	11.108100	35.028296	9.934973	
22	14.509119	-10.966572	15.766719	-9.708883	5.062091	-20.031232	35.313850	9.838247	36.571628	11.095936	35.004296	9.910974	
23	14.521791	-10.953900	15.892850	-9.582753	5.241585	-19.851738	35.187719	9.712117	36.558955	11.083264	34.979303	9.885980	
24	14.534964	-10.940727	16.023892	-9.451711	5.428162	-19.665161	35.056677	9.581075	36.545783	11.070091	34.953333	9.860011	
25	14.548629	-10.927062	16.159754	-9.315849	5.621709	-19.471614	34.920815	9.445213	36.532118	11.056426	34.926404	9.833081	
26	14.562778	-10.912913	16.300341	-9.175261	5.822108	-19.271215	34.780228	9.304625	36.517968	11.042277	34.898533	9.805210	
27	14.577403	-10.898288	16.445555	-9.030048	6.029235	-19.064088	34.635014	9.159412	36.503344	11.027652	34.869739	9.776416	
28	14.592494	-10.883197	16.595292	-8.880311	6.242965	-18.850358	34.485277	9.009675	36.488252	11.012561	34.840040	9.746718	
29	14.608043	-10.867648	16.749444	-8.726158	6.463167	-18.630156	34.331125	8.855522	36.472704	10.997012	34.809458	9.716135	
30	14.624040	-10.851651	16.907901	-8.567702	6.689705	-18.403618	34.172668	8.697066	36.456707	10.981015	34.778012	9.684689	
31	14.640475	-10.835216	17.070545	-8.405058	6.922442	-18.170881	34.010024	8.534422	36.440271	10.964580	34.745724	9.652401	
32	14.657339	-10.818352	17.237255	-8.238348	7.161235	-17.932088	33.843314	8.367712	36.423408	10.947716	34.712614	9.619292	
33	14.674621	-10.801070	17.407905	-8.067698	7.405938	-17.687385	33.672664	8.197062	36.406126	10.930434	34.678707	9.585384	
34	14.692310	-10.783381	17.582364	-7.893238	7.656400	-17.436923	33.498205	8.022602	36.388436	10.912745	34.644023	9.550701	
35	14.710397	-10.765294	17.760496	-7.715106	7.912468	-17.180854	33.320073	7.844470	36.370350	10.894659	34.608588	9.515266	
36	14.728869	-10.746822	17.942159	-7.533444	8.173986	-16.919337	33.138411	7.662808	36.351877	10.876186	34.572426	9.479103	
37	14.747717	-10.727975	18.127202	-7.348400	8.440792	-16.652531	32.953367	7.477765	36.333030	10.857339	34.535560	9.442237	
38	14.766927	-10.708764	18.315472	-7.160131	8.712722	-16.380600	32.765097	7.289495	36.313820	10.838128	34.498017	9.404694	
39	14.786490	-10.689202	18.506805	-6.968798	8.989610	-16.103713	32.573765	7.098162	36.294257	10.818566	34.459822	9.366500	
40	14.806392	-10.669300	18.701030	-6.774573	9.271285	-15.822038	32.379539	6.903937	36.274355	10.798664	34.421003	9.327680	
41	14.826622	-10.649070	18.897968	-6.577634	9.557574	-15.535749	32.182601	6.706998	36.254125	10.778434	34.381585	9.288263	
42	14.847167	-10.628524	19.097429	-6.378174	9.848300	-15.245023	31.983140	6.507538	36.233579	10.757888	34.341598	9.248275	
43	14.868016	-10.607675	19.299211	-6.176391	10.143284	-14.950039	31.781358	6.305755	36.212731	10.737039	34.301068	9.207746	
44	14.889155	-10.586536	19.503100	-5.972502	10.442344	-14.650979	31.577469	6.101866	36.191592	10.715900	34.260026	9.166703	
45	14.910572	-10.565119	19.708867	-5.766736	10.745295	-14.348027	31.371702	5.896100	36.170175	10.694483	34.218499	9.125177	
46	14.932254	-10.543438	19.916264	-5.559339	11.051950	-14.041372	31.164305	5.688703	36.148493	10.672802	34.176519	9.083197	
47	14.954187	-10.521505	20.125024	-5.350579	11.362119	-13.731203	30.955545	5.479943	36.126560	10.650869	34.134116	9.040793	
48	14.976358	-10.499333	20.334855	-5.140748	11.675610	-13.417713	30.745714	5.270112	36.104388	10.628697	34.091320	8.997997	
49	14.998755	-10.476937	20.545436	-4.930167	11.992227	-13.101096	30.535133	5.059531	36.081992	10.606301	34.048163	8.954841	
50	15.021362	-10.454329	20.756411	-4.719191	12.311774	-12.781548	30.324158	4.848555	36.059384	10.583693	34.004678	8.911356	
51	15.044168	-10.431524	20.967383	-4.508219	12.634053	-12.459270	30.113186	4.637583	36.036579	10.560888	33.960897	8.867575	
52	15.067157	-10.408534	21.177902	-4.297701	12.958861	-12.134462	29.902667	4.427065	36.013590	10.537898	33.916854	8.823531	
53	15.090316	-10.385375	21.387455	-4.088148	13.285996	-11.807326	29.693114	4.217512	35.990430	10.514739	33.872581	8.779259	
54	15.113632	-10.362060	21.595451	-3.880151	13.615254	-11.478069	29.485118	4.009515	35.967115	10.491424	33.828115	8.734792	
55	15.137089	-10.338603	21.801203	-3.674399	13.946427	-11.146896	29.279366	3.803763	35.943658	10.467967	33.783489	8.690166	
56	15.160674	-10.315018	22.003902	-3.471700	14.279308	-10.814015	29.076667	3.601064	35.920073	10.444382	33.738739	8.645417	
57	15.184372	-10.291319	22.202590	-3.273012	14.613686	-10.479637	28.877979	3.402376	35.896375	10.420683	33.693902	8.600580	
58	15.208169	-10.267522	22.396121	-3.079481	14.949350	-10.143972	28.684448	3.208845	35.872577	10.396886	33.649015	8.555692	
59	15.232052	-10.243640	22.583120	-2.892482	15.286088	-9.807234	28.497449	3.021846	35.848695	10.373004	33.604114	8.510792	
60	15.256004	-10.219687	22.761931	-2.713672	15.623686	-9.469637	28.318638	2.843036	35.824743	10.349051	33.559239	8.465917	
61	15.280013	-10.195679	22.930565	-2.545037	15.961928	-9.131395	28.150004	2.674401	35.800734	10.325043	33.514428	8.421106	
62	15.304063	-10.171629	23.086657	-2.388945	16.300597	-8.792725	27.993912	2.518309	35.776684	10.300993	33.469721	8.376399	
63	15.328139	-10.147552	23.227446	-2.248156	16.639477	-8.453846	27.853123	2.377520	35.752608	10.276916	33.425159	8.331836	
64	15.352228	-10.123463	23.349812	-2.125790	16.978349	-8.114974	27.730757	2.255154	35.728518	10.252827	33.380782	8.287459	
65	15.376315	-10.099376	23.450411	-2.025192	17.316992	-7.776330	27.630158	2.154556	35.704432	10.228740	33.336633	8.243310	
66	15.400386	-10.075306	23.525941	-1.949661	17.655188	-7.438135	27.554628	2.079025	35.680361	10.204670	33.292755	8.199433	
67	15.424425	-10.051267	23.573548	-1.902055	17.992713	-7.100610	27.507021	2.031419	35.656322	10.180631	33.249193	8.155870	
68	15.448418	-10.027273	23.591294	-1.884308	18.329346	-6.763976	27.489275	2.013672	35.632329	10.156637	33.205990	8.112667	
69	15.472351	-10.003340	27.502017	2.026414	18.664865	-6.428458	23.578552	-1.897050	35.608396	10.132704	33.163194	8.069871	
70	15.496210	-9.979481	27.544416	2.068814	18.999044	-6.094278	23.536153	-1.939450	35.584537	10.108845	33.120852	8.027529	
71	15.519980	-9.955712	27.614345	2.138743	19.331661	-5.761662	23.466224	-2.009379	35.560767	10.085076	33.079013	7.985690	
72	15.543646	-9.932045	27.708783	2.233181	19.662488	-5.430834	23.371786	-2.103817	35.537101	10.061409	33.037726	7.944404	
73	15.567195	-9.908496	27.824290	2.348687	19.991301	-5.102021	23.256279	-2.219323	35.513551	10.037860	32.997044	7.903722	
74	15.590613	-9.885079	27.957411	2.481809	20.317873	-4.775450	23.123158	-2.352445	35.490134	10.014443	32.957020	7.863697	
75	15.613885	-9.861807	28.104945	2.629343	20.641975	-4.451347	22.975624	-2.499979	35.466862	9.991171	32.917709	7.824386	
76	15.636997	-9.838695	28.264068	2.788465	20.963381	-4.129942	22.816501	-2.659101	35.443750	9.968059	32.879166	7.785844	
77	15.659935	-9.815756	28.432370	2.956767	21.281859	-3.811464	22.648199	-2.827403	35.420812	9.945120	32.841453	7.748130	
78	15.682686	-9.793005	28.607832	3.132230	21.597181	-3.496142	22.472737	-3.002866	35.398061	9.922369	32.804628	7.711305	
79	15.705236	-9.770455	28.788778	3.313176	21.909115	-3.184208	22.291791	-3.183812	35.375511	9.899819	32.768756	7.675434	
80	15.727572	-9.748120	28.973819	3.498217	22.217429	-2.875894	22.106750	-3.368853	35.353175	9.877484	32.733903	7.640580	
81	15.749679	-9.726012	29.161803	3.686200	22.521890	-2.571433	21.918766	-3.556836	35.331068	9.855376	32.700137	7.606814	
82	15.771545	-9.704146	29.351768	3.876165	22.822263	-2.271060	21.728801	-3.746801	35.309201	9.833510	32.667529	7.574206	
83	15.793157	-9.682534	29.542906	4.067303	23.118313	-1.975010	21.537663	-3.937939	35.287590	9.811898	32.636154	7.542831	
84	15.814502	-9.661190	29.734533	4.258931	23.409802	-1.683521	21.346036	-4.129567	35.266245	9.790554	32.606089	7.512767	
85	15.835566	-9.640125	29.926065	4.450462	23.696493	-1.396830	21.154504	-4.321098	35.245181	9.769489	32.577416	7.484093	
86	15.856338	-9.619354	30.116995	4.641392	23.978146	-1.115177	20.963574	-4.512028	35.224409	9.748718	32.550218	7.456895	
87	15.876804	-9.598887	30.306883	4.831281	24.254518	-0.838804	20.773686	-4.701917	35.203943	9.728251	32.524584	7.431261	
88	15.896953	-9.578738	30.495342	5.019739	24.525369	-0.567954	20.585227	-4.890375	35.183794	9.708102	32.500604	7.407282	
89	15.916773	-9.558919	30.682027	5.206424	24.790454	-0.302868	20.398542	-5.077060	35.163974	9.688283	32.478375	7.385052	
90	15.936251	-9.539441	30.866629	5.391027	25.049529	-0.043793	20.213940	-5.261663	35.144496	9.668805	32.457993	7.364670	
91	15.955376	-9.520316	31.048871	5.573269	25.302350	0.209027	20.031698	-5.443905	35.125371	9.649680	32.439560	7.346238	
92	15.974137	-9.501555	31.228499	5.752897	25.548670	0.455347	19.852070	-5.623533	35.106610	9.630919	32.423180	7.329858	
93	15.992521	-9.483170	31.405281	5.929679	25.788247	0.694924	19.675288	-5.800315	35.088225	9.612534	32.408958	7.315635	
94	16.010520	-9.465172	31.579004	6.103402	26.020838	0.927516	19.501565	-5.974038	35.070227	9.594536	32.397000	7.303677	
95	16.028121	-9.447571	31.749469	6.273867	26.246206	1.152884	19.331100	-6.144503	35.052626	9.576935	32.387411	7.294088	
96	16.045313	-9.430378	31.916493	6.440890	26.464118	1.370795	19.164076	-6.311526	35.035433	9.559742	32.380294	7.286972	
97	16.062088	-9.413603	32.079903	6.604301	26.674347	1.581025	19.000666	-6.474937	35.018659	9.542967	32.375748	7.282426	
98	16.078435	-9.397257	32.239539	6.763936	26.876680	1.783357	18.841031	-6.634572	35.002312	9.526621	32.373864	7.280542	
99	16.094343	-9.381348	32.395247	6.919645	27.070914	1.977591	18.685322	-6.790281	34.986404	9.510712	32.374723	7.281400	
100	16.109804	-9.365887	32.546887	7.071284	27.256865	2.163543	18.533682	-6.941920	34.970943	9.495251	32.378391	7.285068	
101	16.124809	-9.350883	32.694322	7.218719	27.434371	2.341048	18.386247	-7.089355	34.955938	9.480247	32.384917	7.291594	
102	16.139347	-9.336344	32.837425	7.361822	27.603294	2.509971	18.243145	-7.232458	34.941399	9.465708	32.394327	7.301005	
103	16.153412	-9.322280	32.976074	7.500472	27.763529	2.670206	18.104495	-7.371108	34.927335	9.451644	32.406620	7.313297	
104	16.166994	-9.308698	33.110156	7.634553	27.915005	2.821682	17.970413	-7.505189	34.913753	9.438062	32.421761	7.328439	
105	16.180085	-9.295607	33.239561	7.763958	28.057691	2.964369	17.841008	-7.634594	34.900662	9.424971	32.439682	7.346359	
106	16.192677	-9.283014	33.364186	7.888583	28.191602	3.098279	17.716383	-7.759219	34.888070	9.412378	32.460273	7.366950	
107	16.204764	-9.270928	33.483934	8.008331	28.316795	3.223472	17.596635	-7.878967	34.875983	9.400292	32.483380	7.390057	
108	16.216337	-9.259355	33.598712	8.123110	28.433379	3.340056	17.481857	-7.993746	34.864410	9.388719	32.508807	7.415485	
109	16.227390	-9.248302	33.708433	8.232830	28.541508	3.448185	17.372136	-8.103466	34.853357	9.377666	32.536315	7.442992	
110	16.237916	-9.237775	33.813014	8.337411	28.641382	3.548060	17.267555	-8.208047	34.842831	9.367139	32.565620	7.472297	
111	16.247910	-9.227782	33.912376	8.436774	28.733246	3.639924	17.168193	-8.307410	34.832837	9.357146	32.596402	7.503079	
112	16.257364	-9.218327	34.006448	8.530845	28.817379	3.724056	17.074121	-8.401481	34.823383	9.347691	32.628306	7.534983	
113	16.266274	-9.209417	34.095159	8.619556	28.894091	3.800769	16.985411	-8.490192	34.814473	9.338781	32.660953	7.567630	
114	16.274634	-9.201057	34.178445	8.702842	28.963716	3.870394	16.902124	-8.573478	34.806113	9.330421	32.693943	7.600621	
115	16.282440	-9.193252	34.256246	8.780643	29.026603	3.933280	16.824323	-8.651279	34.798307	9.322616	32.726866	7.633544	
116	16.289685	-9.186006	34.328506	8.852904	29.083105	3.989783	16.752063	-8.723540	34.791061	9.315370	32.759309	7.665987	
117	16.296368	-9.179324	34.395175	8.919572	29.133579	4.040257	16.685394	-8.790208	34.784379	9.308688	32.790864	7.697542	
118	16.302482	-9.173209	34.456203	8.980601	29.178370	4.085048	16.624366	-8.851237	34.778265	9.302573	32.821135	7.727813	
119	16.308025	-9.167666	34.511549	9.035947	29.217810	4.124488	16.569020	-8.906583	34.772722	9.297030	32.849746	7.756423	
120	16.312994	-9.162698	34.561174	9.085571	29.252211	4.158888	16.519395	-8.956207	34.767753	9.292062	32.876343	7.783020	
121	16.317385	-9.158307	34.605042	9.129439	29.281860	4.188537	16.475528	-9.000075	34.763362	9.287671	32.900603	7.807280	
122	16.321196	-9.154496	34.643122	9.167520	29.307015	4.213692	16.437447	-9.038156	34.759551	9.283860	32.922234	7.828911	
123	16.324424	-9.151267	34.675389	9.199787	29.327906	4.234583	16.405180	-9.070423	34.756323	9.280631	32.940979	7.847656	
124	16.327068	-9.148623	34.701820	9.226218	29.344729	4.251406	16.378749	-9.096854	34.753679	9.277987	32.956619	7.863296	
125	16.329126	-9.146565	34.722397	9.246794	29.357644	4.264321	16.358172	-9.117430	34.751621	9.275929	32.968973	7.875650	
126	16.330597	-9.145094	34.737104	9.261502	29.366778	4.273455	16.343465	-9.132138	34.750150	9.274458	32.977898	7.884575	
127	16.331480	-9.144212	34.745933	9.270331	29.372222	4.278900	16.334636	-9.140967	34.749267	9.273576	32.983294	7.889972	
128	16.331774	-9.143917	34.748877	9.273274	29.374031	7.891777	16.331692	-9.143910	34.748973	9.273281	32.985100	4.280708	
129	16.334718	-9.140974	34.749171	9.273569	32.983294	7.889972	16.331398	-9.144205	34.746029	9.270338	29.372222	4.278900	
130	16.343546	-9.132145	34.750054	9.274451	32.977898	7.884575	16.330515	-9.145087	34.737200	9.261509	29.366778	4.273455	
131	16.358254	-9.117437	34.751525	9.275922	32.968973	7.875650	16.329044	-9.146558	34.722493	9.246801	29.357644	4.264321	
132	16.378830	-9.096861	34.753583	9.277980	32.956619	7.863296	16.326986	-9.148616	34.701916	9.226225	29.344729	4.251406	
133	16.405261	-9.070430	34.756227	9.280624	32.940979	7.847656	16.324342	-9.151260	34.675485	9.199794	29.327906	4.234583	
134	16.437528	-9.038163	34.759455	9.283853	32.922234	7.828911	16.321114	-9.154489	34.643218	9.167527	29.307015	4.213692	
135	16.475609	-9.000082	34.763266	9.287664	32.900603	7.807280	16.317303	-9.158300	34.605138	9.129446	29.281860	4.188537	
136	16.519477	-8.956214	34.767657	9.292055	32.876343	7.783020	16.312912	-9.162691	34.561270	9.085578	29.252211	4.158888	
137	16.569101	-8.906590	34.772626	9.297023	32.849746	7.756423	16.307943	-9.167659	34.511645	9.035954	29.217810	4.124488	
138	16.624447	-8.851244	34.778169	9.302566	32.821135	7.727813	16.302400	-9.173202	34.456299	8.980608	29.178370	4.085048	
139	16.685476	-8.790215	34.784283	9.308681	32.790864	7.697542	16.296286	-9.179317	34.395271	8.919579	29.133579	4.040257	
140	16.752144	-8.723547	34.790965	9.315363	32.759309	7.665987	16.289604	-9.185999	34.328603	8.852911	29.083105	3.989783	
141	16.824405	-8.651287	34.798211	9.322609	32.726866	7.633544	16.282358	-9.193245	34.256342	8.780651	29.026603	3.933280	
142	16.902206	-8.573486	34.806017	9.330414	32.693943	7.600621	16.274552	-9.201050	34.178541	8.702850	28.963716	3.870394	
143	16.985492	-8.490200	34.814377	9.338774	32.660953	7.567630	16.266192	-9.209410	34.095255	8.619564	28.894091	3.800769	
144	17.074203	-8.401489	34.823287	9.347684	32.628306	7.534983	16.257282	-9.218320	34.006544	8.530853	28.817379	3.724056	
145	17.168274	-8.307418	34.832741	9.357139	32.596402	7.503079	16.247828	-9.227775	33.912473	8.436782	28.733246	3.639924	
146	17.267636	-8.208055	34.842735	9.367132	32.565620	7.472297	16.237834	-9.237768	33.813110	8.337419	28.641382	3.548060	
147	17.372217	-8.103474	34.853261	9.377659	32.536315	7.442992	16.227308	-9.248295	33.708530	8.232838	28.541508	3.448185	
148	17.481938	-7.993754	34.864314	9.388712	32.508807	7.415485	16.216255	-9.259348	33.598809	8.123118	28.433379	3.340056	
149	17.596716	-7.878976	34.875887	9.400285	32.483380	7.390057	16.204682	-9.270921	33.484031	8.008340	28.316795	3.223472	
150	17.716464	-7.759228	34.887974	9.412371	32.460273	7.366950	16.192595	-9.283007	33.364283	7.888592	28.191602	3.098279	
151	17.841089	-7.634603	34.900566	9.424964	32.439682	7.346359	16.180003	-9.295600	33.239658	7.763967	28.057691	2.964369	
152	17.970494	-7.505198	34.913657	9.438055	32.421761	7.328439	16.166912	-9.308691	33.110253	7.634562	27.915005	2.821682	
153	18.104575	-7.371116	34.927239	9.451637	32.406620	7.313297	16.153330	-9.322273	32.976172	7.500480	27.763529	2.670206	
154	18.243224	-7.232467	34.941304	9.465701	32.394327	7.301005	16.139265	-9.336337	32.837522	7.361831	27.603294	2.509971	
155	18.386327	-7.089364	34.955842	9.480240	32.384917	7.291594	16.124727	-9.350876	32.694420	7.218728	27.434371	2.341048	
156	18.533762	-6.941930	34.970847	9.495244	32.378391	7.285068	16.109722	-9.365880	32.546985	7.071294	27.256865	2.163543	
157	18.685401	-6.790290	34.986308	9.510705	32.374723	7.281400	16.094261	-9.381341	32.395346	6.919654	27.070914	1.977591	
158	18.841110	-6.634582	35.002216	9.526614	32.373864	7.280542	16.078353	-9.397250	32.239637	6.763946	26.876680	1.783357	
159	19.000745	-6.474947	35.018563	9.542960	32.375748	7.282426	16.062006	-9.413596	32.080002	6.604311	26.674347	1.581025	
160	19.164155	-6.311537	35.035338	9.559735	32.380294	7.286972	16.045231	-9.430371	31.916592	6.440901	26.464118	1.370795	
161	19.331178	-6.144513	35.052531	9.576928	32.387411	7.294088	16.028039	-9.447564	31.749569	6.273877	26.246206	1.152884	
162	19.501643	-5.974048	35.070131	9.594529	32.397000	7.303677	16.010438	-9.465165	31.579104	6.103412	26.020838	0.927516	
163	19.675365	-5.800326	35.088130	9.612527	32.408958	7.315635	15.992439	-9.483163	31.405381	5.929690	25.788247	0.694924	
164	19.852147	-5.623544	35.106515	9.630912	32.423180	7.329858	15.974054	-9.501548	31.228600	5.752908	25.548670	0.455347	
165	20.031775	-5.443917	35.125275	9.649673	32.439560	7.346238	15.955294	-9.520309	31.048972	5.573281	25.302350	0.209027	
166	20.214016	-5.261675	35.144400	9.668798	32.457993	7.364670	15.936169	-9.539434	30.866730	5.391039	25.049529	-0.043793	
167	20.398619	-5.077073	35.163878	9.688276	32.478375	7.385052	15.916691	-9.558912	30.682128	5.206437	24.790454	-0.302868	
168	20.585303	-4.890388	35.183698	9.708095	32.500604	7.407282	15.896871	-9.578731	30.495444	5.019752	24.525369	-0.567954	
169	20.773761	-4.701930	35.203847	9.728244	32.524584	7.431261	15.876722	-9.598880	30.306986	4.831294	24.254518	-0.838804	
170	20.963649	-4.512043	35.224313	9.748711	32.550218	7.456895	15.856256	-9.619347	30.117098	4.641407	23.978146	-1.115177	
171	21.154578	-4.321113	35.245085	9.769483	32.577416	7.484093	15.835484	-9.640119	29.926168	4.450477	23.696493	-1.396830	
172	21.346109	-4.129582	35.266150	9.790547	32.606089	7.512767	15.814420	-9.661183	29.734638	4.258946	23.409802	-1.683521	
173	21.537736	-3.937956	35.287494	9.811892	32.636154	7.542831	15.793075	-9.682528	29.543011	4.067320	23.118313	-1.975010	
174	21.728873	-3.746818	35.309106	9.833503	32.667529	7.574206	15.771463	-9.704139	29.351874	3.876182	22.822263	-2.271060	
175	21.918837	-3.556854	35.330972	9.855370	32.700137	7.606814	15.749597	-9.726006	29.161910	3.686218	22.521890	-2.571433	
176	22.106820	-3.368872	35.353080	9.877477	32.733903	7.640580	15.727489	-9.748113	28.973927	3.498236	22.217429	-2.875894	
177	22.291860	-3.183832	35.375415	9.899813	32.768756	7.675434	15.705154	-9.770449	28.788887	3.313196	21.909115	-3.184208	
178	22.472804	-3.002887	35.397965	9.922363	32.804628	7.711305	15.682604	-9.792999	28.607942	3.132251	21.597181	-3.496142	
179	22.648266	-2.827426	35.420716	9.945114	32.841453	7.748130	15.659853	-9.815750	28.432481	2.956790	21.281859	-3.811464	
180	22.816566	-2.659125	35.443655	9.968052	32.879166	7.785844	15.636914	-9.838688	28.264181	2.788489	20.963381	-4.129942	
181	22.975688	-2.500004	35.466767	9.991164	32.917709	7.824386	15.613802	-9.861800	28.105059	2.629368	20.641975	-4.451347	
182	23.123220	-2.352472	35.490039	10.014436	32.957020	7.863697	15.590531	-9.885072	27.957527	2.481836	20.317873	-4.775450	
183	23.256340	-2.219352	35.513456	10.037854	32.997044	7.903722	15.567113	-9.908490	27.824407	2.348716	19.991301	-5.102021	
184	23.371845	-2.103847	35.537005	10.061403	33.037726	7.944404	15.543564	-9.932039	27.708902	2.233211	19.662488	-5.430834	
185	23.466281	-2.009410	35.560672	10.085069	33.079013	7.985690	15.519897	-9.955705	27.614466	2.138774	19.331661	-5.761662	
186	23.536209	-1.939482	35.584442	10.108839	33.120852	8.027529	15.496128	-9.979475	27.544537	2.068846	18.999044	-6.094278	
187	23.578608	-1.897083	35.608300	10.132698	33.163194	8.069871	15.472269	-10.003334	27.502139	2.026447	18.664865	-6.428458	
188	27.489397	2.013705	35.632234	10.156631	33.205990	8.112667	15.448336	-10.027267	23.591350	-1.884341	18.329346	-6.763976	
189	27.507143	2.031452	35.656227	10.180624	33.249193	8.155870	15.424342	-10.051260	23.573604	-1.902088	17.992713	-7.100610	
190	27.554749	2.079058	35.680266	10.204663	33.292755	8.199433	15.400303	-10.075299	23.525998	-1.949694	17.655188	-7.438135	
191	27.630278	2.154587	35.704336	10.228734	33.336633	8.243310	15.376233	-10.099370	23.450469	-2.025223	17.316992	-7.776330	
192	27.730875	2.255184	35.728423	10.252821	33.380782	8.287459	15.352146	-10.123457	23.349871	-2.125820	16.978349	-8.114974	
193	27.853240	2.377548	35.752512	10.276910	33.425159	8.331836	15.328057	-10.147546	23.227507	-2.248184	16.639477	-8.453846	
194	27.994027	2.518336	35.776589	10.300987	33.469721	8.376399	15.303980	-10.171623	23.086720	-2.388972	16.300597	-8.792725	
195	28.150118	2.674426	35.800639	10.325036	33.514428	8.421106	15.279930	-10.195672	22.930629	-2.545062	15.961928	-9.131395	
196	28.318750	2.843059	35.824647	10.349045	33.559239	8.465917	15.255922	-10.219681	22.761997	-2.713695	15.623686	-9.469637	
197	28.497560	3.021868	35.848600	10.372997	33.604114	8.510792	15.231969	-10.243633	22.583187	-2.892504	15.286088	-9.807234	
198	28.684557	3.208866	35.872482	10.396880	33.649015	8.555692	15.208087	-10.267516	22.396190	-3.079502	14.949350	-10.143972	
199	28.878087	3.402396	35.896280	10.420677	33.693902	8.600580	15.184289	-10.291313	22.202660	-3.273032	14.613686	-10.479637	
200	29.076774	3.601083	35.919978	10.444375	33.738739	8.645417	15.160591	-10.315011	22.003973	-3.471719	14.279308	-10.814015	
201	29.279472	3.803781	35.943563	10.467960	33.783489	8.690166	15.137006	-10.338596	21.801275	-3.674417	13.946427	-11.146896	
202	29.485223	4.009532	35.967020	10.491417	33.828115	8.734792	15.113549	-10.362053	21.595524	-3.880168	13.615254	-11.478069	
203	29.693219	4.217527	35.990335	10.514733	33.872581	8.779259	15.090234	-10.385369	21.387528	-4.088163	13.285996	-11.807326	
204	29.902771	4.427080	36.013495	10.537892	33.916854	8.823531	15.067075	-10.408528	21.177976	-4.297716	12.958861	-12.134462	
205	30.113289	4.637598	36.036484	10.560881	33.960897	8.867575	15.044085	-10.431517	20.967458	-4.508234	12.634053	-12.459270	
206	30.324260	4.848569	36.059289	10.583687	34.004678	8.911356	15.021280	-10.454323	20.756487	-4.719205	12.311774	-12.781548	
207	30.535235	5.059544	36.081897	10.606295	34.048163	8.954841	14.998672	-10.476931	20.545512	-4.930180	11.992227	-13.101096	
208	30.745816	5.270124	36.104293	10.628691	34.091320	8.997997	14.976276	-10.499327	20.334931	-5.140760	11.675610	-13.417713	
209	30.955646	5.479955	36.126465	10.650862	34.134116	9.040793	14.954104	-10.521498	20.125101	-5.350591	11.362119	-13.731203	
210	31.164406	5.688714	36.148398	10.672796	34.176519	9.083197	14.932171	-10.543432	19.916341	-5.559350	11.051950	-14.041372	
211	31.371802	5.896111	36.170080	10.694477	34.218499	9.125177	14.910489	-10.565113	19.708945	-5.766747	10.745295	-14.348027	
212	31.577568	6.101877	36.191497	10.715894	34.260026	9.166703	14.889072	-10.586530	19.503179	-5.972513	10.442344	-14.650979	
213	31.781457	6.305766	36.212636	10.737033	34.301068	9.207746	14.867933	-10.607669	19.299290	-6.176402	10.143284	-14.950039	
214	31.983239	6.507548	36.233485	10.757882	34.341598	9.248275	14.847085	-10.628518	19.097508	-6.378184	9.848300	-15.245023	
215	32.182700	6.707008	36.254030	10.778428	34.381585	9.288263	14.826539	-10.649064	18.898047	-6.577644	9.557574	-15.535749	
216	32.379637	6.903946	36.274260	10.798658	34.421003	9.327680	14.806309	-10.669294	18.701109	-6.774582	9.271285	-15.822038	
217	32.573863	7.098171	36.294162	10.818560	34.459822	9.366500	14.786407	-10.689196	18.506884	-6.968807	8.989610	-16.103713	
218	32.765195	7.289504	36.313725	10.838122	34.498017	9.404694	14.766844	-10.708758	18.315552	-7.160140	8.712722	-16.380600	
219	32.953465	7.477773	36.332935	10.857333	34.535560	9.442237	14.747634	-10.727969	18.127282	-7.348409	8.440792	-16.652531	
220	33.138508	7.662817	36.351783	10.876180	34.572426	9.479103	14.728786	-10.746816	17.942239	-7.533453	8.173986	-16.919337	
221	33.320170	7.844478	36.370255	10.894653	34.608588	9.515266	14.710314	-10.765288	17.760577	-7.715114	7.912468	-17.180854	
222	33.498302	8.022610	36.388342	10.912739	34.644023	9.550701	14.692228	-10.783375	17.582445	-7.893246	7.656400	-17.436923	
223	33.672761	8.197070	36.406031	10.930428	34.678707	9.585384	14.674538	-10.801064	17.407986	-8.067705	7.405938	-17.687385	
224	33.843411	8.367720	36.423313	10.947710	34.712614	9.619292	14.657256	-10.818346	17.237336	-8.238356	7.161235	-17.932088	
225	34.010121	8.534430	36.440177	10.964574	34.745724	9.652401	14.640393	-10.835210	17.070626	-8.405066	6.922442	-18.170881	
226	34.172765	8.697073	36.456612	10.981009	34.778012	9.684689	14.623957	-10.851645	16.907982	-8.567709	6.689705	-18.403618	
227	34.331221	8.855530	36.472609	10.997006	34.809458	9.716135	14.607960	-10.867642	16.749526	-8.726166	6.463167	-18.630156	
228	34.485373	9.009682	36.488158	11.012555	34.840040	9.746718	14.592412	-10.883191	16.595373	-8.880318	6.242965	-18.850358	
229	34.635110	9.159419	36.503249	11.027646	34.869739	9.776416	14.577320	-10.898282	16.445637	-9.030055	6.029235	-19.064088	
230	34.780324	9.304632	36.517874	11.042271	34.898533	9.805210	14.562695	-10.912907	16.300423	-9.175268	5.822108	-19.271215	
231	34.920911	9.445220	36.532023	11.056420	34.926404	9.833081	14.548546	-10.927056	16.159836	-9.315856	5.621709	-19.471614	
232	35.056773	9.581082	36.545688	11.070085	34.953333	9.860011	14.534881	-10.940721	16.023974	-9.451718	5.428162	-19.665161	
233	35.187815	9.712123	36.558861	11.083258	34.979303	9.885980	14.521708	-10.953894	15.892932	-9.582759	5.241585	-19.851738	
234	35.313945	9.838254	36.571533	11.095930	35.004296	9.910974	14.509036	-10.966566	15.766801	-9.708890	5.062091	-20.031232	
235	35.435078	9.959386	36.583697	11.108095	35.028296	9.934973	14.496872	-10.978731	15.645669	-9.830022	4.889791	-20.203532	
236	35.551129	10.075438	36.595346	11.119743	35.051287	9.957964	14.485223	-10.990379	15.529617	-9.946074	4.724789	-20.368534	
237	35.662021	10.186330	36.606472	11.130869	35.073254	9.979931	14.474097	-11.001505	15.418726	-10.056966	4.567186	-20.526137	
238	35.767678	10.291986	36.617069	11.141466	35.094181	10.000859	14.463500	-11.012102	15.313069	-10.162622	4.417078	-20.676245	
239	35.868028	10.392336	36.627130	11.151528	35.114057	10.020734	14.453439	-11.022164	15.212719	-10.262972	4.274557	-20.818766	
240	35.963004	10.487313	36.636649	11.161047	35.132867	10.039544	14.443920	-11.031683	15.117743	-10.357949	4.139710	-20.953613	
241	36.052543	10.576852	36.645621	11.170019	35.150599	10.057276	14.434948	-11.040655	15.028204	-10.447488	4.012618	-21.080705	
242	36.136585	10.660894	36.654040	11.178437	35.167242	10.073919	14.426529	-11.049073	14.944162	-10.531530	3.893360	-21.199963	
243	36.215074	10.739383	36.661900	11.186298	35.182785	10.089462	14.418669	-11.056934	14.865673	-10.610019	3.782008	-21.311315	
244	36.287959	10.812267	36.669198	11.193595	35.197217	10.103895	14.411371	-11.064231	14.792788	-10.682903	3.678629	-21.414693	
245	36.355190	10.879498	36.675928	11.200325	35.210530	10.117207	14.404641	-11.070961	14.725557	-10.750134	3.583288	-21.510035	
246	36.416723	10.941032	36.682087	11.206484	35.222714	10.129391	14.398482	-11.077120	14.664023	-10.811668	3.496042	-21.597281	
247	36.472519	10.996828	36.687670	11.212068	35.233762	10.140439	14.392899	-11.082704	14.608228	-10.867464	3.416943	-21.676379	
248	36.522540	11.046849	36.692675	11.217073	35.243666	10.150343	14.387894	-11.087709	14.558207	-10.917485	3.346041	-21.747281	
249	36.566753	11.091062	36.697098	11.221496	35.252420	10.159098	14.383471	-11.092132	14.513993	-10.961698	3.283379	-21.809944	
250	36.605130	11.129439	36.700937	11.225335	35.260019	10.166696	14.379632	-11.095971	14.475616	-11.000075	3.228994	-21.864329	
251	36.637646	11.161954	36.704190	11.228587	35.266457	10.173134	14.376380	-11.099223	14.443101	-11.032590	3.182920	-21.910403	
252	36.664278	11.188587	36.706853	11.231251	35.271730	10.178407	14.373716	-11.101887	14.416469	-11.059223	3.145184	-21.948138	
253	36.685010	11.209319	36.708927	11.233324	35.275835	10.182512	14.371642	-11.103960	14.395736	-11.079955	3.115811	-21.977512	
254	36.699829	11.224137	36.710409	11.234806	35.278768	10.185446	14.370161	-11.105442	14.380918	-11.094773	3.094817	-21.998506	
255	36.708724	11.233032	36.711298	11.235696	35.280530	10.187207	14.369271	-11.106332	14.372023	-11.103668	3.082215	-22.011107	
256	36.711595	11.235992	36.711689	11.235998	35.281117	10.187794	14.368974	-11.106634	14.369058	-11.106628	3.078014	-22.015309	
257	36.706452	11.230806	36.710308	11.234660	35.279942	10.186619	14.370350	-11.105296	14.374206	-11.101442	3.086416	-22.006906	
258	36.690891	11.215244	36.706300	11.230653	35.276412	10.183089	14.374358	-11.101289	14.389767	-11.085880	3.111611	-21.981712	
259	36.664978	11.189331	36.699613	11.223966	35.270509	10.177186	14.381045	-11.094602	14.415680	-11.059967	3.153563	-21.939760	
260	36.628747	11.153100	36.690234	11.214587	35.262205	10.168882	14.390424	-11.085223	14.451911	-11.023736	3.212214	-21.881108	
261	36.582245	11.106598	36.678145	11.202498	35.251460	10.158137	14.402513	-11.073134	14.498413	-10.977234	3.287483	-21.805840	
262	36.525533	11.049886	36.663324	11.187677	35.238224	10.144901	14.417334	-11.058313	14.555125	-10.920522	3.379265	-21.714058	
263	36.458686	10.983039	36.645745	11.170098	35.222434	10.129112	14.434913	-11.040734	14.621972	-10.853675	3.487432	-21.605891	
264	36.381791	10.906144	36.625376	11.149729	35.204019	10.110696	14.455282	-11.020365	14.698867	-10.776780	3.611834	-21.481488	
265	36.294947	10.819300	36.602181	11.126534	35.182895	10.089573	14.478477	-10.997170	14.785711	-10.689936	3.752300	-21.341023	
266	36.198268	10.722621	36.576120	11.100473	35.158970	10.065647	14.504538	-10.971109	14.882390	-10.593257	3.908634	-21.184689	
267	36.091879	10.616232	36.547148	11.071501	35.132139	10.038817	14.533510	-10.942137	14.988779	-10.486868	4.080620	-21.012703	
268	35.975920	10.500273	36.515217	11.039570	35.102292	10.008969	14.565441	-10.910206	15.104738	-10.370909	4.268021	-20.825302	
269	35.850539	10.374892	36.480275	11.004628	35.069306	9.975983	14.600383	-10.875264	15.230119	-10.245528	4.470580	-20.622743	
270	35.715901	10.240254	36.442268	10.966621	35.033052	9.939729	14.638390	-10.837257	15.364757	-10.110890	4.688016	-20.405306	
271	35.572179	10.096532	36.401136	10.925489	34.993390	9.900068	14.679522	-10.796125	15.508479	-9.967168	4.920034	-20.173289	
272	35.419559	9.943912	36.356818	10.881171	34.950177	9.856854	14.723840	-10.751807	15.661099	-9.814548	5.166314	-19.927009	
273	35.258238	9.782591	36.309250	10.833603	34.903257	9.809934	14.771408	-10.704239	15.822420	-9.653227	5.426520	-19.666803	
274	35.088424	9.612777	36.258366	10.782719	34.852472	9.759149	14.822292	-10.653355	15.992234	-9.483413	5.700299	-19.393024	
275	34.910336	9.434689	36.204098	10.728451	34.797656	9.704334	14.876560	-10.599087	16.170322	-9.305325	5.987279	-19.106044	
276	34.724201	9.248554	36.146377	10.670730	34.738639	9.645316	14.934281	-10.541366	16.356457	-9.119190	6.287070	-18.806253	
277	34.530260	9.054613	36.085131	10.609484	34.675245	9.581922	14.995527	-10.480120	16.550398	-8.925249	6.599269	-18.494054	
278	34.328760	8.853113	36.020290	10.544643	34.607295	9.513972	15.060368	-10.415279	16.751898	-8.723749	6.923456	-18.169867	
279	34.119959	8.644312	35.951783	10.476136	34.534605	9.441283	15.128875	-10.346772	16.960699	-8.514948	7.259195	-17.834128	
280	33.904124	8.428477	35.879537	10.403890	34.456992	9.363669	15.201121	-10.274526	17.176534	-8.299113	7.606038	-17.487285	
281	33.681530	8.205883	35.803483	10.327836	34.374268	9.280945	15.277175	-10.198472	17.399128	-8.076519	7.963524	-17.129799	
282	33.452461	7.976814	35.723550	10.247903	34.286246	9.192923	15.357108	-10.118539	17.628197	-7.847450	8.331177	-16.762146	
283	33.217209	7.741562	35.639673	10.164026	34.192737	9.099414	15.440985	-10.034662	17.863449	-7.612198	8.708513	-16.384810	
284	32.976074	7.500427	35.551785	10.076138	34.093555	9.000232	15.528873	-9.946774	18.104584	-7.371063	9.095034	-15.998289	
285	32.729361	7.253715	35.459824	9.984177	33.988515	8.895192	15.620834	-9.854813	18.351296	-7.124350	9.490233	-15.603090	
286	32.477387	7.001740	35.363733	9.888086	33.877434	8.784111	15.716925	-9.758722	18.603271	-6.872376	9.893594	-15.199729	
287	32.220473	6.744826	35.263456	9.787809	33.760134	8.666811	15.817202	-9.658445	18.860185	-6.615462	10.304591	-14.788732	
288	31.958947	6.483300	35.158947	9.683300	33.636439	8.543116	15.921711	-9.553936	19.121711	-6.353936	10.722692	-14.370631	
289	31.693145	6.217498	35.050162	9.574515	33.506182	8.412859	16.030496	-9.445151	19.387513	-6.088134	11.147355	-13.945968	
290	31.423410	5.947763	34.937065	9.461418	33.369201	8.275879	16.143593	-9.332054	19.657248	-5.818399	11.578032	-13.515290	
291	31.150091	5.674444	34.819629	9.343982	33.225343	8.132020	16.261029	-9.214618	19.930567	-5.545080	12.014171	-13.079152	
292	30.873546	5.397899	34.697835	9.222188	33.074463	7.981140	16.382823	-9.092824	20.207112	-5.268535	12.455210	-12.638113	
293	30.594141	5.118494	34.571677	9.096030	32.916427	7.823105	16.508981	-8.966666	20.486517	-4.989130	12.900585	-12.192738	
294	30.312248	4.836601	34.441159	8.965512	32.751116	7.657793	16.639499	-8.836148	20.768410	-4.707237	13.349723	-11.743600	
295	30.028250	4.552603	34.306298	8.830651	32.578422	7.485099	16.774360	-8.701287	21.052408	-4.423239	13.802048	-11.291275	
296	29.742541	4.266894	34.167128	8.691481	32.398254	7.304931	16.913530	-8.562117	21.338117	-4.137530	14.256978	-10.836345	
297	29.455527	3.979880	34.023703	8.548057	32.210539	7.117216	17.056954	-8.418692	21.625131	-3.850516	14.713922	-10.379401	
298	29.167627	3.691980	33.876096	8.400449	32.015227	6.921904	17.204562	-8.271085	21.913031	-3.562616	15.172285	-9.921038	
299	28.879276	3.403629	33.724405	8.248758	31.812288	6.718965	17.356253	-8.119394	22.201382	-3.274265	15.631459	-9.461863	
300	28.590932	3.115285	33.568757	8.093110	31.601724	6.508401	17.511901	-7.963746	22.489726	-2.985921	16.090829	-9.002494	
301	28.303076	2.827429	33.409313	7.933666	31.383566	6.290243	17.671345	-7.804302	22.777582	-2.698065	16.549761	-8.543562	
302	28.016217	2.540570	33.246276	7.770629	31.157886	6.064563	17.834382	-7.641265	23.064441	-2.411206	17.007605	-8.085718	
303	27.730906	2.255259	33.079894	7.604248	30.924800	5.831477	18.000763	-7.474884	23.349752	-2.125895	17.463685	-7.629638	
304	27.447738	1.972091	32.910479	7.434832	30.684481	5.591158	18.170179	-7.305468	23.632920	-1.842727	17.917291	-7.176032	
305	27.167368	1.691721	32.738411	7.262764	30.437169	5.343846	18.342247	-7.133400	23.913290	-1.562357	18.367669	-6.725654	
306	26.890528	1.414881	32.564162	7.088515	30.183191	5.089869	18.516496	-6.959151	24.190130	-1.285517	18.814002	-6.279321	
307	26.618047	1.142400	32.388311	6.912664	29.922985	4.829662	18.692347	-6.783300	24.462611	-1.013036	19.255391	-5.837932	
308	26.350876	0.875229	32.211579	6.735932	29.657130	4.563808	18.869079	-6.606568	24.729782	-0.745865	19.690818	-5.402505	
309	26.090129	0.614482	32.034861	6.559214	29.386399	4.293076	19.045797	-6.429850	24.990529	-0.485118	20.119103	-4.974219	
310	25.837124	0.361477	31.859272	6.383625	29.111823	4.018501	19.221386	-6.254261	25.243534	-0.232113	20.538835	-4.554488	
311	25.593443	0.117796	31.686209	6.210562	28.834797	3.741474	19.394449	-6.081198	25.487215	0.011568	20.948270	-4.145053	
312	25.361005	-0.114642	31.517419	6.041772	28.557223	3.463900	19.563239	-5.912408	25.719653	0.244006	21.345185	-3.748138	
313	25.142145	-0.333502	31.355086	5.879440	28.281745	3.188422	19.725571	-5.750075	25.938512	0.462866	21.726651	-3.366672	
314	24.939707	-0.535940	31.201916	5.726270	28.012074	2.918751	19.878741	-5.596906	26.140951	0.665304	22.088699	-3.004624	
315	24.757106	-0.718541	31.061206	5.585559	27.753482	2.660160	20.019452	-5.456195	26.323552	0.847905	22.425836	-2.667487	
316	24.598341	-0.877306	30.936854	5.461207	27.513456	2.420133	20.143804	-5.331843	26.482317	1.006670	22.730387	-2.362936	
317	24.467873	-1.007774	30.833238	5.357591	27.302405	2.209082	20.247420	-5.228227	26.612785	1.137138	22.991785	-2.101538	
318	24.370299	-1.105348	30.754890	5.279243	27.133954	2.040631	20.325768	-5.149879	26.710359	1.234712	23.196285	-1.897038	
319	24.309770	-1.165877	30.705915	5.230268	27.023690	1.930367	20.374743	-5.100904	26.770888	1.295241	23.328214	-1.765109	
320	20.391423	-1.186412	24.289235	5.213588	23.374031	1.891777	26.791423	-5.084224	30.689235	1.315776	-1.765109	-1.719292	
321	20.374743	-5.100904	26.770888	1.295241	23.328214	-1.765109	24.309770	-1.165877	30.705915	5.230268	27.023690	1.930367	
322	20.325768	-5.149879	26.710359	1.234712	23.196285	-1.897038	24.370299	-1.105348	30.754890	5.279243	27.133954	2.040631	
323	20.247420	-5.228227	26.612785	1.137138	22.991785	-2.101538	24.467873	-1.007774	30.833238	5.357591	27.302405	2.209082	
324	20.143804	-5.331843	26.482317	1.006670	22.730387	-2.362936	24.598341	-0.877306	30.936854	5.461207	27.513456	2.420133	
325	20.019452	-5.456195	26.323552	0.847905	22.425836	-2.667487	24.757106	-0.718541	31.061206	5.585559	27.753482	2.660160	
326	19.878741	-5.596906	26.140951	0.665304	22.088699	-3.004624	24.939707	-0.535940	31.201916	5.726270	28.012074	2.918751	
327	19.725571	-5.750075	25.938512	0.462866	21.726651	-3.366672	25.142145	-0.333502	31.355086	5.879440	28.281745	3.188422	
328	19.563239	-5.912408	25.719653	0.244006	21.345185	-3.748138	25.361005	-0.114642	31.517419	6.041772	28.557223	3.463900	
329	19.394449	-6.081198	25.487215	0.011568	20.948270	-4.145053	25.593443	0.117796	31.686209	6.210562	28.834797	3.741474	
330	19.221386	-6.254261	25.243534	-0.232113	20.538835	-4.554488	25.837124	0.361477	31.859272	6.383625	29.111823	4.018501	
331	19.045797	-6.429850	24.990529	-0.485118	20.119103	-4.974219	26.090129	0.614482	32.034861	6.559214	29.386399	4.293076	
332	18.869079	-6.606568	24.729782	-0.745865	19.690818	-5.402505	26.350876	0.875229	32.211579	6.735932	29.657130	4.563808	
333	18.692347	-6.783300	24.462611	-1.013036	19.255391	-5.837932	26.618047	1.142400	32.388311	6.912664	29.922985	4.829662	
334	18.516496	-6.959151	24.190130	-1.285517	18.814002	-6.279321	26.890528	1.414881	32.564162	7.088515	30.183191	5.089869	
335	18.342247	-7.133400	23.913290	-1.562357	18.367669	-6.725654	27.167368	1.691721	32.738411	7.262764	30.437169	5.343846	
336	18.170179	-7.305468	23.632920	-1.842727	17.917291	-7.176032	27.447738	1.972091	32.910479	7.434832	30.684481	5.591158	
337	18.000763	-7.474884	23.349752	-2.125895	17.463685	-7.629638	27.730906	2.255259	33.079894	7.604248	30.924800	5.831477	
338	17.834382	-7.641265	23.064441	-2.411206	17.007605	-8.085718	28.016217	2.540570	33.246276	7.770629	31.157886	6.064563	
339	17.671345	-7.804302	22.777582	-2.698065	16.549761	-8.543562	28.303076	2.827429	33.409313	7.933666	31.383566	6.290243	
340	17.511901	-7.963746	22.489726	-2.985921	16.090829	-9.002494	28.590932	3.115285	33.568757	8.093110	31.601724	6.508401	
341	17.356253	-8.119394	22.201382	-3.274265	15.631459	-9.461863	28.879276	3.403629	33.724405	8.248758	31.812288	6.718965	
342	17.204562	-8.271085	21.913031	-3.562616	15.172285	-9.921038	29.167627	3.691980	33.876096	8.400449	32.015227	6.921904	
343	17.056954	-8.418692	21.625131	-3.850516	14.713922	-10.379401	29.455527	3.979880	34.023703	8.548057	32.210539	7.117216	
344	16.913530	-8.562117	21.338117	-4.137530	14.256978	-10.836345	29.742541	4.266894	34.167128	8.691481	32.398254	7.304931	
345	16.774360	-8.701287	21.052408	-4.423239	13.802048	-11.291275	30.028250	4.552603	34.306298	8.830651	32.578422	7.485099	
346	16.639499	-8.836148	20.768410	-4.707237	13.349723	-11.743600	30.312248	4.836601	34.441159	8.965512	32.751116	7.657793	
347	16.508981	-8.966666	20.486517	-4.989130	12.900585	-12.192738	30.594141	5.118494	34.571677	9.096030	32.916427	7.823105	
348	16.382823	-9.092824	20.207112	-5.268535	12.455210	-12.638113	30.873546	5.397899	34.697835	9.222188	33.074463	7.981140	
349	16.261029	-9.214618	19.930567	-5.545080	12.014171	-13.079152	31.150091	5.674444	34.819629	9.343982	33.225343	8.132020	
350	16.143593	-9.332054	19.657248	-5.818399	11.578032	-13.515290	31.423410	5.947763	34.937065	9.461418	33.369201	8.275879	
351	16.030496	-9.445151	19.387513	-6.088134	11.147355	-13.945968	31.693145	6.217498	35.050162	9.574515	33.506182	8.412859	
352	15.921711	-9.553936	19.121711	-6.353936	10.722692	-14.370631	31.958947	6.483300	35.158947	9.683300	33.636439	8.543116	
353	15.817202	-9.658445	18.860185	-6.615462	10.304591	-14.788732	32.220473	6.744826	35.263456	9.787809	33.760134	8.666811	
354	15.716925	-9.758722	18.603271	-6.872376	9.893594	-15.199729	32.477387	7.001740	35.363733	9.888086	33.877434	8.784111	
355	15.620834	-9.854813	18.351296	-7.124350	9.490233	-15.603090	32.729361	7.253715	35.459824	9.984177	33.988515	8.895192	
356	15.528873	-9.946774	18.104584	-7.371063	9.095034	-15.998289	32.976074	7.500427	35.551785	10.076138	34.093555	9.000232	
357	15.440985	-10.034662	17.863449	-7.612198	8.708513	-16.384810	33.217209	7.741562	35.639673	10.164026	34.192737	9.099414	
358	15.357108	-10.118539	17.628197	-7.847450	8.331177	-16.762146	33.452461	7.976814	35.723550	10.247903	34.286246	9.192923	
359	15.277175	-10.198472	17.399128	-8.076519	7.963524	-17.129799	33.681530	8.205883	35.803483	10.327836	34.374268	9.280945	
360	15.201121	-10.274526	17.176534	-8.299113	7.606038	-17.487285	33.904124	8.428477	35.879537	10.403890	34.456992	9.363669	
361	15.128875	-10.346772	16.960699	-8.514948	7.259195	-17.834128	34.119959	8.644312	35.951783	10.476136	34.534605	9.441283	
362	15.060368	-10.415279	16.751898	-8.723749	6.923456	-18.169867	34.328760	8.853113	36.020290	10.544643	34.607295	9.513972	
363	14.995527	-10.480120	16.550398	-8.925249	6.599269	-18.494054	34.530260	9.054613	36.085131	10.609484	34.675245	9.581922	
364	14.934281	-10.541366	16.356457	-9.119190	6.287070	-18.806253	34.724201	9.248554	36.146377	10.670730	34.738639	9.645316	
365	14.876560	-10.599087	16.170322	-9.305325	5.987279	-19.106044	34.910336	9.434689	36.204098	10.728451	34.797656	9.704334	
366	14.822292	-10.653355	15.992234	-9.483413	5.700299	-19.393024	35.088424	9.612777	36.258366	10.782719	34.852472	9.759149	
367	14.771408	-10.704239	15.822420	-9.653227	5.426520	-19.666803	35.258238	9.782591	36.309250	10.833603	34.903257	9.809934	
368	14.723840	-10.751807	15.661099	-9.814548	5.166314	-19.927009	35.419559	9.943912	36.356818	10.881171	34.950177	9.856854	
369	14.679522	-10.796125	15.508479	-9.967168	4.920034	-20.173289	35.572179	10.096532	36.401136	10.925489	34.993390	9.900068	
370	14.638390	-10.837257	15.364757	-10.110890	4.688016	-20.405306	35.715901	10.240254	36.442268	10.966621	35.033052	9.939729	
371	14.600383	-10.875264	15.230119	-10.245528	4.470580	-20.622743	35.850539	10.374892	36.480275	11.004628	35.069306	9.975983	
372	14.565441	-10.910206	15.104738	-10.370909	4.268021	-20.825302	35.975920	10.500273	36.515217	11.039570	35.102292	10.008969	
373	14.533510	-10.942137	14.988779	-10.486868	4.080620	-21.012703	36.091879	10.616232	36.547148	11.071501	35.132139	10.038817	
374	14.504538	-10.971109	14.882390	-10.593257	3.908634	-21.184689	36.198268	10.722621	36.576120	11.100473	35.158970	10.065647	
375	14.478477	-10.997170	14.785711	-10.689936	3.752300	-21.341023	36.294947	10.819300	36.602181	11.126534	35.182895	10.089573	
376	14.455282	-11.020365	14.698867	-10.776780	3.611834	-21.481488	36.381791	10.906144	36.625376	11.149729	35.204019	10.110696	
377	14.434913	-11.040734	14.621972	-10.853675	3.487432	-21.605891	36.458686	10.983039	36.645745	11.170098	35.222434	10.129112	
378	14.417334	-11.058313	14.555125	-10.920522	3.379265	-21.714058	36.525533	11.049886	36.663324	11.187677	35.238224	10.144901	
379	14.402513	-11.073134	14.498413	-10.977234	3.287483	-21.805840	36.582245	11.106598	36.678145	11.202498	35.251460	10.158137	
380	14.390424	-11.085223	14.451911	-11.023736	3.212214	-21.881108	36.628747	11.153100	36.690234	11.214587	35.262205	10.168882	
381	14.381045	-11.094602	14.415680	-11.059967	3.153563	-21.939760	36.664978	11.189331	36.699613	11.223966	35.270509	10.177186	
382	14.374358	-11.101289	14.389767	-11.085880	3.111611	-21.981712	36.690891	11.215244	36.706300	11.230653	35.276412	10.183089	
383	14.370350	-11.105296	14.374206	-11.101442	3.086416	-22.006906	36.706452	11.230806	36.710308	11.234660	35.279942	10.186619	
384	14.368974	-11.106634	14.369058	-11.106628	3.078014	-22.015309	36.711595	11.235992	36.711689	11.235998	35.281117	10.187794	
