#p	a1_up	a1_dn	b1_up	b1_dn	c1_up	c1_dn	a2_up	a2_dn	b2_up	b2_dn	c2_up	c2_dn	NaN
0	3.749420	3.730194	3.749420	3.730194	-7.214783	-7.231262	25.749420	25.730194	25.749420	25.730194	24.785217	24.768738	
1	3.749721	3.730495	3.752432	3.733206	-7.210566	-7.227046	25.746409	25.727182	25.749119	25.729893	24.784615	24.768135	
2	3.750625	3.731398	3.761465	3.742239	-7.197919	-7.214399	25.737375	25.718149	25.748216	25.728990	24.782808	24.766329	
3	3.752130	3.732903	3.776515	3.757289	-7.176849	-7.193329	25.722325	25.703099	25.746711	25.727485	24.779798	24.763319	
4	3.754235	3.735009	3.797573	3.778347	-7.147369	-7.163848	25.701268	25.682042	25.744605	25.725379	24.775587	24.759107	
5	3.756940	3.737714	3.824625	3.805399	-7.109496	-7.125976	25.674216	25.654990	25.741900	25.722674	24.770176	24.753697	
6	3.760244	3.741017	3.857655	3.838429	-7.063254	-7.079733	25.641185	25.621959	25.738597	25.719371	24.763570	24.747091	
7	3.764142	3.744916	3.896644	3.877418	-7.008670	-7.025149	25.602197	25.582971	25.734698	25.715472	24.755773	24.739293	
8	3.768635	3.749409	3.941567	3.922341	-6.945777	-6.962256	25.557273	25.538047	25.730206	25.710980	24.746788	24.730308	
9	3.773718	3.754492	3.992399	3.973173	-6.874613	-6.891092	25.506442	25.487216	25.725122	25.705896	24.736622	24.720142	
10	3.779389	3.760163	4.049107	4.029881	-6.795220	-6.811700	25.449733	25.430507	25.719452	25.700225	24.725280	24.708800	
11	3.785644	3.766418	4.111659	4.092433	-6.707648	-6.724127	25.387181	25.367955	25.713196	25.693970	24.712769	24.696290	
12	3.792480	3.773254	4.180017	4.160791	-6.611947	-6.628427	25.318824	25.299598	25.706361	25.687135	24.699098	24.682618	
13	3.799892	3.780666	4.254138	4.234912	-6.508177	-6.524657	25.244702	25.225476	25.698948	25.679722	24.684274	24.667794	
14	3.807876	3.788650	4.333979	4.314753	-6.396400	-6.412879	25.164861	25.145635	25.690964	25.671738	24.668305	24.651826	
15	3.816427	3.797201	4.419492	4.400266	-6.276682	-6.293161	25.079348	25.060122	25.682413	25.663187	24.651203	24.634723	
16	3.825540	3.806314	4.510625	4.491399	-6.149096	-6.165576	24.988216	24.968990	25.673300	25.654074	24.632976	24.616497	
17	3.835210	3.815984	4.607322	4.588096	-6.013719	-6.030199	24.891518	24.872292	25.663630	25.644404	24.613637	24.597157	
18	3.845431	3.826205	4.709527	4.690301	-5.870633	-5.887112	24.789313	24.770087	25.653410	25.634184	24.593196	24.576716	
19	3.856196	3.836970	4.817177	4.797951	-5.719923	-5.736402	24.681663	24.662437	25.642645	25.623419	24.571666	24.555186	
20	3.867499	3.848273	4.930207	4.910981	-5.561680	-5.578160	24.568633	24.549407	25.631342	25.612116	24.549060	24.532580	
21	3.879333	3.860107	5.048550	5.029324	-5.396001	-5.412480	24.450290	24.431064	25.619507	25.600281	24.525391	24.508912	
22	3.891691	3.872465	5.172134	5.152908	-5.222983	-5.239463	24.326706	24.307480	25.607149	25.587923	24.500675	24.484195	
23	3.904566	3.885340	5.300884	5.281658	-5.042733	-5.059212	24.197956	24.178730	25.594274	25.575048	24.474924	24.458445	
24	3.917950	3.898724	5.434724	5.415498	-4.855357	-4.871837	24.064116	24.044890	25.580890	25.561664	24.448157	24.431677	
25	3.931835	3.912609	5.573572	5.554346	-4.660970	-4.677450	23.925268	23.906042	25.567005	25.547779	24.420387	24.403907	
26	3.946212	3.926986	5.717345	5.698119	-4.459688	-4.476168	23.781496	23.762270	25.552628	25.533402	24.391632	24.375153	
27	3.961074	3.941848	5.865956	5.846730	-4.251633	-4.268112	23.632885	23.613659	25.537767	25.518541	24.361910	24.345431	
28	3.976410	3.957183	6.019315	6.000089	-4.036929	-4.053409	23.479525	23.460299	25.522431	25.503205	24.331238	24.314759	
29	3.992211	3.972985	6.177332	6.158105	-3.815707	-3.832186	23.321509	23.302283	25.506629	25.487403	24.299635	24.283156	
30	4.008469	3.989243	6.339909	6.320683	-3.588099	-3.604578	23.158932	23.139706	25.490371	25.471145	24.267120	24.250640	
31	4.025173	4.005947	6.506949	6.487723	-3.354242	-3.370721	22.991891	22.972665	25.473667	25.454441	24.233711	24.217232	
32	4.042313	4.023087	6.678352	6.659126	-3.114278	-3.130757	22.820488	22.801262	25.456527	25.437301	24.199431	24.182951	
33	4.059879	4.040653	6.854015	6.834788	-2.868350	-2.884830	22.644826	22.625600	25.438961	25.419735	24.164298	24.147819	
34	4.077861	4.058635	7.033830	7.014604	-2.616608	-2.633088	22.465010	22.445784	25.420979	25.401753	24.128335	24.111856	
35	4.096247	4.077021	7.217692	7.198465	-2.359203	-2.375682	22.281149	22.261923	25.402593	25.383367	24.091563	24.075084	
36	4.115027	4.095801	7.405487	7.386261	-2.096289	-2.112768	22.093353	22.074127	25.383814	25.364588	24.054004	24.037524	
37	4.134188	4.114962	7.597104	7.577878	-1.828025	-1.844505	21.901736	21.882510	25.364652	25.345426	24.015681	23.999201	
38	4.153721	4.134495	7.792427	7.773201	-1.554573	-1.571053	21.706413	21.687187	25.345120	25.325894	23.976616	23.960136	
39	4.173612	4.154386	7.991338	7.972112	-1.276097	-1.292577	21.507502	21.488276	25.325229	25.306002	23.936834	23.920354	
40	4.193850	4.174624	8.193718	8.174492	-0.992766	-1.009246	21.305123	21.285897	25.304991	25.285764	23.896358	23.879878	
41	4.214422	4.195196	8.399444	8.380218	-0.704749	-0.721229	21.099397	21.080171	25.284418	25.265192	23.855213	23.838733	
42	4.235317	4.216091	8.608392	8.589166	-0.412221	-0.428701	20.890448	20.871222	25.263523	25.244297	23.813423	23.796943	
43	4.256522	4.237296	8.820438	8.801212	-0.115357	-0.131837	20.678402	20.659176	25.242319	25.223092	23.771014	23.754534	
44	4.278023	4.258797	9.035453	9.016226	0.185663	0.169183	20.463388	20.444162	25.220817	25.201591	23.728011	23.711531	
45	4.299809	4.280583	9.253307	9.234080	0.490659	0.474179	20.245534	20.226308	25.199032	25.179806	23.684440	23.667961	
46	4.321865	4.302639	9.473869	9.454643	0.799446	0.782966	20.024971	20.005745	25.176975	25.157749	23.640328	23.623848	
47	4.344179	4.324953	9.697007	9.677781	1.111839	1.095359	19.801834	19.782608	25.154662	25.135436	23.595700	23.579220	
48	4.366737	4.347511	9.922586	9.903359	1.427649	1.411170	19.576255	19.557029	25.132104	25.112878	23.550584	23.534105	
49	4.389525	4.370299	10.150469	10.131243	1.746687	1.730207	19.348371	19.329145	25.109315	25.090089	23.505007	23.488528	
50	4.412530	4.393304	10.380521	10.361295	2.068759	2.052280	19.118319	19.099093	25.086310	25.067084	23.458997	23.442518	
51	4.435738	4.416512	10.612602	10.593376	2.393673	2.377193	18.886238	18.867012	25.063102	25.043876	23.412581	23.396101	
52	4.459135	4.439909	10.846573	10.827347	2.721232	2.704752	18.652267	18.633041	25.039705	25.020479	23.365787	23.349307	
53	4.482707	4.463481	11.082292	11.063066	3.051239	3.034759	18.416548	18.397322	25.016133	24.996907	23.318643	23.302163	
54	4.506440	4.487214	11.319618	11.300392	3.383495	3.367015	18.179222	18.159996	24.992401	24.973174	23.271178	23.254698	
55	4.530319	4.511093	11.558407	11.539181	3.717800	3.701320	17.940433	17.921207	24.968522	24.949295	23.223420	23.206940	
56	4.554330	4.535104	11.798516	11.779290	4.053953	4.037473	17.700324	17.681098	24.944511	24.925285	23.175398	23.158918	
57	4.578458	4.559232	12.039801	12.020575	4.391751	4.375271	17.459040	17.439814	24.920382	24.901156	23.127141	23.110662	
58	4.602690	4.583463	12.282115	12.262889	4.730991	4.714511	17.216726	17.197500	24.896151	24.876925	23.078678	23.062199	
59	4.627009	4.607783	12.525313	12.506087	5.071468	5.054988	16.973528	16.954302	24.871831	24.852605	23.030039	23.013559	
60	4.651403	4.632177	12.769248	12.750022	5.412977	5.396498	16.729592	16.710366	24.847437	24.828211	22.981252	22.964772	
61	4.675855	4.656629	13.013774	12.994548	5.755313	5.738834	16.485067	16.465841	24.822985	24.803759	22.932346	22.915867	
62	4.700352	4.681126	13.258742	13.239516	6.098270	6.081790	16.240098	16.220872	24.798488	24.779262	22.883353	22.866873	
63	4.724879	4.705653	13.504007	13.484780	6.441640	6.425161	15.994834	15.975608	24.773962	24.754735	22.834300	22.817820	
64	4.749420	4.730194	13.749419	13.730192	6.785217	6.768738	15.749422	15.730196	24.749420	24.730194	22.785217	22.768738	
65	4.773961	4.754735	13.994830	13.975604	7.128794	7.112315	15.504010	15.484784	24.724879	24.705653	22.736135	22.719655	
66	4.798488	4.779262	14.240094	14.220868	7.472165	7.455685	15.258747	15.239521	24.700353	24.681127	22.687082	22.670603	
67	4.822985	4.803758	14.485060	14.465834	7.815121	7.798642	15.013781	14.994555	24.675856	24.656630	22.638088	22.621609	
68	4.847437	4.828211	14.729509	14.710283	8.157457	8.140978	14.769331	14.750105	24.651403	24.632177	22.589183	22.572704	
69	4.871831	4.852605	14.973534	14.954308	8.498967	8.482487	14.525306	14.506080	24.627010	24.607784	22.540396	22.523917	
70	4.896150	4.876924	15.216728	15.197502	8.839444	8.822964	14.282112	14.262886	24.602690	24.583464	22.491756	22.475277	
71	4.920382	4.901156	15.459041	15.439815	9.178684	9.162204	14.039799	14.020573	24.578458	24.559232	22.443294	22.426814	
72	4.944510	4.925284	15.700325	15.681099	9.516482	9.500002	13.798515	13.779289	24.554330	24.535104	22.395037	22.378557	
73	4.968521	4.949295	15.940434	15.921208	9.852635	9.836155	13.558406	13.539180	24.530319	24.511093	22.347015	22.330535	
74	4.992400	4.973174	16.179223	16.159997	10.186940	10.170460	13.319617	13.300391	24.506440	24.487214	22.299257	22.282778	
75	5.016133	4.996907	16.416549	16.397323	10.519196	10.502716	13.082292	13.063066	24.482708	24.463482	22.251792	22.235312	
76	5.039705	5.020479	16.652268	16.633042	10.849203	10.832723	12.846573	12.827346	24.459136	24.439910	22.204648	22.188169	
77	5.063102	5.043876	16.886238	16.867012	11.176762	11.160282	12.612602	12.593376	24.435739	24.416513	22.157854	22.141374	
78	5.086310	5.067084	17.118319	17.099093	11.501675	11.485196	12.380521	12.361295	24.412530	24.393304	22.111438	22.094958	
79	5.109315	5.090089	17.348371	17.329145	11.823748	11.807268	12.150469	12.131243	24.389525	24.370299	22.065427	22.048948	
80	5.132103	5.112877	17.576255	17.557029	12.142785	12.126306	11.922585	11.903359	24.366737	24.347511	22.019851	22.003371	
81	5.154661	5.135435	17.801834	17.782608	12.458596	12.442116	11.697006	11.677780	24.344179	24.324953	21.974735	21.958255	
82	5.176975	5.157749	18.024972	18.005746	12.770988	12.754509	11.473869	11.454643	24.321865	24.302639	21.930107	21.913628	
83	5.199031	5.179805	18.245534	18.226308	13.079776	13.063296	11.253306	11.234080	24.299809	24.280583	21.885995	21.869515	
84	5.220817	5.201591	18.463388	18.444162	13.384771	13.368292	11.035452	11.016226	24.278024	24.258798	21.842424	21.825944	
85	5.242318	5.223092	18.678403	18.659176	13.685792	13.669312	10.820438	10.801212	24.256522	24.237296	21.799421	21.782942	
86	5.263523	5.244297	18.890448	18.871222	13.982656	13.966176	10.608392	10.589166	24.235318	24.216092	21.757012	21.740532	
87	5.284418	5.265192	19.099397	19.080171	14.275184	14.258704	10.399444	10.380218	24.214423	24.195197	21.715222	21.698743	
88	5.304990	5.285764	19.305123	19.285897	14.563200	14.546721	10.193717	10.174491	24.193850	24.174624	21.674077	21.657597	
89	5.325228	5.306002	19.507502	19.488276	14.846532	14.830052	9.991338	9.972112	24.173612	24.154386	21.633601	21.617122	
90	5.345119	5.325893	19.706414	19.687187	15.125007	15.108528	9.792427	9.773201	24.153721	24.134495	21.593819	21.577339	
91	5.364652	5.345426	19.901736	19.882510	15.398459	15.381980	9.597104	9.577878	24.134189	24.114963	21.554754	21.538275	
92	5.383813	5.364587	20.093353	20.074127	15.666723	15.650244	9.405487	9.386261	24.115027	24.095801	21.516431	21.499951	
93	5.402593	5.383367	20.281149	20.261923	15.929637	15.913157	9.217691	9.198465	24.096247	24.077021	21.478872	21.462392	
94	5.420979	5.401753	20.465010	20.445784	16.187042	16.170563	9.033830	9.014604	24.077861	24.058635	21.442100	21.425620	
95	5.438961	5.419734	20.644826	20.625600	16.438785	16.422305	8.854014	8.834788	24.059880	24.040654	21.406136	21.389657	
96	5.456527	5.437301	20.820488	20.801262	16.684712	16.668232	8.678352	8.659126	24.042314	24.023087	21.371004	21.354524	
97	5.473667	5.454441	20.991891	20.972665	16.924676	16.908197	8.506949	8.487723	24.025173	24.005947	21.336723	21.320244	
98	5.490371	5.471145	21.158932	21.139706	17.158533	17.142053	8.339909	8.320683	24.008469	23.989243	21.303315	21.286836	
99	5.506629	5.487403	21.321509	21.302283	17.386141	17.369661	8.177331	8.158105	23.992211	23.972985	21.270800	21.254320	
100	5.522430	5.503204	21.479525	21.460299	17.607363	17.590884	8.019315	8.000089	23.976410	23.957184	21.239197	21.222717	
101	5.537766	5.518540	21.632885	21.613659	17.822067	17.805587	7.865956	7.846730	23.961074	23.941848	21.208525	21.192045	
102	5.552628	5.533401	21.781496	21.762270	18.030122	18.013643	7.717345	7.698119	23.946213	23.926987	21.178803	21.162323	
103	5.567005	5.547779	21.925269	21.906042	18.231404	18.214925	7.573572	7.554346	23.931836	23.912609	21.150048	21.133569	
104	5.580890	5.561664	22.064117	22.044890	18.425791	18.409312	7.434724	7.415498	23.917951	23.898725	21.122278	21.105799	
105	5.594274	5.575047	22.197956	22.178730	18.613167	18.596687	7.300884	7.281658	23.904567	23.885341	21.095511	21.079031	
106	5.607149	5.587923	22.326706	22.307480	18.793417	18.776938	7.172134	7.152908	23.891692	23.872466	21.069761	21.053281	
107	5.619507	5.600281	22.450290	22.431064	18.966435	18.949955	7.048550	7.029324	23.879333	23.860107	21.045044	21.028564	
108	5.631341	5.612115	22.568633	22.549407	19.132114	19.115635	6.930207	6.910981	23.867499	23.848273	21.021375	21.004896	
109	5.642644	5.623418	22.681663	22.662437	19.290357	19.273877	6.817177	6.797951	23.856196	23.836970	20.998769	20.982290	
110	5.653409	5.634183	22.789313	22.770087	19.441067	19.424587	6.709527	6.690301	23.845431	23.826205	20.977239	20.960760	
111	5.663630	5.644404	22.891518	22.872292	19.584153	19.567674	6.607322	6.588096	23.835211	23.815985	20.956799	20.940319	
112	5.673300	5.654073	22.988216	22.968990	19.719530	19.703050	6.510625	6.491399	23.825541	23.806315	20.937459	20.920980	
113	5.682413	5.663187	23.079348	23.060122	19.847115	19.830636	6.419492	6.400266	23.816428	23.797201	20.919233	20.902753	
114	5.690964	5.671738	23.164861	23.145635	19.966833	19.950354	6.333979	6.314753	23.807876	23.788650	20.902130	20.885651	
115	5.698948	5.679722	23.244702	23.225476	20.078610	20.062131	6.254138	6.234912	23.799892	23.780666	20.886162	20.869683	
116	5.706360	5.687134	23.318824	23.299598	20.182380	20.165901	6.180017	6.160791	23.792480	23.773254	20.871338	20.854859	
117	5.713196	5.693970	23.387181	23.367955	20.278080	20.261601	6.111659	6.092433	23.785644	23.766418	20.857667	20.841188	
118	5.719451	5.700225	23.449733	23.430507	20.365653	20.349173	6.049107	6.029881	23.779389	23.760163	20.845157	20.828678	
119	5.725122	5.705896	23.506442	23.487216	20.445044	20.428565	5.992399	5.973173	23.773718	23.754492	20.833816	20.817336	
120	5.730205	5.710979	23.557273	23.538047	20.516208	20.499728	5.941567	5.922341	23.768635	23.749409	20.823650	20.807171	
121	5.734698	5.715472	23.602197	23.582971	20.579100	20.562620	5.896644	5.877417	23.764143	23.744917	20.814667	20.798187	
122	5.738596	5.719370	23.641185	23.621959	20.633682	20.617203	5.857655	5.838429	23.760244	23.741018	20.806871	20.790391	
123	5.741900	5.722673	23.674216	23.654990	20.679922	20.663442	5.824625	5.805399	23.756941	23.737715	20.800267	20.783788	
124	5.744605	5.725379	23.701268	23.682042	20.717789	20.701310	5.797573	5.778347	23.754236	23.735010	20.794862	20.778383	
125	5.746710	5.727484	23.722325	23.703099	20.747258	20.730779	5.776515	5.757289	23.752130	23.732904	20.790662	20.774182	
126	5.748215	5.728989	23.737375	23.718149	20.768296	20.751817	5.761465	5.742239	23.750625	23.731399	20.787684	20.771204	
127	5.749119	5.729893	23.746409	23.727182	20.780781	20.764301	5.752432	5.733206	23.749722	23.730495	20.786040	20.769560	
128	5.749420	5.730194	23.749420	23.730194	20.784164	20.767685	5.749420	5.730194	23.749420	23.730194	20.786270	20.769791	
129	5.752432	5.733206	23.749722	23.730495	20.786040	20.769560	5.749119	5.729893	23.746409	23.727182	20.780781	20.764301	
130	5.761465	5.742239	23.750625	23.731399	20.787684	20.771204	5.748215	5.728989	23.737375	23.718149	20.768296	20.751817	
131	5.776515	5.757289	23.752130	23.732904	20.790662	20.774182	5.746710	5.727484	23.722325	23.703099	20.747258	20.730779	
132	5.797573	5.778347	23.754236	23.735010	20.794862	20.778383	5.744605	5.725379	23.701268	23.682042	20.717789	20.701310	
133	5.824625	5.805399	23.756941	23.737715	20.800267	20.783788	5.741900	5.722673	23.674216	23.654990	20.679922	20.663442	
134	5.857655	5.838429	23.760244	23.741018	20.806871	20.790391	5.738596	5.719370	23.641185	23.621959	20.633682	20.617203	
135	5.896644	5.877417	23.764143	23.744917	20.814667	20.798187	5.734698	5.715472	23.602197	23.582971	20.579100	20.562620	
136	5.941567	5.922341	23.768635	23.749409	20.823650	20.807171	5.730205	5.710979	23.557273	23.538047	20.516208	20.499728	
137	5.992399	5.973173	23.773718	23.754492	20.833816	20.817336	5.725122	5.705896	23.506442	23.487216	20.445044	20.428565	
138	6.049107	6.029881	23.779389	23.760163	20.845157	20.828678	5.719451	5.700225	23.449733	23.430507	20.365653	20.349173	
139	6.111659	6.092433	23.785644	23.766418	20.857667	20.841188	5.713196	5.693970	23.387181	23.367955	20.278080	20.261601	
140	6.180017	6.160791	23.792480	23.773254	20.871338	20.854859	5.706360	5.687134	23.318824	23.299598	20.182380	20.165901	
141	6.254138	6.234912	23.799892	23.780666	20.886162	20.869683	5.698948	5.679722	23.244702	23.225476	20.078610	20.062131	
142	6.333979	6.314753	23.807876	23.788650	20.902130	20.885651	5.690964	5.671738	23.164861	23.145635	19.966833	19.950354	
143	6.419492	6.400266	23.816428	23.797201	20.919233	20.902753	5.682413	5.663187	23.079348	23.060122	19.847115	19.830636	
144	6.510625	6.491399	23.825541	23.806315	20.937459	20.920980	5.673300	5.654073	22.988216	22.968990	19.719530	19.703050	
145	6.607322	6.588096	23.835211	23.815985	20.956799	20.940319	5.663630	5.644404	22.891518	22.872292	19.584153	19.567674	
146	6.709527	6.690301	23.845431	23.826205	20.977239	20.960760	5.653409	5.634183	22.789313	22.770087	19.441067	19.424587	
147	6.817177	6.797951	23.856196	23.836970	20.998769	20.982290	5.642644	5.623418	22.681663	22.662437	19.290357	19.273877	
148	6.930207	6.910981	23.867499	23.848273	21.021375	21.004896	5.631341	5.612115	22.568633	22.549407	19.132114	19.115635	
149	7.048550	7.029324	23.879333	23.860107	21.045044	21.028564	5.619507	5.600281	22.450290	22.431064	18.966435	18.949955	
150	7.172134	7.152908	23.891692	23.872466	21.069761	21.053281	5.607149	5.587923	22.326706	22.307480	18.793417	18.776938	
151	7.300884	7.281658	23.904567	23.885341	21.095511	21.079031	5.594274	5.575047	22.197956	22.178730	18.613167	18.596687	
152	7.434724	7.415498	23.917951	23.898725	21.122278	21.105799	5.580890	5.561664	22.064117	22.044890	18.425791	18.409312	
153	7.573572	7.554346	23.931836	23.912609	21.150048	21.133569	5.567005	5.547779	21.925269	21.906042	18.231404	18.214925	
154	7.717345	7.698119	23.946213	23.926987	21.178803	21.162323	5.552628	5.533401	21.781496	21.762270	18.030122	18.013643	
155	7.865956	7.846730	23.961074	23.941848	21.208525	21.192045	5.537766	5.518540	21.632885	21.613659	17.822067	17.805587	
156	8.019315	8.000089	23.976410	23.957184	21.239197	21.222717	5.522430	5.503204	21.479525	21.460299	17.607363	17.590884	
157	8.177331	8.158105	23.992211	23.972985	21.270800	21.254320	5.506629	5.487403	21.321509	21.302283	17.386141	17.369661	
158	8.339909	8.320683	24.008469	23.989243	21.303315	21.286836	5.490371	5.471145	21.158932	21.139706	17.158533	17.142053	
159	8.506949	8.487723	24.025173	24.005947	21.336723	21.320244	5.473667	5.454441	20.991891	20.972665	16.924676	16.908197	
160	8.678352	8.659126	24.042314	24.023087	21.371004	21.354524	5.456527	5.437301	20.820488	20.801262	16.684712	16.668232	
161	8.854014	8.834788	24.059880	24.040654	21.406136	21.389657	5.438961	5.419734	20.644826	20.625600	16.438785	16.422305	
162	9.033830	9.014604	24.077861	24.058635	21.442100	21.425620	5.420979	5.401753	20.465010	20.445784	16.187042	16.170563	
163	9.217691	9.198465	24.096247	24.077021	21.478872	21.462392	5.402593	5.383367	20.281149	20.261923	15.929637	15.913157	
164	9.405487	9.386261	24.115027	24.095801	21.516431	21.499951	5.383813	5.364587	20.093353	20.074127	15.666723	15.650244	
165	9.597104	9.577878	24.134189	24.114963	21.554754	21.538275	5.364652	5.345426	19.901736	19.882510	15.398459	15.381980	
166	9.792427	9.773201	24.153721	24.134495	21.593819	21.577339	5.345119	5.325893	19.706414	19.687187	15.125007	15.108528	
167	9.991338	9.972112	24.173612	24.154386	21.633601	21.617122	5.325228	5.306002	19.507502	19.488276	14.846532	14.830052	
168	10.193717	10.174491	24.193850	24.174624	21.674077	21.657597	5.304990	5.285764	19.305123	19.285897	14.563200	14.546721	
169	10.399444	10.380218	24.214423	24.195197	21.715222	21.698743	5.284418	5.265192	19.099397	19.080171	14.275184	14.258704	
170	10.608392	10.589166	24.235318	24.216092	21.757012	21.740532	5.263523	5.244297	18.890448	18.871222	13.982656	13.966176	
171	10.820438	10.801212	24.256522	24.237296	21.799421	21.782942	5.242318	5.223092	18.678403	18.659176	13.685792	13.669312	
172	11.035452	11.016226	24.278024	24.258798	21.842424	21.825944	5.220817	5.201591	18.463388	18.444162	13.384771	13.368292	
173	11.253306	11.234080	24.299809	24.280583	21.885995	21.869515	5.199031	5.179805	18.245534	18.226308	13.079776	13.063296	
174	11.473869	11.454643	24.321865	24.302639	21.930107	21.913628	5.176975	5.157749	18.024972	18.005746	12.770988	12.754509	
175	11.697006	11.677780	24.344179	24.324953	21.974735	21.958255	5.154661	5.135435	17.801834	17.782608	12.458596	12.442116	
176	11.922585	11.903359	24.366737	24.347511	22.019851	22.003371	5.132103	5.112877	17.576255	17.557029	12.142785	12.126306	
177	12.150469	12.131243	24.389525	24.370299	22.065427	22.048948	5.109315	5.090089	17.348371	17.329145	11.823748	11.807268	
178	12.380521	12.361295	24.412530	24.393304	22.111438	22.094958	5.086310	5.067084	17.118319	17.099093	11.501675	11.485196	
179	12.612602	12.593376	24.435739	24.416513	22.157854	22.141374	5.063102	5.043876	16.886238	16.867012	11.176762	11.160282	
180	12.846573	12.827346	24.459136	24.439910	22.204648	22.188169	5.039705	5.020479	16.652268	16.633042	10.849203	10.832723	
181	13.082292	13.063066	24.482708	24.463482	22.251792	22.235312	5.016133	4.996907	16.416549	16.397323	10.519196	10.502716	
182	13.319617	13.300391	24.506440	24.487214	22.299257	22.282778	4.992400	4.973174	16.179223	16.159997	10.186940	10.170460	
183	13.558406	13.539180	24.530319	24.511093	22.347015	22.330535	4.968521	4.949295	15.940434	15.921208	9.852635	9.836155	
184	13.798515	13.779289	24.554330	24.535104	22.395037	22.378557	4.944510	4.925284	15.700325	15.681099	9.516482	9.500002	
185	14.039799	14.020573	24.578458	24.559232	22.443294	22.426814	4.920382	4.901156	15.459041	15.439815	9.178684	9.162204	
186	14.282112	14.262886	24.602690	24.583464	22.491756	22.475277	4.896150	4.876924	15.216728	15.197502	8.839444	8.822964	
187	14.525306	14.506080	24.627010	24.607784	22.540396	22.523917	4.871831	4.852605	14.973534	14.954308	8.498967	8.482487	
188	14.769331	14.750105	24.651403	24.632177	22.589183	22.572704	4.847437	4.828211	14.729510	14.710284	8.157457	8.140978	
189	15.013781	14.994555	24.675856	24.656630	22.638088	22.621609	4.822985	4.803758	14.485060	14.465834	7.815121	7.798642	
190	15.258747	15.239521	24.700353	24.681127	22.687082	22.670603	4.798488	4.779262	14.240094	14.220868	7.472165	7.455685	
191	15.504010	15.484784	24.724879	24.705653	22.736135	22.719655	4.773961	4.754735	13.994830	13.975604	7.128794	7.112315	
192	15.749422	15.730196	24.749420	24.730194	22.785217	22.768738	4.749420	4.730194	13.749419	13.730192	6.785217	6.768738	
193	15.994834	15.975608	24.773962	24.754735	22.834300	22.817820	4.724879	4.705653	13.504007	13.484781	6.441640	6.425161	
194	16.240098	16.220872	24.798488	24.779262	22.883353	22.866873	4.700352	4.681126	13.258742	13.239516	6.098270	6.081790	
195	16.485067	16.465841	24.822985	24.803759	22.932346	22.915867	4.675855	4.656629	13.013774	12.994548	5.755313	5.738834	
196	16.729592	16.710366	24.847437	24.828211	22.981252	22.964772	4.651403	4.632177	12.769248	12.750022	5.412977	5.396498	
197	16.973528	16.954302	24.871831	24.852605	23.030039	23.013559	4.627009	4.607783	12.525313	12.506087	5.071468	5.054988	
198	17.216726	17.197499	24.896151	24.876925	23.078678	23.062199	4.602690	4.583463	12.282115	12.262889	4.730991	4.714511	
199	17.459040	17.439814	24.920382	24.901156	23.127141	23.110662	4.578458	4.559232	12.039801	12.020575	4.391751	4.375271	
200	17.700324	17.681098	24.944511	24.925285	23.175398	23.158918	4.554330	4.535104	11.798516	11.779290	4.053953	4.037473	
201	17.940433	17.921207	24.968522	24.949295	23.223420	23.206940	4.530319	4.511093	11.558407	11.539181	3.717800	3.701320	
202	18.179222	18.159996	24.992401	24.973174	23.271178	23.254698	4.506440	4.487214	11.319618	11.300392	3.383495	3.367015	
203	18.416548	18.397322	25.016133	24.996907	23.318643	23.302163	4.482707	4.463481	11.082292	11.063066	3.051239	3.034759	
204	18.652267	18.633041	25.039705	25.020479	23.365787	23.349307	4.459135	4.439909	10.846573	10.827347	2.721232	2.704752	
205	18.886238	18.867012	25.063102	25.043876	23.412581	23.396101	4.435738	4.416512	10.612602	10.593376	2.393673	2.377193	
206	19.118319	19.099093	25.086310	25.067084	23.458997	23.442518	4.412530	4.393304	10.380521	10.361295	2.068759	2.052280	
207	19.348371	19.329145	25.109315	25.090089	23.505007	23.488528	4.389525	4.370299	10.150469	10.131243	1.746687	1.730207	
208	19.576255	19.557029	25.132104	25.112878	23.550584	23.534105	4.366737	4.347511	9.922586	9.903359	1.427649	1.411170	
209	19.801834	19.782608	25.154662	25.135436	23.595700	23.579220	4.344179	4.324953	9.697007	9.677781	1.111839	1.095359	
210	20.024971	20.005745	25.176975	25.157749	23.640328	23.623848	4.321865	4.302639	9.473869	9.454643	0.799446	0.782966	
211	20.245534	20.226308	25.199032	25.179806	23.684440	23.667961	4.299809	4.280583	9.253307	9.234080	0.490659	0.474179	
212	20.463388	20.444162	25.220817	25.201591	23.728011	23.711531	4.278023	4.258797	9.035453	9.016226	0.185663	0.169183	
213	20.678402	20.659176	25.242319	25.223092	23.771014	23.754534	4.256522	4.237296	8.820438	8.801212	-0.115357	-0.131837	
214	20.890448	20.871222	25.263523	25.244297	23.813423	23.796943	4.235317	4.216091	8.608392	8.589166	-0.412221	-0.428701	
215	21.099397	21.080171	25.284418	25.265192	23.855213	23.838733	4.214422	4.195196	8.399444	8.380218	-0.704749	-0.721229	
216	21.305123	21.285897	25.304991	25.285764	23.896358	23.879878	4.193850	4.174624	8.193718	8.174492	-0.992766	-1.009246	
217	21.507502	21.488276	25.325229	25.306002	23.936834	23.920354	4.173612	4.154386	7.991338	7.972112	-1.276097	-1.292577	
218	21.706413	21.687187	25.345120	25.325894	23.976616	23.960136	4.153721	4.134495	7.792427	7.773201	-1.554573	-1.571053	
219	21.901736	21.882510	25.364652	25.345426	24.015681	23.999201	4.134188	4.114962	7.597104	7.577878	-1.828025	-1.844505	
220	22.093353	22.074127	25.383814	25.364588	24.054004	24.037524	4.115027	4.095801	7.405487	7.386261	-2.096289	-2.112768	
221	22.281149	22.261923	25.402593	25.383367	24.091563	24.075084	4.096247	4.077021	7.217692	7.198465	-2.359203	-2.375682	
222	22.465010	22.445784	25.420979	25.401753	24.128335	24.111856	4.077861	4.058635	7.033830	7.014604	-2.616608	-2.633088	
223	22.644826	22.625600	25.438961	25.419735	24.164298	24.147819	4.059879	4.040653	6.854015	6.834788	-2.868350	-2.884830	
224	22.820488	22.801262	25.456527	25.437301	24.199431	24.182951	4.042313	4.023087	6.678352	6.659126	-3.114278	-3.130757	
225	22.991891	22.972665	25.473667	25.454441	24.233711	24.217232	4.025173	4.005947	6.506949	6.487723	-3.354242	-3.370721	
226	23.158932	23.139706	25.490371	25.471145	24.267120	24.250640	4.008469	3.989243	6.339909	6.320683	-3.588099	-3.604578	
227	23.321509	23.302283	25.506629	25.487403	24.299635	24.283156	3.992211	3.972985	6.177332	6.158105	-3.815707	-3.832186	
228	23.479525	23.460299	25.522431	25.503205	24.331238	24.314759	3.976410	3.957183	6.019315	6.000089	-4.036929	-4.053409	
229	23.632885	23.613659	25.537767	25.518541	24.361910	24.345431	3.961074	3.941848	5.865956	5.846730	-4.251633	-4.268112	
230	23.781496	23.762270	25.552628	25.533402	24.391632	24.375153	3.946212	3.926986	5.717345	5.698119	-4.459688	-4.476168	
231	23.925268	23.906042	25.567005	25.547779	24.420387	24.403907	3.931835	3.912609	5.573572	5.554346	-4.660970	-4.677450	
232	24.064116	24.044890	25.580890	25.561664	24.448157	24.431677	3.917950	3.898724	5.434724	5.415498	-4.855357	-4.871837	
233	24.197956	24.178730	25.594274	25.575048	24.474924	24.458445	3.904566	3.885340	5.300884	5.281658	-5.042733	-5.059212	
234	24.326706	24.307480	25.607149	25.587923	24.500675	24.484195	3.891691	3.872465	5.172134	5.152908	-5.222983	-5.239463	
235	24.450290	24.431064	25.619507	25.600281	24.525391	24.508912	3.879333	3.860107	5.048550	5.029324	-5.396001	-5.412480	
236	24.568633	24.549407	25.631342	25.612116	24.549060	24.532580	3.867499	3.848273	4.930207	4.910981	-5.561680	-5.578160	
237	24.681663	24.662437	25.642645	25.623419	24.571666	24.555186	3.856196	3.836970	4.817177	4.797951	-5.719923	-5.736402	
238	24.789313	24.770087	25.653410	25.634184	24.593196	24.576716	3.845431	3.826205	4.709527	4.690301	-5.870633	-5.887112	
239	24.891518	24.872292	25.663630	25.644404	24.613637	24.597157	3.835210	3.815984	4.607322	4.588096	-6.013719	-6.030199	
240	24.988216	24.968990	25.673300	25.654074	24.632976	24.616497	3.825540	3.806314	4.510625	4.491399	-6.149096	-6.165576	
241	25.079348	25.060122	25.682413	25.663187	24.651203	24.634723	3.816427	3.797201	4.419492	4.400266	-6.276682	-6.293161	
242	25.164861	25.145635	25.690964	25.671738	24.668305	24.651826	3.807876	3.788650	4.333979	4.314753	-6.396400	-6.412879	
243	25.244702	25.225476	25.698948	25.679722	24.684274	24.667794	3.799892	3.780666	4.254138	4.234912	-6.508177	-6.524657	
244	25.318824	25.299598	25.706361	25.687135	24.699098	24.682618	3.792480	3.773254	4.180017	4.160791	-6.611947	-6.628427	
245	25.387181	25.367955	25.713196	25.693970	24.712769	24.696290	3.785644	3.766418	4.111659	4.092433	-6.707648	-6.724127	
246	25.449733	25.430507	25.719452	25.700225	24.725280	24.708800	3.779389	3.760163	4.049107	4.029881	-6.795220	-6.811700	
247	25.506442	25.487216	25.725122	25.705896	24.736622	24.720142	3.773718	3.754492	3.992399	3.973173	-6.874613	-6.891092	
248	25.557273	25.538047	25.730206	25.710980	24.746788	24.730308	3.768635	3.749409	3.941567	3.922341	-6.945777	-6.962256	
249	25.602197	25.582971	25.734698	25.715472	24.755773	24.739293	3.764142	3.744916	3.896644	3.877418	-7.008670	-7.025149	
250	25.641185	25.621959	25.738597	25.719371	24.763570	24.747091	3.760244	3.741017	3.857655	3.838429	-7.063254	-7.079733	
251	25.674216	25.654990	25.741900	25.722674	24.770176	24.753697	3.756940	3.737714	3.824625	3.805399	-7.109496	-7.125976	
252	25.701268	25.682042	25.744605	25.725379	24.775587	24.759107	3.754235	3.735009	3.797573	3.778347	-7.147369	-7.163848	
253	25.722325	25.703099	25.746711	25.727485	24.779798	24.763319	3.752130	3.732903	3.776515	3.757289	-7.176849	-7.193329	
254	25.737375	25.718149	25.748216	25.728990	24.782808	24.766329	3.750625	3.731398	3.761465	3.742239	-7.197919	-7.214399	
255	25.746409	25.727182	25.749119	25.729893	24.784615	24.768135	3.749721	3.730495	3.752432	3.733206	-7.210566	-7.227046	
256	25.749420	25.730194	25.749420	25.730194	24.785217	24.768738	3.749420	3.730194	3.749420	3.730194	-7.214783	-7.231262	
257	25.744180	25.724954	25.748035	25.728809	24.784012	24.767533	3.750806	3.731580	3.754660	3.735434	-7.206350	-7.222830	
258	25.728466	25.709240	25.743875	25.724649	24.780390	24.763911	3.754966	3.735739	3.770374	3.751148	-7.181064	-7.197544	
259	25.702298	25.683072	25.736933	25.717707	24.774335	24.757856	3.761907	3.742681	3.796543	3.777317	-7.138960	-7.155439	
260	25.665709	25.646483	25.727196	25.707970	24.765817	24.749338	3.771644	3.752418	3.833132	3.813906	-7.080094	-7.096574	
261	25.618745	25.599519	25.714645	25.695419	24.754796	24.738317	3.784195	3.764969	3.880095	3.860869	-7.004549	-7.021029	
262	25.561466	25.542240	25.699257	25.680031	24.741220	24.724741	3.799583	3.780357	3.937374	3.918148	-6.912428	-6.928907	
263	25.493945	25.474719	25.681004	25.661778	24.725027	24.708548	3.817836	3.798610	4.004895	3.985669	-6.803857	-6.820337	
264	25.416266	25.397040	25.659851	25.640625	24.706143	24.689664	3.838989	3.819763	4.082575	4.063349	-6.678986	-6.695465	
265	25.328527	25.309301	25.635761	25.616535	24.684484	24.668004	3.863079	3.843853	4.170314	4.151088	-6.537985	-6.554464	
266	25.230838	25.211612	25.608690	25.589464	24.659954	24.643474	3.890150	3.870924	4.268002	4.248776	-6.381047	-6.397526	
267	25.123323	25.104097	25.578591	25.559365	24.632449	24.615969	3.920249	3.901023	4.375518	4.356291	-6.208386	-6.224865	
268	25.006115	24.986889	25.545413	25.526187	24.601854	24.585374	3.953428	3.934202	4.492725	4.473499	-6.020237	-6.036716	
269	24.879362	24.860136	25.509098	25.489872	24.568046	24.551566	3.989742	3.970516	4.619478	4.600252	-5.816856	-5.833336	
270	24.743222	24.723996	25.469588	25.450362	24.530891	24.514412	4.029252	4.010026	4.755619	4.736392	-5.598519	-5.614999	
271	24.597863	24.578637	25.426819	25.407593	24.490249	24.473769	4.072021	4.052795	4.900977	4.881751	-5.365521	-5.382000	
272	24.443466	24.424240	25.380724	25.361498	24.445969	24.429490	4.118116	4.098890	5.055374	5.036148	-5.118176	-5.134655	
273	24.280222	24.260996	25.331233	25.312007	24.397897	24.381417	4.167607	4.148381	5.218618	5.199392	-4.856816	-4.873295	
274	24.108332	24.089106	25.278273	25.259047	24.345866	24.329387	4.220567	4.201341	5.390509	5.371282	-4.581791	-4.598271	
275	23.928007	23.908780	25.221769	25.202543	24.289708	24.273229	4.277072	4.257845	5.570834	5.551608	-4.293469	-4.309949	
276	23.739467	23.720241	25.161642	25.142416	24.229247	24.212767	4.337198	4.317972	5.759374	5.740148	-3.992234	-4.008713	
277	23.542942	23.523716	25.097813	25.078587	24.164301	24.147821	4.401027	4.381801	5.955899	5.936673	-3.678483	-3.694962	
278	23.338670	23.319444	25.030200	25.010974	24.094685	24.078205	4.468640	4.449414	6.160171	6.140944	-3.352631	-3.369110	
279	23.126898	23.107672	24.958721	24.939495	24.020209	24.003730	4.540119	4.520893	6.371943	6.352717	-3.015105	-3.031585	
280	22.907880	22.888653	24.883293	24.864067	23.940681	23.924201	4.615548	4.596322	6.590961	6.571735	-2.666347	-2.682826	
281	22.681877	22.662651	24.803830	24.784603	23.855905	23.839425	4.695011	4.675785	6.816963	6.797737	-2.306809	-2.323289	
282	22.449159	22.429933	24.720248	24.701022	23.765684	23.749204	4.778593	4.759367	7.049682	7.030456	-1.936957	-1.953437	
283	22.209999	22.190773	24.632463	24.613237	23.669820	23.653340	4.866378	4.847151	7.288841	7.269615	-1.557266	-1.573746	
284	21.964680	21.945454	24.540391	24.521165	23.568114	23.551634	4.958450	4.939223	7.534160	7.514934	-1.168221	-1.184700	
285	21.713486	21.694260	24.443949	24.424723	23.460367	23.443888	5.054891	5.035665	7.785354	7.766128	-0.770316	-0.786795	
286	21.456710	21.437484	24.343055	24.323829	23.346384	23.329904	5.155785	5.136559	8.042130	8.022904	-0.364052	-0.380532	
287	21.194647	21.175420	24.237630	24.218404	23.225968	23.209488	5.261210	5.241984	8.304194	8.284968	0.050061	0.033581	
288	20.927595	20.908369	24.127595	24.108369	23.098926	23.082446	5.371245	5.352019	8.571245	8.552019	0.471509	0.455029	
289	20.655858	20.636632	24.012875	23.993649	22.965069	22.948590	5.485966	5.466740	8.842982	8.823756	0.899772	0.883292	
290	20.379741	20.360515	23.893396	23.874170	22.824212	22.807733	5.605444	5.586218	9.119099	9.099873	1.334325	1.317846	
291	20.099553	20.080327	23.769090	23.749864	22.676174	22.659695	5.729750	5.710524	9.399287	9.380061	1.774643	1.758164	
292	19.815602	19.796376	23.639891	23.620665	22.520781	22.504301	5.858949	5.839723	9.683238	9.664012	2.220196	2.203716	
293	19.528200	19.508974	23.505736	23.486510	22.357863	22.341384	5.993104	5.973878	9.970641	9.951415	2.670452	2.653973	
294	19.237657	19.218431	23.366568	23.347342	22.187260	22.170781	6.132272	6.113046	10.261183	10.241957	3.124882	3.108403	
295	18.944287	18.925061	23.222334	23.203108	22.008818	21.992338	6.276506	6.257280	10.554554	10.535327	3.582956	3.566476	
296	18.648400	18.629173	23.072986	23.053760	21.822391	21.805912	6.425854	6.406628	10.850441	10.831215	4.044144	4.027664	
297	18.350306	18.331080	22.918482	22.899256	21.627845	21.611365	6.580358	6.561132	11.148534	11.129308	4.507921	4.491441	
298	18.050316	18.031090	22.758785	22.739559	21.425051	21.408572	6.740055	6.720829	11.448524	11.429298	4.973764	4.957284	
299	17.748736	17.729510	22.593865	22.574639	21.213897	21.197417	6.904975	6.885749	11.750104	11.730878	5.441154	5.424675	
300	17.445872	17.426646	22.423697	22.404471	20.994276	20.977796	7.075143	7.055917	12.052968	12.033742	5.909580	5.893101	
301	17.142026	17.122800	22.248264	22.229038	20.766097	20.749617	7.250576	7.231350	12.356814	12.337588	6.378534	6.362054	
302	16.837497	16.818271	22.067556	22.048330	20.529279	20.512799	7.431285	7.412058	12.661343	12.642117	6.847516	6.831036	
303	16.532581	16.513355	21.881569	21.862343	20.283755	20.267276	7.617271	7.598045	12.966260	12.947034	7.316033	7.299554	
304	16.227567	16.208341	21.690309	21.671083	20.029473	20.012993	7.808531	7.789305	13.271273	13.252047	7.783603	7.767123	
305	15.922744	15.903518	21.493788	21.474562	19.766391	19.749912	8.005053	7.985826	13.576096	13.556870	8.249750	8.233270	
306	15.618392	15.599166	21.292026	21.272800	19.494486	19.478007	8.206815	8.187589	13.880448	13.861222	8.714011	8.697531	
307	15.314788	15.295562	21.085052	21.065826	19.213748	19.197268	8.413788	8.394562	14.184053	14.164827	9.175932	9.159452	
308	15.012201	14.992975	20.872904	20.853677	18.924181	18.907702	8.625937	8.606711	14.486640	14.467414	9.635071	9.618592	
309	14.710895	14.691669	20.655627	20.636401	18.625807	18.609328	8.843214	8.823987	14.787945	14.768719	10.090999	10.074519	
310	14.411129	14.391903	20.433277	20.414051	18.318664	18.302185	9.065564	9.046337	15.087712	15.068486	10.543298	10.526819	
311	14.113152	14.093926	20.205917	20.186691	18.002805	17.986326	9.292923	9.273697	15.385689	15.366463	10.991565	10.975086	
312	13.817207	13.797981	19.973622	19.954396	17.678301	17.661822	9.525219	9.505993	15.681633	15.662407	11.435411	11.418931	
313	13.523531	13.504305	19.736472	19.717246	17.345240	17.328760	9.762368	9.743142	15.975309	15.956083	11.874459	11.857980	
314	13.232352	13.213126	19.494561	19.475335	17.003726	16.987247	10.004279	9.985053	16.266488	16.247262	12.308350	12.291871	
315	12.943889	12.924663	19.247989	19.228763	16.653882	16.637403	10.250852	10.231625	16.554952	16.535725	12.736740	12.720260	
316	12.658354	12.639128	18.996867	18.977641	16.295848	16.279368	10.501974	10.482748	16.840487	16.821260	13.159299	13.142819	
317	12.375950	12.356724	18.741315	18.722089	15.929780	15.913301	10.757526	10.738299	17.122890	17.103664	13.575713	13.559234	
318	12.096872	12.077646	18.481463	18.462237	15.555855	15.539375	11.017377	10.998151	17.401968	17.382742	13.985688	13.969208	
319	11.821307	11.802081	18.217452	18.198226	15.174265	15.157785	11.281388	11.262162	17.677533	17.658307	14.388943	14.372463	
320	11.551228	11.528386	17.951228	17.932002	14.786270	14.769791	11.547612	11.528386	17.947612	11.532002	14.784164	14.767685	
321	11.281388	11.262162	17.677533	17.658307	14.388943	14.372463	11.821307	11.802081	18.217452	18.198226	15.174265	15.157785	
322	11.017377	10.998151	17.401968	17.382742	13.985688	13.969208	12.096872	12.077646	18.481463	18.462237	15.555855	15.539375	
323	10.757526	10.738299	17.122890	17.103664	13.575713	13.559234	12.375950	12.356724	18.741315	18.722089	15.929780	15.913301	
324	10.501974	10.482748	16.840487	16.821260	13.159299	13.142819	12.658354	12.639128	18.996867	18.977641	16.295848	16.279368	
325	10.250852	10.231625	16.554952	16.535725	12.736740	12.720260	12.943889	12.924663	19.247989	19.228763	16.653882	16.637403	
326	10.004279	9.985053	16.266488	16.247262	12.308350	12.291871	13.232352	13.213126	19.494561	19.475335	17.003726	16.987247	
327	9.762368	9.743142	15.975309	15.956083	11.874459	11.857980	13.523531	13.504305	19.736472	19.717246	17.345240	17.328760	
328	9.525219	9.505993	15.681633	15.662407	11.435411	11.418931	13.817207	13.797981	19.973622	19.954396	17.678301	17.661822	
329	9.292923	9.273697	15.385689	15.366463	10.991565	10.975086	14.113152	14.093926	20.205917	20.186691	18.002805	17.986326	
330	9.065564	9.046337	15.087712	15.068486	10.543298	10.526819	14.411129	14.391903	20.433277	20.414051	18.318664	18.302185	
331	8.843214	8.823987	14.787945	14.768719	10.090999	10.074519	14.710895	14.691669	20.655627	20.636401	18.625807	18.609328	
332	8.625937	8.606711	14.486640	14.467414	9.635071	9.618592	15.012201	14.992975	20.872904	20.853677	18.924181	18.907702	
333	8.413788	8.394562	14.184053	14.164827	9.175932	9.159452	15.314788	15.295562	21.085052	21.065826	19.213748	19.197268	
334	8.206815	8.187589	13.880448	13.861222	8.714011	8.697531	15.618392	15.599166	21.292026	21.272800	19.494486	19.478007	
335	8.005053	7.985826	13.576096	13.556870	8.249750	8.233270	15.922744	15.903518	21.493788	21.474562	19.766391	19.749912	
336	7.808531	7.789305	13.271273	13.252047	7.783603	7.767123	16.227567	16.208341	21.690309	21.671083	20.029473	20.012993	
337	7.617271	7.598045	12.966260	12.947034	7.316033	7.299554	16.532581	16.513355	21.881569	21.862343	20.283755	20.267276	
338	7.431285	7.412058	12.661343	12.642117	6.847516	6.831036	16.837497	16.818271	22.067556	22.048330	20.529279	20.512799	
339	7.250576	7.231350	12.356814	12.337588	6.378534	6.362054	17.142026	17.122800	22.248264	22.229038	20.766097	20.749617	
340	7.075143	7.055917	12.052968	12.033742	5.909580	5.893101	17.445872	17.426646	22.423697	22.404471	20.994276	20.977796	
341	6.904975	6.885749	11.750104	11.730878	5.441154	5.424675	17.748736	17.729510	22.593865	22.574639	21.213897	21.197417	
342	6.740055	6.720829	11.448524	11.429298	4.973764	4.957284	18.050316	18.031090	22.758785	22.739559	21.425051	21.408572	
343	6.580358	6.561132	11.148534	11.129308	4.507921	4.491441	18.350306	18.331080	22.918482	22.899256	21.627845	21.611365	
344	6.425854	6.406628	10.850441	10.831215	4.044144	4.027664	18.648400	18.629173	23.072986	23.053760	21.822391	21.805912	
345	6.276506	6.257280	10.554554	10.535327	3.582956	3.566476	18.944287	18.925061	23.222334	23.203108	22.008818	21.992338	
346	6.132272	6.113046	10.261183	10.241957	3.124882	3.108403	19.237657	19.218431	23.366568	23.347342	22.187260	22.170781	
347	5.993104	5.973878	9.970641	9.951415	2.670452	2.653973	19.528200	19.508974	23.505736	23.486510	22.357863	22.341384	
348	5.858949	5.839723	9.683238	9.664012	2.220196	2.203716	19.815602	19.796376	23.639891	23.620665	22.520781	22.504301	
349	5.729750	5.710524	9.399287	9.380061	1.774643	1.758164	20.099553	20.080327	23.769090	23.749864	22.676174	22.659695	
350	5.605444	5.586218	9.119099	9.099873	1.334325	1.317846	20.379741	20.360515	23.893396	23.874170	22.824212	22.807733	
351	5.485966	5.466740	8.842982	8.823756	0.899772	0.883292	20.655858	20.636632	24.012875	23.993649	22.965069	22.948590	
352	5.371245	5.352019	8.571245	8.552019	0.471509	0.455029	20.927595	20.908369	24.127595	24.108369	23.098926	23.082446	
353	5.261210	5.241984	8.304194	8.284968	0.050061	0.033581	21.194647	21.175420	24.237630	24.218404	23.225968	23.209488	
354	5.155785	5.136559	8.042130	8.022904	-0.364052	-0.380532	21.456710	21.437484	24.343055	24.323829	23.346384	23.329904	
355	5.054891	5.035665	7.785354	7.766128	-0.770316	-0.786795	21.713486	21.694260	24.443949	24.424723	23.460367	23.443888	
356	4.958450	4.939223	7.534160	7.514934	-1.168221	-1.184700	21.964680	21.945454	24.540391	24.521165	23.568114	23.551634	
357	4.866378	4.847151	7.288841	7.269615	-1.557266	-1.573746	22.209999	22.190773	24.632463	24.613237	23.669820	23.653340	
358	4.778593	4.759367	7.049682	7.030456	-1.936957	-1.953437	22.449159	22.429933	24.720248	24.701022	23.765684	23.749204	
359	4.695011	4.675785	6.816963	6.797737	-2.306809	-2.323289	22.681877	22.662651	24.803830	24.784603	23.855905	23.839425	
360	4.615548	4.596322	6.590961	6.571735	-2.666347	-2.682826	22.907880	22.888653	24.883293	24.864067	23.940681	23.924201	
361	4.540119	4.520893	6.371943	6.352717	-3.015105	-3.031585	23.126898	23.107672	24.958721	24.939495	24.020209	24.003730	
362	4.468640	4.449414	6.160171	6.140944	-3.352631	-3.369110	23.338670	23.319444	25.030200	25.010974	24.094685	24.078205	
363	4.401027	4.381801	5.955899	5.936673	-3.678483	-3.694962	23.542942	23.523716	25.097813	25.078587	24.164301	24.147821	
364	4.337198	4.317972	5.759374	5.740148	-3.992234	-4.008713	23.739467	23.720241	25.161642	25.142416	24.229247	24.212767	
365	4.277072	4.257845	5.570834	5.551608	-4.293469	-4.309949	23.928007	23.908780	25.221769	25.202543	24.289708	24.273229	
366	4.220567	4.201341	5.390509	5.371282	-4.581791	-4.598271	24.108332	24.089106	25.278273	25.259047	24.345866	24.329387	
367	4.167607	4.148381	5.218618	5.199392	-4.856816	-4.873295	24.280222	24.260996	25.331233	25.312007	24.397897	24.381417	
368	4.118116	4.098890	5.055374	5.036148	-5.118176	-5.134655	24.443466	24.424240	25.380724	25.361498	24.445969	24.429490	
369	4.072021	4.052795	4.900977	4.881751	-5.365521	-5.382000	24.597863	24.578637	25.426819	25.407593	24.490249	24.473769	
370	4.029252	4.010026	4.755619	4.736392	-5.598519	-5.614999	24.743222	24.723996	25.469588	25.450362	24.530891	24.514412	
371	3.989742	3.970516	4.619478	4.600252	-5.816856	-5.833336	24.879362	24.860136	25.509098	25.489872	24.568046	24.551566	
372	3.953428	3.934202	4.492725	4.473499	-6.020237	-6.036716	25.006115	24.986889	25.545413	25.526187	24.601854	24.585374	
373	3.920249	3.901023	4.375518	4.356291	-6.208386	-6.224865	25.123323	25.104097	25.578591	25.559365	24.632449	24.615969	
374	3.890150	3.870924	4.268002	4.248776	-6.381047	-6.397526	25.230838	25.211612	25.608690	25.589464	24.659954	24.643474	
375	3.863079	3.843853	4.170314	4.151088	-6.537985	-6.554464	25.328527	25.309301	25.635761	25.616535	24.684484	24.668004	
376	3.838989	3.819763	4.082575	4.063349	-6.678986	-6.695465	25.416266	25.397040	25.659851	25.640625	24.706143	24.689664	
377	3.817836	3.798610	4.004895	3.985669	-6.803857	-6.820337	25.493945	25.474719	25.681004	25.661778	24.725027	24.708548	
378	3.799583	3.780357	3.937374	3.918148	-6.912428	-6.928907	25.561466	25.542240	25.699257	25.680031	24.741220	24.724741	
379	3.784195	3.764969	3.880095	3.860869	-7.004549	-7.021029	25.618745	25.599519	25.714645	25.695419	24.754796	24.738317	
380	3.771644	3.752418	3.833132	3.813906	-7.080094	-7.096574	25.665709	25.646483	25.727196	25.707970	24.765817	24.749338	
381	3.761907	3.742681	3.796543	3.777317	-7.138960	-7.155439	25.702298	25.683072	25.736933	25.717707	24.774335	24.757856	
382	3.754966	3.735739	3.770374	3.751148	-7.181064	-7.197544	25.728466	25.709240	25.743875	25.724649	24.780390	24.763911	
383	3.750806	3.731580	3.754660	3.735434	-7.206350	-7.222830	25.744180	25.724954	25.748035	25.728809	24.784012	24.767533	
384	3.749420	3.730194	3.749420	3.730194	-7.214783	-7.231262	25.749420	25.730194	25.749420	25.730194	24.785217	24.768738	
