#p	a_up	a_dn	b_up	b_dn	c_up	c_dn	NaN
0	-0.736984	-0.682327	-0.736984	-0.682327	-11.123260	-11.097443	
1	-0.736683	-0.682026	-0.733972	-0.679315	-11.119044	-11.093226	
2	-0.735780	-0.681123	-0.724939	-0.670282	-11.106397	-11.080579	
3	-0.734275	-0.679618	-0.709889	-0.655232	-11.085327	-11.059509	
4	-0.732169	-0.677512	-0.688832	-0.634175	-11.055847	-11.030029	
5	-0.729464	-0.674807	-0.661780	-0.607123	-11.017974	-10.992156	
6	-0.726161	-0.671504	-0.628749	-0.574092	-10.971732	-10.945914	
7	-0.722262	-0.667605	-0.589761	-0.535104	-10.917147	-10.891330	
8	-0.717770	-0.663113	-0.544837	-0.490180	-10.854254	-10.828437	
9	-0.712686	-0.658029	-0.494006	-0.439349	-10.783090	-10.757272	
10	-0.707016	-0.652359	-0.437297	-0.382640	-10.703698	-10.677880	
11	-0.700760	-0.646103	-0.374745	-0.320088	-10.616125	-10.590308	
12	-0.693925	-0.639268	-0.306388	-0.251731	-10.520425	-10.494607	
13	-0.686512	-0.631855	-0.232266	-0.177609	-10.416655	-10.390837	
14	-0.678528	-0.623871	-0.152425	-0.097768	-10.304877	-10.279060	
15	-0.669977	-0.615320	-0.066912	-0.012255	-10.185160	-10.159342	
16	-0.660864	-0.606207	0.024220	0.078877	-10.057574	-10.031756	
17	-0.651194	-0.596537	0.120918	0.175575	-9.922197	-9.896379	
18	-0.640974	-0.586317	0.223123	0.277780	-9.779111	-9.753293	
19	-0.630209	-0.575552	0.330773	0.385430	-9.628401	-9.602583	
20	-0.618906	-0.564249	0.443803	0.498460	-9.470158	-9.444340	
21	-0.607071	-0.552414	0.562146	0.616803	-9.304478	-9.278661	
22	-0.594713	-0.540056	0.685730	0.740387	-9.131461	-9.105643	
23	-0.581838	-0.527181	0.814480	0.869137	-8.951210	-8.925393	
24	-0.568454	-0.513797	0.948320	1.002977	-8.763835	-8.738017	
25	-0.554569	-0.499912	1.087168	1.141825	-8.569448	-8.543630	
26	-0.540192	-0.485535	1.230940	1.285597	-8.368166	-8.342348	
27	-0.525331	-0.470674	1.379551	1.434208	-8.160110	-8.134293	
28	-0.509995	-0.455338	1.532911	1.587568	-7.945407	-7.919589	
29	-0.494193	-0.439536	1.690927	1.745584	-7.724184	-7.698366	
30	-0.477935	-0.423278	1.853504	1.908161	-7.496576	-7.470758	
31	-0.461231	-0.406574	2.020545	2.075202	-7.262720	-7.236902	
32	-0.444091	-0.389434	2.191948	2.246605	-7.022755	-6.996938	
33	-0.426525	-0.371868	2.367610	2.422267	-6.776828	-6.751010	
34	-0.408543	-0.353886	2.547426	2.602083	-6.525086	-6.499268	
35	-0.390157	-0.335500	2.731287	2.785944	-6.267680	-6.241862	
36	-0.371378	-0.316721	2.919083	2.973740	-6.004766	-5.978949	
37	-0.352216	-0.297559	3.110700	3.165357	-5.736503	-5.710685	
38	-0.332684	-0.278027	3.306023	3.360680	-5.463051	-5.437233	
39	-0.312792	-0.258135	3.504934	3.559591	-5.184575	-5.158757	
40	-0.292554	-0.237898	3.707313	3.761970	-4.901244	-4.875426	
41	-0.271982	-0.217325	3.913040	3.967697	-4.613227	-4.587409	
42	-0.251087	-0.196430	4.121988	4.176645	-4.320699	-4.294881	
43	-0.229882	-0.175225	4.334034	4.388691	-4.023835	-3.998017	
44	-0.208381	-0.153724	4.549048	4.603705	-3.722815	-3.696997	
45	-0.186596	-0.131939	4.766902	4.821559	-3.417819	-3.392001	
46	-0.164539	-0.109882	4.987465	5.042122	-3.109032	-3.083214	
47	-0.142226	-0.087569	5.210603	5.265260	-2.796639	-2.770821	
48	-0.119668	-0.065011	5.436181	5.490838	-2.480829	-2.455011	
49	-0.096879	-0.042222	5.664065	5.718722	-2.161791	-2.135973	
50	-0.073874	-0.019217	5.894117	5.948774	-1.839718	-1.813901	
51	-0.050666	0.003991	6.126198	6.180855	-1.514805	-1.488987	
52	-0.027269	0.027388	6.360169	6.414826	-1.187246	-1.161428	
53	-0.003697	0.050960	6.595888	6.650545	-0.857239	-0.831421	
54	0.020036	0.074693	6.833214	6.887871	-0.524983	-0.499165	
55	0.043915	0.098571	7.072003	7.126660	-0.190678	-0.164860	
56	0.067925	0.122582	7.312113	7.366770	0.145475	0.171293	
57	0.092054	0.146711	7.553397	7.608054	0.483273	0.509091	
58	0.116285	0.170942	7.795711	7.850368	0.822513	0.848331	
59	0.140605	0.195262	8.038909	8.093566	1.162990	1.188808	
60	0.164999	0.219656	8.282844	8.337501	1.504500	1.530317	
61	0.189451	0.244108	8.527370	8.582027	1.846836	1.872653	
62	0.213948	0.268605	8.772339	8.826996	2.189792	2.215610	
63	0.238475	0.293132	9.017603	9.072260	2.533162	2.558980	
64	0.263016	0.317673	9.263016	9.317673	2.876740	2.902557	
65	0.287557	0.342214	9.508428	9.563085	3.220317	3.246135	
66	0.312083	0.366740	9.753692	9.808349	3.563687	3.589505	
67	0.336580	0.391237	9.998661	10.053318	3.906643	3.932461	
68	0.361033	0.415690	10.243187	10.297844	4.248979	4.274797	
69	0.385426	0.440083	10.487122	10.541779	4.590489	4.616307	
70	0.409746	0.464403	10.730320	10.784977	4.930966	4.956784	
71	0.433978	0.488635	10.972635	11.027292	5.270206	5.296024	
72	0.458106	0.512763	11.213919	11.268576	5.608004	5.633822	
73	0.482117	0.536774	11.454028	11.508685	5.944157	5.969975	
74	0.505996	0.560653	11.692818	11.747475	6.278462	6.304280	
75	0.529729	0.584385	11.930143	11.984800	6.610718	6.636536	
76	0.553300	0.607957	12.165863	12.220520	6.940725	6.966543	
77	0.576697	0.631354	12.399833	12.454490	7.268284	7.294102	
78	0.599906	0.654563	12.631914	12.686571	7.593197	7.619015	
79	0.622911	0.677568	12.861966	12.916623	7.915270	7.941088	
80	0.645699	0.700356	13.089850	13.144507	8.234308	8.260125	
81	0.668257	0.722914	13.315429	13.370086	8.550118	8.575936	
82	0.690571	0.745228	13.538567	13.593224	8.862511	8.888329	
83	0.712627	0.767284	13.759129	13.813786	9.171298	9.197116	
84	0.734412	0.789069	13.976983	14.031640	9.476294	9.502112	
85	0.755914	0.810571	14.191998	14.246655	9.777314	9.803132	
86	0.777118	0.831775	14.404043	14.458700	10.074178	10.099996	
87	0.798013	0.852670	14.612992	14.667649	10.366706	10.392524	
88	0.818586	0.873243	14.818718	14.873375	10.654723	10.680541	
89	0.838824	0.893481	15.021098	15.075755	10.938054	10.963872	
90	0.858715	0.913372	15.220009	15.274666	11.216530	11.242348	
91	0.878247	0.932904	15.415332	15.469989	11.489982	11.515800	
92	0.897409	0.952066	15.606949	15.661606	11.758245	11.784063	
93	0.916189	0.970846	15.794744	15.849401	12.021159	12.046977	
94	0.934575	0.989232	15.978605	16.033262	12.278565	12.304383	
95	0.952556	1.007213	16.158421	16.213078	12.530307	12.556125	
96	0.970123	1.024780	16.334084	16.388741	12.776234	12.802052	
97	0.987263	1.041920	16.505487	16.560144	13.016199	13.042017	
98	1.003967	1.058624	16.672527	16.727184	13.250055	13.275873	
99	1.020225	1.074882	16.835104	16.889761	13.477663	13.503481	
100	1.036026	1.090683	16.993120	17.047777	13.698886	13.724704	
101	1.051362	1.106019	17.146480	17.201137	13.913589	13.939407	
102	1.066223	1.120880	17.295091	17.349748	14.121645	14.147463	
103	1.080601	1.135258	17.438864	17.493521	14.322927	14.348745	
104	1.094485	1.149142	17.577712	17.632369	14.517314	14.543132	
105	1.107869	1.162526	17.711551	17.766208	14.704689	14.730507	
106	1.120744	1.175401	17.840302	17.894959	14.884940	14.910758	
107	1.133103	1.187760	17.963886	18.018543	15.057957	15.083775	
108	1.144937	1.199594	18.082228	18.136885	15.223637	15.249455	
109	1.156240	1.210897	18.195259	18.249916	15.381880	15.407698	
110	1.167005	1.221662	18.302909	18.357566	15.532590	15.558407	
111	1.177226	1.231882	18.405113	18.459770	15.675676	15.701494	
112	1.186895	1.241552	18.501811	18.556468	15.811053	15.836871	
113	1.196009	1.250666	18.592944	18.647601	15.938639	15.964457	
114	1.204560	1.259217	18.678456	18.733113	16.058356	16.084174	
115	1.212544	1.267201	18.758298	18.812955	16.170134	16.195952	
116	1.219956	1.274613	18.832419	18.887076	16.273904	16.299722	
117	1.226792	1.281449	18.900776	18.955433	16.369604	16.395422	
118	1.233047	1.287704	18.963328	19.017985	16.457177	16.482995	
119	1.238718	1.293375	19.020037	19.074694	16.536569	16.562387	
120	1.243801	1.298458	19.070869	19.125526	16.607733	16.633551	
121	1.248293	1.302950	19.115792	19.170449	16.670626	16.696444	
122	1.252192	1.306849	19.154781	19.209438	16.725211	16.751029	
123	1.255495	1.310152	19.187811	19.242468	16.771453	16.797271	
124	1.258200	1.312857	19.214863	19.269520	16.809326	16.835144	
125	1.260306	1.314963	19.235920	19.290577	16.838806	16.864624	
126	1.261811	1.316468	19.250970	19.305627	16.859876	16.885694	
127	1.262715	1.317372	19.260004	19.314661	16.872523	16.898341	
128	1.263016	1.317673	19.263016	19.317673	16.876740	16.902557	
129	1.266028	1.320685	19.263317	19.317974	16.877342	16.903160	
130	1.275061	1.329718	19.264220	19.318877	16.879149	16.904966	
131	1.290111	1.344768	19.265725	19.320382	16.882159	16.907976	
132	1.311168	1.365825	19.267831	19.322488	16.886370	16.912188	
133	1.338220	1.392877	19.270536	19.325193	16.891780	16.917598	
134	1.371251	1.425908	19.273839	19.328496	16.898386	16.924204	
135	1.410239	1.464896	19.277738	19.332395	16.906184	16.932002	
136	1.455163	1.509820	19.282230	19.336887	16.915169	16.940987	
137	1.505994	1.560651	19.287314	19.341971	16.925335	16.951153	
138	1.562703	1.617360	19.292984	19.347641	16.936677	16.962495	
139	1.625255	1.679912	19.299240	19.353897	16.949187	16.975005	
140	1.693612	1.748269	19.306075	19.360732	16.962859	16.988677	
141	1.767734	1.822391	19.313488	19.368145	16.977683	17.003501	
142	1.847575	1.902232	19.321472	19.376129	16.993651	17.019469	
143	1.933088	1.987745	19.330023	19.384680	17.010754	17.036572	
144	2.024220	2.078877	19.339136	19.393793	17.028980	17.054798	
145	2.120918	2.175575	19.348806	19.403463	17.048320	17.074138	
146	2.223123	2.277780	19.359026	19.413683	17.068761	17.094579	
147	2.330773	2.385430	19.369791	19.424448	17.090291	17.116109	
148	2.443803	2.498460	19.381094	19.435751	17.112897	17.138715	
149	2.562146	2.616803	19.392929	19.447586	17.136566	17.162383	
150	2.685730	2.740387	19.405287	19.459944	17.161282	17.187100	
151	2.814480	2.869137	19.418162	19.472819	17.187032	17.212850	
152	2.948320	3.002977	19.431546	19.486203	17.213800	17.239618	
153	3.087168	3.141825	19.445431	19.500088	17.241570	17.267388	
154	3.230940	3.285597	19.459808	19.514465	17.270324	17.296142	
155	3.379551	3.434208	19.474669	19.529326	17.300047	17.325865	
156	3.532911	3.587568	19.490005	19.544662	17.330719	17.356536	
157	3.690927	3.745584	19.505807	19.560464	17.362322	17.388140	
158	3.853504	3.908161	19.522065	19.576722	17.394837	17.420655	
159	4.020545	4.075202	19.538769	19.593426	17.428245	17.454063	
160	4.191948	4.246605	19.555909	19.610566	17.462526	17.488344	
161	4.367610	4.422267	19.573475	19.628132	17.497658	17.523476	
162	4.547426	4.602083	19.591457	19.646114	17.533622	17.559439	
163	4.731287	4.785944	19.609843	19.664500	17.570394	17.596212	
164	4.919083	4.973740	19.628622	19.683279	17.607953	17.633771	
165	5.110700	5.165357	19.647784	19.702441	17.646276	17.672094	
166	5.306023	5.360680	19.667316	19.721973	17.685341	17.711159	
167	5.504934	5.559591	19.687208	19.741865	17.725123	17.750941	
168	5.707313	5.761970	19.707446	19.762102	17.765599	17.791417	
169	5.913040	5.967697	19.728018	19.782675	17.806744	17.832562	
170	6.121988	6.176645	19.748913	19.803570	17.848534	17.874352	
171	6.334034	6.388691	19.770118	19.824775	17.890943	17.916761	
172	6.549048	6.603705	19.791619	19.846276	17.933946	17.959764	
173	6.766902	6.821559	19.813404	19.868061	17.977517	18.003335	
174	6.987465	7.042122	19.835461	19.890118	18.021629	18.047447	
175	7.210603	7.265260	19.857774	19.912431	18.066257	18.092075	
176	7.436181	7.490838	19.880332	19.934989	18.111373	18.137191	
177	7.664065	7.718722	19.903121	19.957778	18.156949	18.182767	
178	7.894117	7.948774	19.926126	19.980783	18.202960	18.228778	
179	8.126198	8.180855	19.949334	20.003991	18.249376	18.275194	
180	8.360169	8.414826	19.972731	20.027388	18.296170	18.321988	
181	8.595888	8.650545	19.996303	20.050960	18.343314	18.369132	
182	8.833214	8.887871	20.020036	20.074693	18.390779	18.416597	
183	9.072003	9.126660	20.043915	20.098571	18.438537	18.464355	
184	9.312113	9.366770	20.067925	20.122582	18.486559	18.512377	
185	9.553397	9.608054	20.092054	20.146711	18.534816	18.560634	
186	9.795711	9.850368	20.116285	20.170942	18.583279	18.609096	
187	10.038909	10.093566	20.140605	20.195262	18.631918	18.657736	
188	10.282844	10.337501	20.164999	20.219656	18.680705	18.706523	
189	10.527370	10.582027	20.189451	20.244108	18.729610	18.755428	
190	10.772339	10.826996	20.213948	20.268605	18.778604	18.804422	
191	11.017603	11.072260	20.238475	20.293132	18.827657	18.853475	
192	11.263016	11.317673	20.263016	20.317673	18.876740	18.902557	
193	11.508428	11.563085	20.287557	20.342214	18.925822	18.951640	
194	11.753692	11.808349	20.312083	20.366740	18.974875	19.000693	
195	11.998661	12.053318	20.336580	20.391237	19.023869	19.049687	
196	12.243187	12.297844	20.361033	20.415690	19.072774	19.098592	
197	12.487122	12.541779	20.385426	20.440083	19.121561	19.147379	
198	12.730320	12.784977	20.409746	20.464403	19.170200	19.196018	
199	12.972635	13.027292	20.433978	20.488635	19.218663	19.244481	
200	13.213919	13.268576	20.458106	20.512763	19.266920	19.292738	
201	13.454028	13.508685	20.482117	20.536774	19.314942	19.340760	
202	13.692818	13.747475	20.505996	20.560653	19.362700	19.388518	
203	13.930143	13.984800	20.529729	20.584385	19.410165	19.435983	
204	14.165863	14.220520	20.553300	20.607957	19.457309	19.483127	
205	14.399833	14.454490	20.576697	20.631354	19.504103	19.529921	
206	14.631914	14.686571	20.599906	20.654563	19.550519	19.576337	
207	14.861966	14.916623	20.622911	20.677568	19.596530	19.622347	
208	15.089850	15.144507	20.645699	20.700356	19.642106	19.667924	
209	15.315429	15.370086	20.668257	20.722914	19.687222	19.713040	
210	15.538567	15.593224	20.690571	20.745228	19.731850	19.757668	
211	15.759129	15.813786	20.712627	20.767284	19.775962	19.801780	
212	15.976983	16.031640	20.734412	20.789069	19.819533	19.845351	
213	16.191998	16.246655	20.755914	20.810571	19.862536	19.888354	
214	16.404043	16.458700	20.777118	20.831775	19.904945	19.930763	
215	16.612992	16.667649	20.798013	20.852670	19.946735	19.972553	
216	16.818718	16.873375	20.818586	20.873243	19.987880	20.013698	
217	17.021098	17.075755	20.838824	20.893481	20.028356	20.054174	
218	17.220009	17.274666	20.858715	20.913372	20.068138	20.093956	
219	17.415332	17.469989	20.878247	20.932904	20.107203	20.133021	
220	17.606949	17.661606	20.897409	20.952066	20.145526	20.171344	
221	17.794744	17.849401	20.916189	20.970846	20.183085	20.208903	
222	17.978605	18.033262	20.934575	20.989232	20.219857	20.245675	
223	18.158421	18.213078	20.952556	21.007213	20.255821	20.281638	
224	18.334084	18.388741	20.970123	21.024780	20.290953	20.316771	
225	18.505487	18.560144	20.987263	21.041920	20.325234	20.351052	
226	18.672527	18.727184	21.003967	21.058624	20.358642	20.384460	
227	18.835104	18.889761	21.020225	21.074882	20.391157	20.416975	
228	18.993120	19.047777	21.036026	21.090683	20.422760	20.448578	
229	19.146480	19.201137	21.051362	21.106019	20.453432	20.479250	
230	19.295091	19.349748	21.066223	21.120880	20.483155	20.508972	
231	19.438864	19.493521	21.080601	21.135258	20.511909	20.537727	
232	19.577712	19.632369	21.094485	21.149142	20.539679	20.565497	
233	19.711551	19.766208	21.107869	21.162526	20.566447	20.592265	
234	19.840302	19.894959	21.120744	21.175401	20.592197	20.618015	
235	19.963886	20.018543	21.133103	21.187760	20.616913	20.642731	
236	20.082228	20.136885	21.144937	21.199594	20.640582	20.666400	
237	20.195259	20.249916	21.156240	21.210897	20.663188	20.689006	
238	20.302909	20.357566	21.167005	21.221662	20.684718	20.710536	
239	20.405113	20.459770	21.177226	21.231882	20.705159	20.730977	
240	20.501811	20.556468	21.186895	21.241552	20.724499	20.750316	
241	20.592944	20.647601	21.196009	21.250666	20.742725	20.768543	
242	20.678456	20.733113	21.204560	21.259217	20.759828	20.785646	
243	20.758298	20.812955	21.212544	21.267201	20.775796	20.801614	
244	20.832419	20.887076	21.219956	21.274613	20.790620	20.816438	
245	20.900776	20.955433	21.226792	21.281449	20.804292	20.830110	
246	20.963328	21.017985	21.233047	21.287704	20.816802	20.842620	
247	21.020037	21.074694	21.238718	21.293375	20.828144	20.853962	
248	21.070869	21.125526	21.243801	21.298458	20.838310	20.864128	
249	21.115792	21.170449	21.248293	21.302950	20.847295	20.873113	
250	21.154781	21.209438	21.252192	21.306849	20.855093	20.880910	
251	21.187811	21.242468	21.255495	21.310152	20.861699	20.887516	
252	21.214863	21.269520	21.258200	21.312857	20.867109	20.892927	
253	21.235920	21.290577	21.260306	21.314963	20.871320	20.897138	
254	21.250970	21.305627	21.261811	21.316468	20.874330	20.900148	
255	21.260004	21.314661	21.262715	21.317372	20.876137	20.901955	
256	21.263016	21.317673	21.263016	21.317673	20.876740	20.902557	
257	21.257775	21.312432	21.261630	21.316287	20.875534	20.901352	
258	21.242061	21.296718	21.257470	21.312127	20.871913	20.897730	
259	21.215893	21.270550	21.250528	21.305185	20.865857	20.891675	
260	21.179304	21.233961	21.240791	21.295448	20.857339	20.883157	
261	21.132341	21.186998	21.228241	21.282898	20.846318	20.872136	
262	21.075062	21.129719	21.212853	21.267510	20.832743	20.858561	
263	21.007540	21.062197	21.194599	21.249256	20.816550	20.842367	
264	20.929861	20.984518	21.173447	21.228104	20.797665	20.823483	
265	20.842122	20.896779	21.149356	21.204013	20.776006	20.801824	
266	20.744434	20.799091	21.122286	21.176942	20.751476	20.777294	
267	20.636918	20.691575	21.092187	21.146844	20.723971	20.749789	
268	20.519711	20.574368	21.059008	21.113665	20.693376	20.719194	
269	20.392958	20.447615	21.022694	21.077351	20.659568	20.685386	
270	20.256817	20.311474	20.983184	21.037841	20.622413	20.648231	
271	20.111458	20.166115	20.940415	20.995072	20.581771	20.607589	
272	19.957061	20.011718	20.894320	20.948977	20.537492	20.563310	
273	19.793817	19.848474	20.844829	20.899486	20.489419	20.515237	
274	19.621927	19.676584	20.791869	20.846526	20.437388	20.463206	
275	19.441602	19.496259	20.735364	20.790021	20.381230	20.407048	
276	19.253062	19.307719	20.675237	20.729894	20.320769	20.346587	
277	19.056537	19.111194	20.611408	20.666065	20.255823	20.281641	
278	18.852265	18.906922	20.543796	20.598453	20.186207	20.212025	
279	18.640493	18.695150	20.472317	20.526974	20.111731	20.137549	
280	18.421475	18.476132	20.396888	20.451545	20.032203	20.058021	
281	18.195472	18.250129	20.317425	20.372082	19.947427	19.973245	
282	17.962754	18.017411	20.233843	20.288500	19.857206	19.883024	
283	17.723595	17.778252	20.146058	20.200715	19.761342	19.787160	
284	17.478275	17.532932	20.053986	20.108643	19.659636	19.685454	
285	17.227082	17.281739	19.957544	20.012201	19.551890	19.577707	
286	16.970306	17.024963	19.856651	19.911308	19.437906	19.463724	
287	16.708242	16.762899	19.751225	19.805882	19.317490	19.343308	
288	16.441190	16.495847	19.641190	19.695847	19.190448	19.216266	
289	16.169453	16.224110	19.526470	19.581127	19.056591	19.082409	
290	15.893337	15.947994	19.406992	19.461649	18.915734	18.941552	
291	15.613148	15.667805	19.282686	19.337343	18.767696	18.793514	
292	15.329197	15.383854	19.153486	19.208143	18.612303	18.638121	
293	15.041795	15.096452	19.019332	19.073989	18.449385	18.475203	
294	14.751253	14.805910	18.880164	18.934821	18.278782	18.304600	
295	14.457882	14.512539	18.735930	18.790587	18.100340	18.126158	
296	14.161995	14.216652	18.586582	18.641239	17.913914	17.939731	
297	13.863901	13.918558	18.432078	18.486735	17.719367	17.745185	
298	13.563911	13.618568	18.272381	18.327038	17.516574	17.542391	
299	13.262331	13.316988	18.107460	18.162117	17.305419	17.331237	
300	12.959467	13.014124	17.937292	17.991949	17.085798	17.111616	
301	12.655621	12.710278	17.761859	17.816516	16.857619	16.883437	
302	12.351093	12.405750	17.581151	17.635808	16.620801	16.646619	
303	12.046176	12.100833	17.395165	17.449822	16.375277	16.401095	
304	11.741163	11.795820	17.203904	17.258561	16.120995	16.146813	
305	11.436339	11.490996	17.007383	17.062040	15.857913	15.883731	
306	11.131987	11.186644	16.805621	16.860278	15.586009	15.611826	
307	10.828383	10.883040	16.598647	16.653304	15.305270	15.331088	
308	10.525796	10.580453	16.386499	16.441156	15.015703	15.041521	
309	10.224490	10.279147	16.169222	16.223879	14.717329	14.743147	
310	9.924724	9.979381	15.946872	16.001529	14.410186	14.436004	
311	9.626747	9.681404	15.719512	15.774169	14.094327	14.120145	
312	9.330802	9.385459	15.487217	15.541874	13.769823	13.795641	
313	9.037126	9.091783	15.250067	15.304724	13.436762	13.462580	
314	8.745946	8.800603	15.008156	15.062812	13.095248	13.121066	
315	8.457483	8.512140	14.761583	14.816240	12.745404	12.771222	
316	8.171948	8.226605	14.510461	14.565118	12.387370	12.413187	
317	7.889544	7.944201	14.254908	14.309565	12.021302	12.047120	
318	7.610465	7.665122	13.995056	14.049713	11.647376	11.673194	
319	7.334897	7.389554	13.731042	13.785699	11.265786	11.291603	
320	7.063016	7.117673	13.463016	13.517673	10.876740	10.902557	
321	6.794990	6.849646	13.191135	13.245792	10.480466	10.506284	
322	6.530976	6.585633	12.915567	12.970224	10.077211	10.103029	
323	6.271123	6.325780	12.636488	12.691145	9.667236	9.693054	
324	6.015571	6.070228	12.354084	12.408741	9.250821	9.276639	
325	5.764448	5.819105	12.068548	12.123205	8.828262	8.854080	
326	5.517876	5.572533	11.780085	11.834742	8.399873	8.425691	
327	5.275964	5.330621	11.488905	11.543562	7.965981	7.991799	
328	5.038815	5.093472	11.195229	11.249886	7.526933	7.552751	
329	4.806519	4.861176	10.899285	10.953942	7.083088	7.108905	
330	4.579160	4.633817	10.601308	10.655965	6.634820	6.660638	
331	4.356810	4.411467	10.301541	10.356198	6.182521	6.208339	
332	4.139533	4.194190	10.000236	10.054893	5.726594	5.752411	
333	3.927385	3.982042	9.697649	9.752306	5.267454	5.293272	
334	3.720411	3.775068	9.394044	9.448701	4.805533	4.831351	
335	3.518649	3.573306	9.089692	9.144349	4.341272	4.367090	
336	3.322127	3.376784	8.784869	8.839526	3.875125	3.900943	
337	3.130867	3.185524	8.479856	8.534513	3.407555	3.433373	
338	2.944880	2.999537	8.174939	8.229596	2.939038	2.964856	
339	2.764172	2.818829	7.870410	7.925067	2.470056	2.495874	
340	2.588739	2.643396	7.566564	7.621221	2.001102	2.026920	
341	2.418571	2.473228	7.263700	7.318357	1.532677	1.558495	
342	2.253651	2.308308	6.962120	7.016777	1.065286	1.091104	
343	2.093954	2.148611	6.662130	6.716787	0.599443	0.625261	
344	1.939450	1.994107	6.364037	6.418694	0.135666	0.161484	
345	1.790102	1.844759	6.068149	6.122806	-0.325522	-0.299704	
346	1.645868	1.700525	5.774779	5.829436	-0.783595	-0.757777	
347	1.506700	1.561357	5.484237	5.538894	-1.238025	-1.212208	
348	1.372545	1.427202	5.196834	5.251491	-1.688282	-1.662464	
349	1.243346	1.298003	4.912883	4.967540	-2.133835	-2.108017	
350	1.119040	1.173697	4.632695	4.687352	-2.574152	-2.548334	
351	0.999561	1.054218	4.356578	4.411235	-3.008706	-2.982888	
352	0.884841	0.939498	4.084841	4.139498	-3.436969	-3.411151	
353	0.774806	0.829463	3.817790	3.872447	-3.858417	-3.832599	
354	0.669381	0.724038	3.555726	3.610383	-4.272530	-4.246712	
355	0.568487	0.623144	3.298950	3.353607	-4.678793	-4.652976	
356	0.472045	0.526702	3.047756	3.102413	-5.076699	-5.050881	
357	0.379973	0.434630	2.802437	2.857094	-5.465744	-5.439926	
358	0.292188	0.346845	2.563277	2.617934	-5.845435	-5.819617	
359	0.208607	0.263264	2.330559	2.385216	-6.215287	-6.189469	
360	0.129144	0.183800	2.104557	2.159214	-6.574825	-6.549007	
361	0.053715	0.108372	1.885538	1.940195	-6.923583	-6.897765	
362	-0.017764	0.036893	1.673766	1.728423	-7.261108	-7.235291	
363	-0.085377	-0.030720	1.469494	1.524151	-7.586961	-7.561143	
364	-0.149206	-0.094549	1.272969	1.327626	-7.900711	-7.874894	
365	-0.209333	-0.154676	1.084430	1.139087	-8.201947	-8.176129	
366	-0.265837	-0.211180	0.904104	0.958761	-8.490269	-8.464451	
367	-0.318797	-0.264140	0.732214	0.786871	-8.765293	-8.739476	
368	-0.368288	-0.313631	0.568970	0.623627	-9.026653	-9.000835	
369	-0.414383	-0.359726	0.414573	0.469230	-9.273999	-9.248181	
370	-0.457152	-0.402495	0.269214	0.323871	-9.506997	-9.481179	
371	-0.496662	-0.442005	0.133074	0.187731	-9.725334	-9.699516	
372	-0.532977	-0.478320	0.006321	0.060978	-9.928715	-9.902897	
373	-0.566155	-0.511498	-0.110887	-0.056230	-10.116863	-10.091046	
374	-0.596254	-0.541597	-0.218402	-0.163745	-10.289524	-10.263706	
375	-0.623325	-0.568668	-0.316091	-0.261434	-10.446462	-10.420645	
376	-0.647415	-0.592758	-0.403830	-0.349173	-10.587464	-10.561646	
377	-0.668568	-0.613911	-0.481509	-0.426852	-10.712335	-10.686517	
378	-0.686821	-0.632164	-0.549030	-0.494373	-10.820906	-10.795088	
379	-0.702209	-0.647552	-0.606309	-0.551652	-10.913027	-10.887209	
380	-0.714760	-0.660103	-0.653273	-0.598616	-10.988572	-10.962754	
381	-0.724497	-0.669840	-0.689862	-0.635205	-11.047437	-11.021619	
382	-0.731439	-0.676782	-0.716030	-0.661373	-11.089542	-11.063724	
383	-0.735599	-0.680942	-0.731744	-0.677087	-11.114828	-11.089010	
384	-0.736984	-0.682327	-0.736984	-0.682327	-11.123260	-11.097443	
