# n = 2.5 U  = 11.0 J = 2.750 k = 128.0
#    itr              mu            ntot            mtot            etot
       1       21.357992        2.500366        0.151001       36.973906
       2       21.389186        2.500366        0.037231       37.309136
       3       21.388475        2.500122        0.008057       37.308005
       4       21.385908        2.500122        0.002686       37.304644
       5       21.385250        2.500122        0.001221       37.304970
       6       21.386706        2.500122        0.000732       37.305241
       7       21.387209        2.500122        0.000244       37.304978
       8       21.387881        2.500122        0.000244       37.304978
       9       21.387881        2.500122        0.000244       37.304978
