# n = 0.8 U  = 7.0 J = 1.750 k = 128.0
#    itr              mu            ntot            mtot            etot
       1       -4.696086        0.800171        0.063965       -6.180790
       2       -4.712092        0.800171        0.022949       -6.143174
       3       -4.706136        0.800171        0.008789       -6.142018
       4       -4.705922        0.800171        0.003174       -6.141269
       5       -4.707164        0.800171        0.000977       -6.141215
       6       -4.708862        0.800171        0.000488       -6.141209
       7       -4.708083        0.800171        0.000000       -6.141208
       8       -4.709151        0.800171        0.000000       -6.141208
       9       -4.709151        0.800171        0.000000       -6.141208
