#p	a1_up	a1_dn	b1_up	b1_dn	c1_up	c1_dn	a2_up	a2_dn	b2_up	b2_dn	c2_up	c2_dn	NaN
0	13.988108	7.293008	13.988108	7.293009	2.992915	-3.607427	36.011892	29.316793	36.011892	29.316794	35.007085	28.406743	
1	13.988408	7.293309	13.991116	7.296018	2.997131	-3.603211	36.008884	29.313785	36.011592	29.316492	35.006483	28.406142	
2	13.989311	7.294212	14.000140	7.305042	3.009775	-3.590567	35.999860	29.304761	36.010689	29.315590	35.004680	28.404338	
3	13.990814	7.295715	14.015174	7.320075	3.030839	-3.569503	35.984826	29.289728	36.009186	29.314087	35.001675	28.401333	
4	13.992918	7.297818	14.036208	7.341110	3.060312	-3.540030	35.963792	29.268693	36.007082	29.311983	34.997471	28.397129	
5	13.995620	7.300521	14.063231	7.368132	3.098175	-3.502167	35.936769	29.241671	36.004380	29.309281	34.992071	28.391729	
6	13.998919	7.303820	14.096224	7.401126	3.144406	-3.455936	35.903776	29.208677	36.001081	29.305981	34.985476	28.385134	
7	14.002814	7.307715	14.135170	7.440072	3.198976	-3.401366	35.864830	29.169731	35.997186	29.302087	34.977693	28.377351	
8	14.007302	7.312202	14.180044	7.484945	3.261853	-3.338489	35.819956	29.124858	35.992698	29.297599	34.968724	28.368382	
9	14.012379	7.317280	14.230818	7.535720	3.332998	-3.267343	35.769182	29.074084	35.987621	29.292522	34.958576	28.358234	
10	14.018044	7.322945	14.287462	7.592364	3.412370	-3.187972	35.712538	29.017439	35.981956	29.286857	34.947255	28.346913	
11	14.024292	7.329193	14.349942	7.654844	3.499920	-3.100422	35.650058	28.954959	35.975708	29.280608	34.934767	28.334426	
12	14.031121	7.336021	14.418220	7.723122	3.595595	-3.004747	35.581780	28.886681	35.968879	29.273780	34.921121	28.320779	
13	14.038525	7.343425	14.492255	7.797156	3.699337	-2.901004	35.507745	28.812647	35.961475	29.266376	34.906324	28.305983	
14	14.046500	7.351401	14.572000	7.876902	3.811085	-2.789257	35.428000	28.732901	35.953500	29.258401	34.890386	28.290044	
15	14.055042	7.359943	14.657409	7.962311	3.930771	-2.669571	35.342591	28.647492	35.944958	29.249859	34.873316	28.272974	
16	14.064145	7.369046	14.748429	8.053331	4.058322	-2.542020	35.251571	28.556472	35.935855	29.240755	34.855124	28.254782	
17	14.073804	7.378705	14.845005	8.149907	4.193661	-2.406680	35.154995	28.459896	35.926196	29.231096	34.835822	28.235480	
18	14.084014	7.388914	14.947079	8.251980	4.336708	-2.263634	35.052921	28.357823	35.915986	29.220887	34.815420	28.215079	
19	14.094767	7.399668	15.054588	8.359489	4.487376	-2.112966	34.945412	28.250314	35.905233	29.210134	34.793933	28.193591	
20	14.106057	7.410958	15.167467	8.472368	4.645573	-1.954769	34.832533	28.137435	35.893943	29.198843	34.771372	28.171030	
21	14.117879	7.422779	15.285647	8.590549	4.811205	-1.789136	34.714353	28.019254	35.882121	29.187022	34.747751	28.147409	
22	14.130223	7.435124	15.409057	8.713959	4.984172	-1.616169	34.590943	27.895844	35.869777	29.174677	34.723084	28.122742	
23	14.143084	7.447985	15.537622	8.842523	5.164370	-1.435972	34.462378	27.767280	35.856916	29.161817	34.697387	28.097046	
24	14.156453	7.461354	15.671263	8.976164	5.351689	-1.248653	34.328737	27.633639	35.843547	29.148448	34.670676	28.070334	
25	14.170322	7.475223	15.809899	9.114800	5.546017	-1.054325	34.190101	27.495003	35.829678	29.134578	34.642965	28.042623	
26	14.184684	7.489584	15.953445	9.258346	5.747237	-0.853105	34.046555	27.351457	35.815316	29.120217	34.614273	28.013931	
27	14.199528	7.504429	16.101814	9.406716	5.955227	-0.645115	33.898186	27.203087	35.800472	29.105373	34.584616	27.984274	
28	14.214847	7.519748	16.254916	9.559817	6.169862	-0.430479	33.745084	27.049986	35.785153	29.090054	34.554012	27.953670	
29	14.230631	7.535531	16.412656	9.717558	6.391013	-0.209329	33.587344	26.892245	35.769369	29.074270	34.522481	27.922139	
30	14.246870	7.551771	16.574939	9.879840	6.618546	0.018204	33.425061	26.729963	35.753130	29.058031	34.490041	27.889699	
31	14.263555	7.568456	16.741665	10.046566	6.852324	0.251982	33.258335	26.563237	35.736445	29.041346	34.456711	27.856370	
32	14.280676	7.585577	16.912732	10.217633	7.092205	0.491864	33.087268	26.392170	35.719324	29.024225	34.422513	27.822171	
33	14.298222	7.603123	17.088034	10.392936	7.338047	0.737705	32.911966	26.216867	35.701778	29.006679	34.387467	27.787125	
34	14.316183	7.621084	17.267465	10.572367	7.589699	0.989357	32.732535	26.037436	35.683817	28.988718	34.351594	27.751252	
35	14.334548	7.639449	17.450914	10.755815	7.847010	1.246668	32.549086	25.853988	35.665452	28.970353	34.314916	27.714574	
36	14.353306	7.658207	17.638266	10.943168	8.109825	1.509484	32.361734	25.666635	35.646694	28.951595	34.277455	27.677113	
37	14.372445	7.677346	17.829408	11.134309	8.377986	1.777645	32.170592	25.475494	35.627555	28.932455	34.239235	27.638893	
38	14.391955	7.696856	18.024219	11.329120	8.651331	2.050989	31.975781	25.280683	35.608045	28.912946	34.200277	27.599935	
39	14.411823	7.716724	18.222578	11.527480	8.929695	2.329353	31.777422	25.082323	35.588177	28.893078	34.160607	27.560265	
40	14.432037	7.736938	18.424363	11.729264	9.212909	2.612567	31.575637	24.880539	35.567963	28.872863	34.120248	27.519906	
41	14.452586	7.757486	18.629445	11.934346	9.500804	2.900462	31.370555	24.675457	35.547414	28.852315	34.079225	27.478883	
42	14.473456	7.778357	18.837696	12.142597	9.793205	3.192863	31.162304	24.467206	35.526544	28.831445	34.037562	27.437220	
43	14.494635	7.799536	19.048983	12.353885	10.089936	3.489594	30.951017	24.255918	35.505365	28.810265	33.995286	27.394944	
44	14.516111	7.821012	19.263172	12.568073	10.390818	3.790476	30.736828	24.041730	35.483889	28.788789	33.952422	27.352080	
45	14.537871	7.842771	19.480124	12.785025	10.695669	4.095327	30.519876	23.824778	35.462129	28.767030	33.908995	27.308654	
46	14.559900	7.864801	19.699697	13.004599	11.004305	4.403963	30.300303	23.605204	35.440100	28.745000	33.865034	27.264692	
47	14.582187	7.887088	19.921747	13.226649	11.316541	4.716199	30.078253	23.383154	35.417813	28.722713	33.820564	27.220222	
48	14.604718	7.909619	20.146125	13.451026	11.632187	5.031845	29.853875	23.158777	35.395282	28.700183	33.775612	27.175270	
49	14.627479	7.932379	20.372677	13.677579	11.951053	5.350711	29.627323	22.932224	35.372521	28.677422	33.730207	27.129865	
50	14.650456	7.955357	20.601245	13.906146	12.272946	5.672604	29.398755	22.703657	35.349544	28.654445	33.684376	27.084034	
51	14.673635	7.978536	20.831663	14.136565	12.597673	5.997331	29.168337	22.473238	35.326365	28.631265	33.638146	27.037805	
52	14.697004	8.001904	21.063760	14.368661	12.925036	6.324694	28.936240	22.241142	35.302996	28.607897	33.591548	26.991206	
53	14.720546	8.025447	21.297353	14.602254	13.254839	6.654497	28.702647	22.007549	35.279454	28.584354	33.544608	26.944266	
54	14.744250	8.049150	21.532247	14.837148	13.586882	6.986540	28.467753	21.772655	35.255750	28.560651	33.497356	26.897014	
55	14.768099	8.072999	21.768231	15.073132	13.920964	7.320622	28.231769	21.536671	35.231901	28.536802	33.449821	26.849479	
56	14.792080	8.096980	22.005070	15.309972	14.256884	7.656542	27.994930	21.299831	35.207920	28.512821	33.402032	26.801691	
57	14.816178	8.121078	22.242500	15.547401	14.594438	7.994096	27.757500	21.062402	35.183822	28.488723	33.354019	26.753678	
58	14.840378	8.145279	22.480205	15.785107	14.933423	8.333081	27.519795	20.824696	35.159622	28.464522	33.305812	26.705470	
59	14.864667	8.169568	22.717803	16.022704	15.273632	8.673291	27.282197	20.587099	35.135333	28.440234	33.257439	26.657098	
60	14.889030	8.193930	22.954798	16.259699	15.614862	9.014520	27.045202	20.350104	35.110970	28.415871	33.208932	26.608590	
61	14.913451	8.218351	23.190514	16.495416	15.956905	9.356563	26.809486	20.114387	35.086549	28.391450	33.160320	26.559979	
62	14.937916	8.242817	23.423964	16.728865	16.299554	9.699212	26.576036	19.880938	35.062084	28.366985	33.111634	26.511292	
63	14.962411	8.267311	23.653588	16.958489	16.642601	10.042260	26.346412	19.651314	35.037589	28.342490	33.062904	26.462562	
64	14.986920	8.291821	23.876713	17.181615	16.985840	10.385498	26.123287	19.428188	35.013080	28.317981	33.014160	26.413818	
65	15.011429	8.316330	24.088311	17.393213	17.329062	10.728720	25.911689	19.216590	34.988571	28.293472	32.965433	26.365091	
66	15.035923	8.340824	24.278069	17.582971	17.672058	11.071716	25.721931	19.026832	34.964077	28.268978	32.916754	26.316412	
67	15.060388	8.365288	24.424103	17.729005	18.014622	11.414280	25.575897	18.880798	34.939612	28.244513	32.868153	26.267811	
68	15.084808	8.389708	24.487978	17.792879	18.356544	11.756203	25.512022	18.816924	34.915192	28.220093	32.819661	26.219320	
69	15.109169	8.414069	25.558567	18.863469	18.697619	12.097277	24.441433	17.746334	34.890831	28.195732	32.771310	26.170968	
70	15.133456	8.438357	25.692927	18.997828	19.037637	12.437295	24.307073	17.611975	34.866544	28.171445	32.723129	26.122787	
71	15.157655	8.462555	25.874833	19.179734	19.376393	12.776051	24.125167	17.430069	34.842345	28.147246	32.675149	26.074808	
72	15.181750	8.486651	26.079810	19.384712	19.713681	13.113339	23.920190	17.225091	34.818250	28.123150	32.627403	26.027061	
73	15.205728	8.510629	26.296258	19.601159	20.049295	13.448953	23.703742	17.008644	34.794272	28.099172	32.579920	25.979579	
74	15.229575	8.534475	26.518587	19.823489	20.383030	13.782688	23.481413	16.786314	34.770425	28.075326	32.532732	25.932391	
75	15.253275	8.558175	26.743872	20.048773	20.714683	14.114341	23.256128	16.561030	34.746725	28.051626	32.485870	25.885528	
76	15.276814	8.581715	26.970431	20.275333	21.044051	14.443709	23.029569	16.334470	34.723186	28.028087	32.439365	25.839023	
77	15.300179	8.605079	27.197217	20.502118	21.370933	14.770591	22.802783	16.107685	34.699821	28.004722	32.393248	25.792906	
78	15.323354	8.628255	27.423521	20.728422	21.695128	15.094786	22.576479	15.881381	34.676646	27.981546	32.347550	25.747209	
79	15.346327	8.651228	27.648833	20.953735	22.016437	15.416095	22.351167	15.656068	34.653673	27.958573	32.302303	25.701962	
80	15.369084	8.673984	27.872763	21.177664	22.334663	15.734321	22.127237	15.432139	34.630916	27.935817	32.257538	25.657197	
81	15.391609	8.696510	28.094996	21.399897	22.649609	16.049267	21.905004	15.209906	34.608391	27.913291	32.213287	25.612945	
82	15.413892	8.718792	28.315269	21.620170	22.961080	16.360738	21.684731	14.989633	34.586108	27.891009	32.169581	25.569239	
83	15.435916	8.740817	28.533353	21.838254	23.268883	16.668542	21.466647	14.771549	34.564084	27.868984	32.126453	25.526111	
84	15.457670	8.762571	28.749044	22.053945	23.572827	16.972486	21.250957	14.555858	34.542330	27.847230	32.083933	25.483592	
85	15.479141	8.784042	28.962155	22.267057	23.872722	17.272380	21.037845	14.342746	34.520859	27.825760	32.042056	25.441714	
86	15.500315	8.805215	29.172515	22.477417	24.168379	17.568037	20.827485	14.132386	34.499685	27.804586	32.000854	25.400512	
87	15.521179	8.826080	29.379962	22.684863	24.459612	17.859270	20.620038	13.924940	34.478821	27.783722	31.960359	25.360018	
88	15.541722	8.846622	29.584343	22.889244	24.746236	18.145894	20.415657	13.720559	34.458278	27.763179	31.920607	25.320265	
89	15.561930	8.866831	29.785511	23.090413	25.028067	18.427725	20.214489	13.519390	34.438070	27.742971	31.881632	25.281290	
90	15.581792	8.886693	29.983328	23.288229	25.304924	18.704582	20.016672	13.321574	34.418208	27.723109	31.843468	25.243126	
91	15.601295	8.906196	30.177657	23.482559	25.576626	18.976284	19.822343	13.127244	34.398705	27.703606	31.806153	25.205811	
92	15.620428	8.925329	30.368370	23.673271	25.842995	19.242653	19.631630	12.936532	34.379572	27.684472	31.769724	25.169383	
93	15.639180	8.944081	30.555339	23.860241	26.103853	19.503511	19.444661	12.749562	34.360820	27.665721	31.734221	25.133880	
94	15.657539	8.962439	30.738444	24.043345	26.359023	19.758681	19.261556	12.566458	34.342461	27.647362	31.699685	25.099343	
95	15.675493	8.980394	30.917565	24.222467	26.608329	20.007987	19.082435	12.387336	34.324507	27.629408	31.666157	25.065816	
96	15.693033	8.997934	31.092589	24.397490	26.851596	20.251254	18.907411	12.212313	34.306967	27.611868	31.633685	25.033343	
97	15.710147	9.015048	31.263403	24.568304	27.088648	20.488307	18.736597	12.041499	34.289853	27.594754	31.602317	25.001975	
98	15.726826	9.031727	31.429900	24.734801	27.319309	20.718968	18.570100	11.875002	34.273174	27.578075	31.572104	24.971762	
99	15.743059	9.047959	31.591974	24.896875	27.543402	20.943060	18.408026	11.712928	34.256941	27.561842	31.543104	24.942762	
100	15.758836	9.063737	31.749524	25.054426	27.760747	21.160405	18.250476	11.555377	34.241164	27.546065	31.515378	24.915037	
101	15.774149	9.079049	31.902453	25.207354	27.971163	21.370821	18.097547	11.402449	34.225851	27.530752	31.488994	24.888653	
102	15.788987	9.093887	32.050664	25.355565	28.174463	21.574122	17.949336	11.254238	34.211013	27.515914	31.464027	24.863685	
103	15.803342	9.108243	32.194065	25.498966	28.370458	21.770116	17.805935	11.110837	34.196658	27.501559	31.440560	24.840218	
104	15.817205	9.122106	32.332568	25.637469	28.558950	21.958608	17.667432	10.972334	34.182795	27.487696	31.418685	24.818343	
105	15.830568	9.135469	32.466087	25.770989	28.739735	22.139393	17.533913	10.838814	34.169432	27.474333	31.398508	24.798166	
106	15.843423	9.148324	32.594540	25.899442	28.912599	22.312257	17.405460	10.710361	34.156577	27.461478	31.380144	24.779803	
107	15.855762	9.160663	32.717848	26.022749	29.077318	22.476977	17.282152	10.587054	34.144238	27.449139	31.363726	24.763384	
108	15.867578	9.172479	32.835934	26.140835	29.233658	22.633317	17.164066	10.468968	34.132422	27.437323	31.349397	24.749055	
109	15.878863	9.183764	32.948726	26.253628	29.381374	22.781032	17.051274	10.356175	34.121137	27.426038	31.337318	24.736976	
110	15.889611	9.194512	33.056156	26.361058	29.520212	22.919870	16.943844	10.248745	34.110389	27.415290	31.327660	24.727318	
111	15.899815	9.204716	33.158157	26.463059	29.649915	23.049573	16.841843	10.146744	34.100185	27.405085	31.320602	24.720261	
112	15.909470	9.214371	33.254667	26.559568	29.770232	23.169891	16.745333	10.050235	34.090530	27.395431	31.316322	24.715980	
113	15.918569	9.223469	33.345626	26.650528	29.880936	23.280594	16.654374	9.959275	34.081431	27.386332	31.314978	24.714636	
114	15.927106	9.232007	33.430979	26.735881	29.981840	23.381498	16.569021	9.873922	34.072894	27.377794	31.316689	24.716347	
115	15.935078	9.239979	33.510675	26.815576	30.072833	23.472491	16.489325	9.794227	34.064922	27.369823	31.321505	24.721163	
116	15.942478	9.247379	33.584664	26.889565	30.153912	23.553571	16.415337	9.720238	34.057522	27.362423	31.329372	24.729030	
117	15.949303	9.254204	33.652900	26.957802	30.225215	23.624873	16.347100	9.652001	34.050697	27.355598	31.340098	24.739756	
118	15.955548	9.260449	33.715343	27.020245	30.287044	23.686703	16.284657	9.589558	34.044452	27.349353	31.353331	24.752989	
119	15.961210	9.266111	33.771955	27.076857	30.339872	23.739530	16.228045	9.532946	34.038790	27.343691	31.368553	24.768212	
120	15.966285	9.271186	33.822701	27.127602	30.384321	23.783979	16.177299	9.482201	34.033715	27.338616	31.385102	24.784760	
121	15.970770	9.275671	33.867549	27.172450	30.421122	23.820780	16.132451	9.437353	34.029230	27.334131	31.402210	24.801868	
122	15.974663	9.279563	33.906473	27.211374	30.451056	23.850714	16.093527	9.398429	34.025337	27.330238	31.419062	24.818720	
123	15.977960	9.282861	33.939449	27.244350	30.474897	23.874555	16.060551	9.365453	34.022040	27.326940	31.434858	24.834516	
124	15.980661	9.285562	33.966457	27.271358	30.493358	23.893016	16.033543	9.338445	34.019339	27.324240	31.448859	24.848517	
125	15.982764	9.287664	33.987480	27.292381	30.507055	23.906713	16.012520	9.317422	34.017236	27.322137	31.460431	24.860089	
126	15.984266	9.289167	34.002505	27.307407	30.516480	23.916139	15.997495	9.302396	34.015734	27.320635	31.469065	24.868723	
127	15.985168	9.290069	34.011524	27.316426	30.521992	23.921650	15.988476	9.293377	34.014832	27.319733	31.474394	24.874052	
128	15.985469	9.290369	34.014531	27.319433	31.476195	24.875853	15.985469	9.290370	34.014531	27.319432	30.523805	23.923463	
129	15.988476	9.293376	34.014832	27.319733	31.474394	24.874052	15.985168	9.290070	34.011524	27.316425	30.521992	23.921650	
130	15.997495	9.302395	34.015734	27.320635	31.469065	24.868723	15.984266	9.289168	34.002505	27.307406	30.516480	23.916139	
131	16.012520	9.317421	34.017236	27.322138	31.460431	24.860089	15.982764	9.287665	33.987480	27.292380	30.507055	23.906713	
132	16.033543	9.338444	34.019339	27.324240	31.448859	24.848517	15.980661	9.285563	33.966457	27.271357	30.493358	23.893016	
133	16.060551	9.365452	34.022040	27.326941	31.434858	24.834516	15.977960	9.282862	33.939449	27.244350	30.474897	23.874555	
134	16.093527	9.398428	34.025337	27.330239	31.419062	24.818720	15.974663	9.279564	33.906473	27.211374	30.451056	23.850714	
135	16.132451	9.437352	34.029230	27.334131	31.402210	24.801868	15.970770	9.275672	33.867549	27.172450	30.421122	23.820780	
136	16.177299	9.482200	34.033715	27.338617	31.385102	24.784760	15.966285	9.271186	33.822701	27.127601	30.384321	23.783979	
137	16.228045	9.532946	34.038790	27.343692	31.368553	24.768212	15.961210	9.266111	33.771955	27.076856	30.339872	23.739530	
138	16.284657	9.589557	34.044452	27.349353	31.353331	24.752989	15.955548	9.260450	33.715343	27.020244	30.287044	23.686703	
139	16.347100	9.652000	34.050697	27.355599	31.340098	24.739756	15.949303	9.254204	33.652900	26.957801	30.225215	23.624873	
140	16.415336	9.720237	34.057522	27.362423	31.329372	24.729030	15.942478	9.247380	33.584664	26.889564	30.153912	23.553571	
141	16.489325	9.794226	34.064922	27.369824	31.321505	24.721163	15.935078	9.239979	33.510675	26.815576	30.072833	23.472491	
142	16.569021	9.873921	34.072894	27.377795	31.316689	24.716347	15.927106	9.232008	33.430979	26.735880	29.981840	23.381498	
143	16.654374	9.959275	34.081431	27.386333	31.314978	24.714636	15.918569	9.223470	33.345626	26.650527	29.880936	23.280594	
144	16.745333	10.050234	34.090530	27.395432	31.316322	24.715980	15.909470	9.214371	33.254667	26.559567	29.770232	23.169891	
145	16.841843	10.146744	34.100185	27.405086	31.320602	24.720261	15.899816	9.204717	33.158157	26.463058	29.649915	23.049573	
146	16.943844	10.248745	34.110389	27.415290	31.327660	24.727318	15.889611	9.194513	33.056156	26.361057	29.520212	22.919870	
147	17.051273	10.356174	34.121137	27.426038	31.337318	24.736976	15.878863	9.183765	32.948727	26.253627	29.381374	22.781032	
148	17.164066	10.468967	34.132422	27.437324	31.349397	24.749055	15.867578	9.172479	32.835934	26.140835	29.233658	22.633317	
149	17.282152	10.587053	34.144238	27.449139	31.363726	24.763384	15.855762	9.160664	32.717848	26.022748	29.077318	22.476977	
150	17.405460	10.710361	34.156577	27.461478	31.380144	24.779803	15.843423	9.148325	32.594540	25.899441	28.912599	22.312257	
151	17.533913	10.838814	34.169432	27.474333	31.398508	24.798166	15.830568	9.135470	32.466087	25.770988	28.739735	22.139393	
152	17.667432	10.972333	34.182795	27.487696	31.418685	24.818343	15.817205	9.122107	32.332568	25.637469	28.558950	21.958608	
153	17.805935	11.110836	34.196658	27.501560	31.440560	24.840218	15.803342	9.108243	32.194065	25.498966	28.370458	21.770116	
154	17.949336	11.254237	34.211013	27.515915	31.464027	24.863685	15.788987	9.093888	32.050664	25.355564	28.174463	21.574122	
155	18.097547	11.402448	34.225851	27.530753	31.488994	24.888653	15.774149	9.079050	31.902453	25.207354	27.971163	21.370821	
156	18.250476	11.555376	34.241164	27.546065	31.515378	24.915037	15.758836	9.063738	31.749524	25.054425	27.760747	21.160405	
157	18.408026	11.712927	34.256941	27.561843	31.543104	24.942762	15.743059	9.047960	31.591974	24.896875	27.543402	20.943060	
158	18.570100	11.875001	34.273174	27.578076	31.572104	24.971762	15.726826	9.031727	31.429900	24.734800	27.319309	20.718968	
159	18.736597	12.041498	34.289853	27.594754	31.602317	25.001975	15.710147	9.015049	31.263403	24.568304	27.088648	20.488307	
160	18.907411	12.212312	34.306967	27.611869	31.633685	25.033343	15.693033	8.997934	31.092589	24.397490	26.851596	20.251254	
161	19.082435	12.387335	34.324507	27.629408	31.666157	25.065816	15.675493	8.980395	30.917565	24.222466	26.608329	20.007987	
162	19.261556	12.566457	34.342461	27.647363	31.699685	25.099343	15.657539	8.962440	30.738444	24.043345	26.359023	19.758681	
163	19.444661	12.749562	34.360820	27.665722	31.734221	25.133880	15.639180	8.944081	30.555339	23.860240	26.103853	19.503511	
164	19.631630	12.936531	34.379572	27.684473	31.769724	25.169383	15.620428	8.925330	30.368370	23.673270	25.842995	19.242653	
165	19.822343	13.127244	34.398705	27.703606	31.806153	25.205811	15.601295	8.906197	30.177657	23.482558	25.576626	18.976284	
166	20.016672	13.321573	34.418208	27.723110	31.843468	25.243126	15.581792	8.886693	29.983328	23.288228	25.304924	18.704582	
167	20.214489	13.519390	34.438070	27.742971	31.881632	25.281290	15.561930	8.866832	29.785511	23.090412	25.028067	18.427725	
168	20.415657	13.720558	34.458278	27.763180	31.920607	25.320265	15.541722	8.846623	29.584343	22.889243	24.746236	18.145894	
169	20.620038	13.924939	34.478821	27.783722	31.960359	25.360018	15.521179	8.826081	29.379962	22.684863	24.459612	17.859270	
170	20.827485	14.132386	34.499685	27.804587	32.000854	25.400512	15.500315	8.805216	29.172515	22.477416	24.168379	17.568037	
171	21.037845	14.342746	34.520859	27.825761	32.042056	25.441714	15.479141	8.784042	28.962155	22.267056	23.872722	17.272380	
172	21.250956	14.555857	34.542330	27.847231	32.083933	25.483592	15.457670	8.762572	28.749044	22.053944	23.572827	16.972486	
173	21.466647	14.771548	34.564084	27.868985	32.126453	25.526111	15.435916	8.740818	28.533353	21.838254	23.268883	16.668542	
174	21.684731	14.989632	34.586108	27.891010	32.169581	25.569239	15.413892	8.718793	28.315269	21.620170	22.961080	16.360738	
175	21.905004	15.209905	34.608390	27.913292	32.213287	25.612945	15.391610	8.696511	28.094996	21.399897	22.649609	16.049267	
176	22.127237	15.432138	34.630916	27.935818	32.257538	25.657197	15.369084	8.673985	27.872763	21.177664	22.334663	15.734321	
177	22.351167	15.656068	34.653673	27.958574	32.302303	25.701962	15.346327	8.651229	27.648833	20.953734	22.016437	15.416095	
178	22.576479	15.881380	34.676646	27.981547	32.347550	25.747209	15.323354	8.628256	27.423521	20.728422	21.695128	15.094786	
179	22.802783	16.107684	34.699821	28.004723	32.393248	25.792906	15.300179	8.605080	27.197217	20.502118	21.370933	14.770591	
180	23.029569	16.334469	34.723186	28.028087	32.439365	25.839023	15.276814	8.581716	26.970431	20.275332	21.044051	14.443709	
181	23.256128	16.561029	34.746725	28.051627	32.485870	25.885528	15.253275	8.558176	26.743872	20.048772	20.714683	14.114341	
182	23.481413	16.786314	34.770425	28.075327	32.532732	25.932391	15.229575	8.534476	26.518587	19.823488	20.383030	13.782688	
183	23.703742	17.008643	34.794271	28.099173	32.579920	25.979579	15.205729	8.510630	26.296258	19.601159	20.049295	13.448953	
184	23.920189	17.225090	34.818250	28.123151	32.627403	26.027061	15.181750	8.486652	26.079811	19.384711	19.713681	13.113339	
185	24.125167	17.430068	34.842345	28.147247	32.675149	26.074808	15.157655	8.462556	25.874833	19.179734	19.376393	12.776051	
186	24.307073	17.611974	34.866544	28.171446	32.723129	26.122787	15.133456	8.438357	25.692927	18.997828	19.037637	12.437295	
187	24.441432	17.746333	34.890831	28.195733	32.771310	26.170968	15.109169	8.414070	25.558568	18.863468	18.697619	12.097277	
188	25.512022	18.816923	34.915192	28.220094	32.819661	26.219320	15.084808	8.389709	24.487978	17.792878	18.356544	11.756203	
189	25.575897	18.880798	34.939612	28.244514	32.868153	26.267811	15.060388	8.365289	24.424103	17.729004	18.014622	11.414280	
190	25.721931	19.026832	34.964077	28.268978	32.916754	26.316412	15.035923	8.340825	24.278069	17.582970	17.672058	11.071716	
191	25.911689	19.216590	34.988571	28.293473	32.965433	26.365091	15.011429	8.316330	24.088311	17.393212	17.329062	10.728720	
192	26.123287	19.428188	35.013080	28.317982	33.014160	26.413818	14.986920	8.291821	23.876713	17.181614	16.985840	10.385498	
193	26.346412	19.651313	35.037589	28.342491	33.062904	26.462562	14.962411	8.267312	23.653588	16.958489	16.642601	10.042260	
194	26.576036	19.880937	35.062084	28.366986	33.111634	26.511292	14.937916	8.242817	23.423964	16.728864	16.299554	9.699212	
195	26.809486	20.114387	35.086549	28.391451	33.160320	26.559979	14.913451	8.218352	23.190514	16.495415	15.956905	9.356563	
196	27.045202	20.350103	35.110970	28.415872	33.208932	26.608590	14.889030	8.193931	22.954798	16.259698	15.614862	9.014520	
197	27.282197	20.587098	35.135333	28.440234	33.257439	26.657098	14.864667	8.169569	22.717803	16.022703	15.273632	8.673291	
198	27.519795	20.824696	35.159622	28.464523	33.305812	26.705470	14.840378	8.145280	22.480205	15.785106	14.933423	8.333081	
199	27.757500	21.062401	35.183822	28.488724	33.354019	26.753678	14.816178	8.121079	22.242500	15.547400	14.594438	7.994096	
200	27.994930	21.299830	35.207920	28.512822	33.402032	26.801691	14.792080	8.096981	22.005070	15.309971	14.256884	7.656542	
201	28.231769	21.536670	35.231901	28.536803	33.449821	26.849479	14.768099	8.073000	21.768231	15.073131	13.920964	7.320622	
202	28.467753	21.772654	35.255750	28.560652	33.497356	26.897014	14.744250	8.049151	21.532247	14.837147	13.586882	6.986540	
203	28.702647	22.007548	35.279454	28.584355	33.544608	26.944266	14.720546	8.025448	21.297352	14.602253	13.254839	6.654497	
204	28.936240	22.241141	35.302996	28.607898	33.591548	26.991206	14.697004	8.001905	21.063760	14.368661	12.925036	6.324694	
205	29.168337	22.473238	35.326365	28.631266	33.638146	27.037805	14.673635	7.978537	20.831663	14.136564	12.597673	5.997331	
206	29.398755	22.703656	35.349544	28.654446	33.684376	27.084034	14.650456	7.955357	20.601245	13.906145	12.272946	5.672604	
207	29.627323	22.932224	35.372521	28.677423	33.730207	27.129865	14.627479	7.932380	20.372677	13.677578	11.951053	5.350711	
208	29.853875	23.158776	35.395282	28.700184	33.775612	27.175270	14.604718	7.909619	20.146125	13.451026	11.632187	5.031845	
209	30.078253	23.383154	35.417813	28.722714	33.820564	27.220222	14.582187	7.887089	19.921747	13.226648	11.316541	4.716199	
210	30.300303	23.605204	35.440100	28.745001	33.865034	27.264692	14.559900	7.864802	19.699697	13.004598	11.004305	4.403963	
211	30.519876	23.824777	35.462129	28.767031	33.908995	27.308654	14.537871	7.842772	19.480124	12.785024	10.695669	4.095327	
212	30.736828	24.041729	35.483889	28.788790	33.952422	27.352080	14.516111	7.821013	19.263172	12.568073	10.390818	3.790476	
213	30.951017	24.255917	35.505365	28.810266	33.995286	27.394944	14.494635	7.799537	19.048983	12.353884	10.089936	3.489594	
214	31.162304	24.467205	35.526544	28.831446	34.037562	27.437220	14.473456	7.778357	18.837696	12.142597	9.793205	3.192863	
215	31.370555	24.675456	35.547414	28.852316	34.079225	27.478883	14.452586	7.757487	18.629445	11.934346	9.500804	2.900462	
216	31.575637	24.880538	35.567963	28.872864	34.120248	27.519906	14.432037	7.736939	18.424363	11.729263	9.212909	2.612567	
217	31.777422	25.082322	35.588177	28.893079	34.160607	27.560265	14.411823	7.716724	18.222578	11.527479	8.929695	2.329353	
218	31.975781	25.280682	35.608045	28.912946	34.200277	27.599935	14.391955	7.696857	18.024219	11.329119	8.651331	2.050989	
219	32.170592	25.475493	35.627555	28.932456	34.239235	27.638893	14.372445	7.677347	17.829408	11.134308	8.377986	1.777645	
220	32.361734	25.666634	35.646694	28.951596	34.277455	27.677113	14.353306	7.658207	17.638266	10.943167	8.109825	1.509484	
221	32.549086	25.853987	35.665452	28.970353	34.314916	27.714574	14.334548	7.639450	17.450913	10.755814	7.847010	1.246668	
222	32.732535	26.037436	35.683817	28.988718	34.351594	27.751252	14.316183	7.621085	17.267465	10.572366	7.589699	0.989357	
223	32.911966	26.216866	35.701778	29.006679	34.387467	27.787125	14.298222	7.603124	17.088034	10.392935	7.338047	0.737705	
224	33.087268	26.392169	35.719324	29.024226	34.422513	27.822171	14.280676	7.585577	16.912732	10.217632	7.092205	0.491864	
225	33.258335	26.563236	35.736445	29.041346	34.456711	27.856370	14.263555	7.568457	16.741665	10.046566	6.852324	0.251982	
226	33.425061	26.729962	35.753130	29.058032	34.490041	27.889699	14.246870	7.551772	16.574939	9.879840	6.618546	0.018204	
227	33.587344	26.892245	35.769369	29.074271	34.522481	27.922139	14.230631	7.535532	16.412656	9.717557	6.391013	-0.209329	
228	33.745084	27.049985	35.785153	29.090055	34.554012	27.953670	14.214847	7.519748	16.254916	9.559816	6.169862	-0.430479	
229	33.898186	27.203087	35.800472	29.105373	34.584616	27.984274	14.199528	7.504430	16.101814	9.406715	5.955227	-0.645115	
230	34.046555	27.351456	35.815316	29.120218	34.614273	28.013931	14.184684	7.489585	15.953445	9.258346	5.747237	-0.853105	
231	34.190101	27.495002	35.829678	29.134579	34.642965	28.042623	14.170323	7.475224	15.809899	9.114799	5.546017	-1.054325	
232	34.328737	27.633638	35.843547	29.148448	34.670676	28.070334	14.156453	7.461355	15.671263	8.976164	5.351689	-1.248653	
233	34.462378	27.767279	35.856916	29.161817	34.697387	28.097046	14.143084	7.447986	15.537622	8.842523	5.164370	-1.435972	
234	34.590943	27.895843	35.869777	29.174678	34.723084	28.122742	14.130223	7.435125	15.409057	8.713958	4.984172	-1.616169	
235	34.714353	28.019254	35.882121	29.187023	34.747751	28.147409	14.117879	7.422780	15.285647	8.590548	4.811205	-1.789136	
236	34.832533	28.137434	35.893943	29.198844	34.771372	28.171030	14.106057	7.410959	15.167467	8.472367	4.645573	-1.954769	
237	34.945412	28.250313	35.905233	29.210135	34.793933	28.193591	14.094767	7.399668	15.054588	8.359488	4.487376	-2.112966	
238	35.052921	28.357822	35.915986	29.220888	34.815420	28.215079	14.084014	7.388915	14.947079	8.251980	4.336708	-2.263634	
239	35.154995	28.459895	35.926196	29.231097	34.835822	28.235480	14.073805	7.378706	14.845005	8.149906	4.193661	-2.406680	
240	35.251571	28.556472	35.935855	29.240756	34.855124	28.254782	14.064145	7.369047	14.748429	8.053330	4.058322	-2.542020	
241	35.342591	28.647492	35.944958	29.249859	34.873316	28.272974	14.055042	7.359944	14.657409	7.962310	3.930771	-2.669571	
242	35.428000	28.732900	35.953500	29.258401	34.890386	28.290044	14.046500	7.351402	14.572000	7.876901	3.811085	-2.789257	
243	35.507745	28.812646	35.961475	29.266377	34.906324	28.305983	14.038525	7.343426	14.492255	7.797155	3.699337	-2.901004	
244	35.581780	28.886680	35.968879	29.273781	34.921121	28.320779	14.031121	7.336022	14.418220	7.723121	3.595595	-3.004747	
245	35.650058	28.954958	35.975708	29.280609	34.934767	28.334426	14.024292	7.329194	14.349942	7.654843	3.499920	-3.100422	
246	35.712538	29.017438	35.981956	29.286858	34.947255	28.346913	14.018044	7.322945	14.287462	7.592363	3.412370	-3.187972	
247	35.769182	29.074083	35.987621	29.292522	34.958576	28.358234	14.012379	7.317281	14.230818	7.535719	3.332998	-3.267343	
248	35.819956	29.124857	35.992698	29.297600	34.968724	28.368382	14.007302	7.312203	14.180044	7.484944	3.261853	-3.338489	
249	35.864830	29.169731	35.997186	29.302087	34.977693	28.377351	14.002814	7.307716	14.135170	7.440071	3.198976	-3.401366	
250	35.903776	29.208676	36.001081	29.305982	34.985476	28.385134	13.998919	7.303821	14.096224	7.401125	3.144406	-3.455936	
251	35.936770	29.241670	36.004380	29.309282	34.992071	28.391729	13.995620	7.300521	14.063230	7.368131	3.098175	-3.502167	
252	35.963792	29.268693	36.007082	29.311984	34.997471	28.397129	13.992918	7.297819	14.036208	7.341109	3.060312	-3.540030	
253	35.984826	29.289727	36.009186	29.314087	35.001675	28.401333	13.990814	7.295716	14.015174	7.320074	3.030839	-3.569503	
254	35.999860	29.304761	36.010689	29.315591	35.004680	28.404338	13.989311	7.294212	14.000140	7.305041	3.009775	-3.590567	
255	36.008884	29.313785	36.011592	29.316493	35.006483	28.406142	13.988408	7.293310	13.991116	7.296017	2.997131	-3.603211	
256	36.011892	29.316793	36.011892	29.316794	35.007085	28.406743	13.988108	7.293008	13.988108	7.293009	2.992915	-3.607427	
257	36.006656	29.311557	36.010510	29.315411	35.005882	28.405540	13.989490	7.294391	13.993344	7.298245	3.001346	-3.598996	
258	35.990952	29.295853	36.006361	29.311262	35.002266	28.401925	13.993639	7.298540	14.009048	7.313949	3.026625	-3.573717	
259	35.964802	29.269703	35.999437	29.304338	34.996222	28.395880	14.000563	7.305464	14.035198	7.340099	3.068719	-3.531623	
260	35.928238	29.233139	35.989725	29.294627	34.987719	28.387377	14.010275	7.315176	14.071762	7.376663	3.127570	-3.472772	
261	35.881307	29.186208	35.977207	29.282108	34.976717	28.376375	14.022793	7.327694	14.118693	7.423594	3.203095	-3.397247	
262	35.824069	29.128970	35.961859	29.266761	34.963165	28.362824	14.038141	7.343042	14.175931	7.480833	3.295193	-3.305149	
263	35.756594	29.061496	35.943653	29.248555	34.947001	28.346659	14.056347	7.361248	14.243406	7.548307	3.403735	-3.196607	
264	35.678970	28.983872	35.922556	29.227457	34.928149	28.327808	14.077444	7.382345	14.321030	7.625931	3.528573	-3.071768	
265	35.591294	28.896196	35.898529	29.203430	34.906527	28.306185	14.101471	7.406372	14.408706	7.713607	3.669537	-2.930805	
266	35.493677	28.798578	35.871529	29.176430	34.882040	28.281698	14.128471	7.433372	14.506323	7.811224	3.826433	-2.773909	
267	35.386241	28.691142	35.841510	29.146411	34.854582	28.254240	14.158490	7.463391	14.613759	7.918660	3.999046	-2.601296	
268	35.269122	28.574023	35.808419	29.113320	34.824040	28.223698	14.191581	7.496482	14.730878	8.035779	4.187142	-2.413199	
269	35.142466	28.447367	35.772202	29.077103	34.790289	28.189948	14.227798	7.532699	14.857534	8.162435	4.390465	-2.209876	
270	35.006431	28.311332	35.732798	29.037699	34.753198	28.152856	14.267202	7.572103	14.993569	8.298470	4.608739	-1.991603	
271	34.861188	28.166089	35.690144	28.995046	34.712625	28.112283	14.309856	7.614757	15.138812	8.443713	4.841669	-1.758673	
272	34.706917	28.011818	35.644175	28.949076	34.668420	28.068079	14.355825	7.660726	15.293083	8.597984	5.088939	-1.511403	
273	34.543809	27.848710	35.594820	28.899721	34.620428	28.020087	14.405180	7.710081	15.456191	8.761092	5.350218	-1.250124	
274	34.372065	27.676966	35.542007	28.846908	34.568486	27.968144	14.457993	7.762894	15.627935	8.932836	5.625155	-0.975187	
275	34.191898	27.496799	35.485661	28.790562	34.512422	27.912080	14.514339	7.819241	15.808102	9.113003	5.913382	-0.686960	
276	34.003529	27.308430	35.425704	28.730605	34.452062	27.851721	14.574296	7.879197	15.996471	9.301372	6.214516	-0.385826	
277	33.807187	27.112088	35.362058	28.666959	34.387226	27.786884	14.637942	7.942843	16.192813	9.497714	6.528158	-0.072184	
278	33.603112	26.908013	35.294642	28.599543	34.317727	27.717385	14.705358	8.010259	16.396888	9.701789	6.853893	0.253551	
279	33.391551	26.696452	35.223374	28.528275	34.243377	27.643035	14.776626	8.081527	16.608449	9.913351	7.191293	0.590951	
280	33.172759	26.477660	35.148172	28.453073	34.163983	27.563642	14.851828	8.156729	16.827241	10.132143	7.539916	0.939574	
281	32.946999	26.251900	35.068951	28.373852	34.079352	27.479010	14.931049	8.235950	17.053001	10.357903	7.899309	1.298967	
282	32.714540	26.019441	34.985629	28.290530	33.989286	27.388944	15.014371	8.319272	17.285460	10.590361	8.269006	1.668664	
283	32.475659	25.780560	34.898123	28.203024	33.893588	27.293246	15.101877	8.406778	17.524341	10.829242	8.648531	2.048189	
284	32.230638	25.535540	34.806349	28.111251	33.792060	27.191718	15.193651	8.498552	17.769362	11.074263	9.037398	2.437056	
285	31.979765	25.284666	34.710228	28.015129	33.684505	27.084163	15.289772	8.594673	18.020235	11.325136	9.435112	2.834770	
286	31.723333	25.028234	34.609678	27.914579	33.570727	26.970385	15.390322	8.695223	18.276667	11.581568	9.841171	3.240829	
287	31.461638	24.766540	34.504622	27.809523	33.450531	26.850189	15.495378	8.800279	18.538362	11.843263	10.255063	3.654722	
288	31.194984	24.499885	34.394984	27.699885	33.323726	26.723384	15.605016	8.909917	18.805016	12.109917	10.676274	4.075933	
289	30.923674	24.228575	34.280691	27.585592	33.190124	26.589782	15.719309	9.024210	19.076326	12.381227	11.104282	4.503940	
290	30.648018	23.952919	34.161673	27.466574	33.049542	26.449200	15.838327	9.143228	19.351982	12.656883	11.538561	4.938220	
291	30.368326	23.673228	34.037864	27.342765	32.901800	26.301459	15.962136	9.267037	19.631674	12.936575	11.978583	5.378241	
292	30.084913	23.389814	33.909202	27.214103	32.746728	26.146386	16.090798	9.395699	19.915087	13.219988	12.423814	5.823473	
293	29.798092	23.102993	33.775629	27.080530	32.584157	25.983816	16.224371	9.529273	20.201908	13.506809	12.873724	6.273382	
294	29.508181	22.813082	33.637092	26.941993	32.413931	25.813589	16.362908	9.667809	20.491819	13.796720	13.327777	6.727435	
295	29.215497	22.520398	33.493545	26.798446	32.235899	25.635557	16.506455	9.811356	20.784503	14.089404	13.785440	7.185098	
296	28.920359	22.225260	33.344946	26.649847	32.049920	25.449578	16.655054	9.959955	21.079641	14.384542	14.246181	7.645839	
297	28.623085	21.927986	33.191261	26.496162	31.855862	25.255521	16.808739	10.113640	21.376915	14.681816	14.709468	8.109126	
298	28.323993	21.628894	33.032463	26.337364	31.653606	25.053265	16.967537	10.272439	21.676007	14.980908	15.174774	8.574432	
299	28.023403	21.328304	32.868531	26.173433	31.443043	24.842701	17.131469	10.436370	21.976597	15.281498	15.641573	9.041232	
300	27.721632	21.026533	32.699457	26.004358	31.224076	24.623734	17.300543	10.605444	22.278368	15.583269	16.109345	9.509004	
301	27.419000	20.723901	32.525238	25.830139	30.996623	24.396281	17.474762	10.779663	22.581000	15.885901	16.577573	9.977231	
302	27.115825	20.420726	32.345883	25.650784	30.760615	24.160274	17.654117	10.959018	22.884175	16.189076	17.045744	10.445403	
303	26.812426	20.117327	32.161415	25.466316	30.516001	23.915659	17.838585	11.143486	23.187574	16.492475	17.513353	10.913011	
304	26.509126	19.814027	31.971868	25.276769	30.262745	23.662403	18.028132	11.333033	23.490874	16.795775	17.979896	11.379554	
305	26.206249	19.511150	31.777292	25.082193	30.000830	23.400489	18.222708	11.527609	23.793751	17.098653	18.444876	11.844535	
306	25.904125	19.209026	31.577758	24.882659	29.730263	23.129921	18.422242	11.727143	24.095875	17.400777	18.907800	12.307458	
307	25.603094	18.907995	31.373358	24.678259	29.451071	22.850729	18.626642	11.931543	24.396906	17.701808	19.368175	12.767833	
308	25.303510	18.608412	31.164213	24.469114	29.163311	22.562970	18.835787	12.140688	24.696490	18.001391	19.825506	13.225164	
309	25.005753	18.310654	30.950485	24.255386	28.867077	22.266735	19.049515	12.354416	24.994247	18.299148	20.279295	13.678953	
310	24.710238	18.015139	30.732386	24.037287	28.562502	21.962160	19.267614	12.572515	25.289762	18.594663	20.729025	14.128684	
311	24.417440	17.722341	30.510205	23.815107	28.249782	21.649441	19.489795	12.794696	25.582560	18.887461	21.174153	14.573811	
312	24.127935	17.432836	30.284349	23.589250	27.929198	21.328856	19.715651	13.020552	25.872065	19.176966	21.614079	15.013737	
313	23.842467	17.147368	30.055408	23.360309	27.601163	21.000821	19.944592	13.249493	26.157533	19.462434	22.048102	15.447760	
314	23.562083	16.866984	29.824292	23.129193	27.266316	20.665975	20.175708	13.480609	26.437917	19.742818	22.475326	15.874984	
315	23.288395	16.593296	29.592495	22.897397	26.925723	20.325381	20.407505	13.712406	26.711605	20.016506	22.894465	16.294123	
316	23.024169	16.329070	29.362682	22.667583	26.581333	19.980991	20.637318	13.942219	26.975831	20.280732	23.303379	16.703037	
317	22.774707	16.079608	29.140072	22.444973	26.237241	19.636900	20.859928	14.164829	27.225293	20.530194	23.697818	17.097476	
318	22.551410	15.856311	28.936001	22.240902	25.903768	19.303426	21.063999	14.368900	27.448590	20.753491	24.067340	17.466999	
319	22.380415	15.685317	28.776561	22.081462	25.613592	19.013251	21.223439	14.528340	27.619585	20.924486	24.379180	17.778839	
320	22.311638	14.593263	28.711638	22.016539	25.476195	18.875853	21.288362	15.616539	27.688362	20.993263	24.523805	17.923463	
321	21.223439	14.528340	27.619585	20.924486	24.379180	17.778839	22.380415	15.685317	28.776561	22.081462	25.613592	19.013251	
322	21.063999	14.368900	27.448590	20.753491	24.067340	17.466999	22.551410	15.856311	28.936001	22.240902	25.903768	19.303426	
323	20.859928	14.164829	27.225293	20.530194	23.697818	17.097476	22.774707	16.079608	29.140072	22.444973	26.237241	19.636900	
324	20.637318	13.942219	26.975831	20.280732	23.303379	16.703037	23.024169	16.329070	29.362682	22.667583	26.581333	19.980991	
325	20.407505	13.712406	26.711605	20.016506	22.894465	16.294123	23.288395	16.593296	29.592495	22.897397	26.925723	20.325381	
326	20.175708	13.480609	26.437917	19.742818	22.475326	15.874984	23.562083	16.866984	29.824292	23.129193	27.266316	20.665975	
327	19.944592	13.249493	26.157533	19.462434	22.048102	15.447760	23.842467	17.147368	30.055408	23.360309	27.601163	21.000821	
328	19.715651	13.020552	25.872065	19.176966	21.614079	15.013737	24.127935	17.432836	30.284349	23.589250	27.929198	21.328856	
329	19.489795	12.794696	25.582560	18.887461	21.174153	14.573811	24.417440	17.722341	30.510205	23.815107	28.249782	21.649441	
330	19.267614	12.572515	25.289762	18.594663	20.729025	14.128684	24.710238	18.015139	30.732386	24.037287	28.562502	21.962160	
331	19.049515	12.354416	24.994247	18.299148	20.279295	13.678953	25.005753	18.310654	30.950485	24.255386	28.867077	22.266735	
332	18.835787	12.140688	24.696490	18.001391	19.825506	13.225164	25.303510	18.608412	31.164213	24.469114	29.163311	22.562970	
333	18.626642	11.931543	24.396906	17.701808	19.368175	12.767833	25.603094	18.907995	31.373358	24.678259	29.451071	22.850729	
334	18.422242	11.727143	24.095875	17.400777	18.907800	12.307458	25.904125	19.209026	31.577758	24.882659	29.730263	23.129921	
335	18.222708	11.527609	23.793751	17.098653	18.444876	11.844535	26.206249	19.511150	31.777292	25.082193	30.000830	23.400489	
336	18.028132	11.333033	23.490874	16.795775	17.979896	11.379554	26.509126	19.814027	31.971868	25.276769	30.262745	23.662403	
337	17.838585	11.143486	23.187574	16.492475	17.513353	10.913011	26.812426	20.117327	32.161415	25.466316	30.516001	23.915659	
338	17.654117	10.959018	22.884175	16.189076	17.045744	10.445403	27.115825	20.420726	32.345883	25.650784	30.760615	24.160274	
339	17.474762	10.779663	22.581000	15.885901	16.577573	9.977231	27.419000	20.723901	32.525238	25.830139	30.996623	24.396281	
340	17.300543	10.605444	22.278368	15.583269	16.109345	9.509004	27.721632	21.026533	32.699457	26.004358	31.224076	24.623734	
341	17.131469	10.436370	21.976597	15.281498	15.641573	9.041232	28.023403	21.328304	32.868531	26.173433	31.443043	24.842701	
342	16.967537	10.272439	21.676007	14.980908	15.174774	8.574432	28.323993	21.628894	33.032463	26.337364	31.653606	25.053265	
343	16.808739	10.113640	21.376915	14.681816	14.709468	8.109126	28.623085	21.927986	33.191261	26.496162	31.855862	25.255521	
344	16.655054	9.959955	21.079641	14.384542	14.246181	7.645839	28.920359	22.225260	33.344946	26.649847	32.049920	25.449578	
345	16.506455	9.811356	20.784503	14.089404	13.785440	7.185098	29.215497	22.520398	33.493545	26.798446	32.235899	25.635557	
346	16.362908	9.667809	20.491819	13.796720	13.327777	6.727435	29.508181	22.813082	33.637092	26.941993	32.413931	25.813589	
347	16.224371	9.529273	20.201908	13.506809	12.873724	6.273382	29.798092	23.102993	33.775629	27.080530	32.584157	25.983816	
348	16.090798	9.395699	19.915087	13.219988	12.423814	5.823473	30.084913	23.389814	33.909202	27.214103	32.746728	26.146386	
349	15.962136	9.267037	19.631674	12.936575	11.978583	5.378241	30.368326	23.673228	34.037864	27.342765	32.901800	26.301459	
350	15.838327	9.143228	19.351982	12.656883	11.538561	4.938220	30.648018	23.952919	34.161673	27.466574	33.049542	26.449200	
351	15.719309	9.024210	19.076326	12.381227	11.104282	4.503940	30.923674	24.228575	34.280691	27.585592	33.190124	26.589782	
352	15.605016	8.909917	18.805016	12.109917	10.676274	4.075933	31.194984	24.499885	34.394984	27.699885	33.323726	26.723384	
353	15.495378	8.800279	18.538362	11.843263	10.255063	3.654722	31.461638	24.766540	34.504622	27.809523	33.450531	26.850189	
354	15.390322	8.695223	18.276667	11.581568	9.841171	3.240829	31.723333	25.028234	34.609678	27.914579	33.570727	26.970385	
355	15.289772	8.594673	18.020235	11.325136	9.435112	2.834770	31.979765	25.284666	34.710228	28.015129	33.684505	27.084163	
356	15.193651	8.498552	17.769362	11.074263	9.037398	2.437056	32.230638	25.535540	34.806349	28.111251	33.792060	27.191718	
357	15.101877	8.406778	17.524341	10.829242	8.648531	2.048189	32.475659	25.780560	34.898123	28.203024	33.893588	27.293246	
358	15.014371	8.319272	17.285460	10.590361	8.269006	1.668664	32.714540	26.019441	34.985629	28.290530	33.989286	27.388944	
359	14.931049	8.235950	17.053001	10.357903	7.899309	1.298967	32.946999	26.251900	35.068951	28.373852	34.079352	27.479010	
360	14.851828	8.156729	16.827241	10.132143	7.539916	0.939574	33.172759	26.477660	35.148172	28.453073	34.163983	27.563642	
361	14.776626	8.081527	16.608449	9.913351	7.191293	0.590951	33.391551	26.696452	35.223374	28.528275	34.243377	27.643035	
362	14.705358	8.010259	16.396888	9.701789	6.853893	0.253551	33.603112	26.908013	35.294642	28.599543	34.317727	27.717385	
363	14.637942	7.942843	16.192813	9.497714	6.528158	-0.072184	33.807187	27.112088	35.362058	28.666959	34.387226	27.786884	
364	14.574296	7.879197	15.996471	9.301372	6.214516	-0.385826	34.003529	27.308430	35.425704	28.730605	34.452062	27.851721	
365	14.514339	7.819241	15.808102	9.113003	5.913382	-0.686960	34.191898	27.496799	35.485661	28.790562	34.512422	27.912080	
366	14.457993	7.762894	15.627935	8.932836	5.625155	-0.975187	34.372065	27.676966	35.542007	28.846908	34.568486	27.968144	
367	14.405180	7.710081	15.456191	8.761092	5.350218	-1.250124	34.543809	27.848710	35.594820	28.899721	34.620428	28.020087	
368	14.355825	7.660726	15.293083	8.597984	5.088939	-1.511403	34.706917	28.011818	35.644175	28.949076	34.668420	28.068079	
369	14.309856	7.614757	15.138812	8.443713	4.841669	-1.758673	34.861188	28.166089	35.690144	28.995046	34.712625	28.112283	
370	14.267202	7.572103	14.993569	8.298470	4.608739	-1.991603	35.006431	28.311332	35.732798	29.037699	34.753198	28.152856	
371	14.227798	7.532699	14.857534	8.162435	4.390465	-2.209876	35.142466	28.447367	35.772202	29.077103	34.790289	28.189948	
372	14.191581	7.496482	14.730878	8.035779	4.187142	-2.413199	35.269122	28.574023	35.808419	29.113320	34.824040	28.223698	
373	14.158490	7.463391	14.613759	7.918660	3.999046	-2.601296	35.386241	28.691142	35.841510	29.146411	34.854582	28.254240	
374	14.128471	7.433372	14.506323	7.811224	3.826433	-2.773909	35.493677	28.798578	35.871529	29.176430	34.882040	28.281698	
375	14.101471	7.406372	14.408706	7.713607	3.669537	-2.930805	35.591294	28.896196	35.898529	29.203430	34.906527	28.306185	
376	14.077444	7.382345	14.321030	7.625931	3.528573	-3.071768	35.678970	28.983872	35.922556	29.227457	34.928149	28.327808	
377	14.056347	7.361248	14.243406	7.548307	3.403735	-3.196607	35.756594	29.061496	35.943653	29.248555	34.947001	28.346659	
378	14.038141	7.343042	14.175931	7.480833	3.295193	-3.305149	35.824069	29.128970	35.961859	29.266761	34.963165	28.362824	
379	14.022793	7.327694	14.118693	7.423594	3.203095	-3.397247	35.881307	29.186208	35.977207	29.282108	34.976717	28.376375	
380	14.010275	7.315176	14.071762	7.376663	3.127570	-3.472772	35.928238	29.233139	35.989725	29.294627	34.987719	28.387377	
381	14.000563	7.305464	14.035198	7.340099	3.068719	-3.531623	35.964802	29.269703	35.999437	29.304338	34.996222	28.395880	
382	13.993639	7.298540	14.009048	7.313949	3.026625	-3.573717	35.990952	29.295853	36.006361	29.311262	35.002266	28.401925	
383	13.989490	7.294391	13.993344	7.298245	3.001346	-3.598996	36.006656	29.311557	36.010510	29.315411	35.005882	28.405540	
384	13.988108	7.293008	13.988108	7.293009	2.992915	-3.607427	36.011892	29.316793	36.011892	29.316794	35.007085	28.406743	
