#p	a_up	a_dn	b_up	b_dn	c_up	c_dn	NaN
0	37.885498	37.889160	37.885498	37.889160	27.203369	27.204834	
1	37.885799	37.889461	37.888510	37.892172	27.207586	27.209051	
2	37.886703	37.890365	37.897543	37.901206	27.220233	27.221698	
3	37.888208	37.891870	37.912593	37.916256	27.241303	27.242768	
4	37.890313	37.893975	37.933651	37.937313	27.270783	27.272248	
5	37.893019	37.896681	37.960703	37.964365	27.308656	27.310120	
6	37.896322	37.899984	37.993733	37.997395	27.354898	27.356363	
7	37.900220	37.903883	38.032722	38.036384	27.409482	27.410947	
8	37.904713	37.908375	38.077645	38.081307	27.472375	27.473840	
9	37.909796	37.913458	38.128477	38.132139	27.543539	27.545004	
10	37.915467	37.919129	38.185186	38.188848	27.622932	27.624396	
11	37.921722	37.925384	38.247737	38.251399	27.710504	27.711969	
12	37.928558	37.932220	38.316095	38.319757	27.806204	27.807669	
13	37.935970	37.939632	38.390216	38.393878	27.909975	27.911439	
14	37.943954	37.947616	38.470057	38.473720	28.021752	28.023217	
15	37.952505	37.956167	38.555570	38.559232	28.141470	28.142935	
16	37.961619	37.965281	38.646703	38.650365	28.269056	28.270521	
17	37.971288	37.974950	38.743400	38.747063	28.404433	28.405897	
18	37.981509	37.985171	38.845605	38.849267	28.547519	28.548984	
19	37.992274	37.995936	38.953255	38.956917	28.698229	28.699694	
20	38.003577	38.007239	39.066285	39.069948	28.856471	28.857936	
21	38.015411	38.019073	39.184628	39.188290	29.022151	29.023616	
22	38.027769	38.031432	39.308212	39.311874	29.195169	29.196633	
23	38.040644	38.044307	39.436962	39.440625	29.375419	29.376884	
24	38.054028	38.057691	39.570802	39.574464	29.562795	29.564259	
25	38.067913	38.071575	39.709650	39.713312	29.757182	29.758647	
26	38.082291	38.085953	39.853423	39.857085	29.958464	29.959929	
27	38.097152	38.100814	40.002034	40.005696	30.166519	30.167984	
28	38.112488	38.116150	40.155394	40.159056	30.381223	30.382688	
29	38.128289	38.131951	40.313410	40.317072	30.602445	30.603910	
30	38.144547	38.148209	40.475987	40.479649	30.830053	30.831518	
31	38.161251	38.164913	40.643027	40.646689	31.063910	31.065375	
32	38.178391	38.182053	40.814430	40.818092	31.303874	31.305339	
33	38.195958	38.199620	40.990093	40.993755	31.549802	31.551266	
34	38.213939	38.217601	41.169908	41.173571	31.801544	31.803009	
35	38.232325	38.235987	41.353770	41.357432	32.058949	32.060414	
36	38.251105	38.254767	41.541565	41.545227	32.321863	32.323328	
37	38.270266	38.273929	41.733182	41.736844	32.590127	32.591592	
38	38.289799	38.293461	41.928505	41.932167	32.863579	32.865044	
39	38.309690	38.313352	42.127416	42.131078	33.142054	33.143519	
40	38.329928	38.333590	42.329796	42.333458	33.425386	33.426851	
41	38.350500	38.354163	42.535522	42.539184	33.713402	33.714867	
42	38.371395	38.375057	42.744471	42.748133	34.005931	34.007396	
43	38.392600	38.396262	42.956516	42.960178	34.302794	34.304259	
44	38.414101	38.417763	43.171531	43.175193	34.603815	34.605280	
45	38.435887	38.439549	43.389385	43.393047	34.908811	34.910275	
46	38.457943	38.461605	43.609947	43.613609	35.217598	35.219063	
47	38.480257	38.483919	43.833085	43.836747	35.529991	35.531456	
48	38.502815	38.506477	44.058664	44.062326	35.845801	35.847266	
49	38.525603	38.529265	44.286548	44.290210	36.164839	36.166303	
50	38.548608	38.552270	44.516600	44.520262	36.486911	36.488376	
51	38.571816	38.575478	44.748681	44.752343	36.811825	36.813290	
52	38.595213	38.598875	44.982651	44.986313	37.139384	37.140849	
53	38.618785	38.622447	45.218370	45.222033	37.469391	37.470855	
54	38.642518	38.646180	45.455696	45.459358	37.801647	37.803111	
55	38.666397	38.670059	45.694486	45.698148	38.135952	38.137417	
56	38.690408	38.694070	45.934595	45.938257	38.472105	38.473569	
57	38.714536	38.718198	46.175879	46.179541	38.809903	38.811368	
58	38.738768	38.742430	46.418193	46.421855	39.149142	39.150607	
59	38.763087	38.766749	46.661391	46.665053	39.489620	39.491085	
60	38.787481	38.791143	46.905327	46.908989	39.831129	39.832594	
61	38.811933	38.815596	47.149852	47.153515	40.173465	40.174930	
62	38.836430	38.840092	47.394821	47.398483	40.516422	40.517887	
63	38.860957	38.864619	47.640086	47.643748	40.859792	40.861257	
64	38.885498	38.889160	47.885498	47.889160	41.203369	41.204834	
65	38.910039	38.913701	48.130910	48.134572	41.546946	41.548411	
66	38.934566	38.938228	48.376175	48.379837	41.890317	41.891781	
67	38.959063	38.962725	48.621144	48.624806	42.233273	42.234738	
68	38.983515	38.987177	48.865669	48.869332	42.575609	42.577074	
69	39.007909	39.011571	49.109605	49.113267	42.917119	42.918583	
70	39.032229	39.035891	49.352803	49.356465	43.257596	43.259061	
71	39.056460	39.060122	49.595117	49.598779	43.596836	43.598300	
72	39.080588	39.084250	49.836401	49.840063	43.934634	43.936098	
73	39.104599	39.108261	50.076510	50.080173	44.270787	44.272251	
74	39.128478	39.132140	50.315300	50.318962	44.605092	44.606557	
75	39.152211	39.155873	50.552626	50.556288	44.937348	44.938813	
76	39.175783	39.179445	50.788345	50.792007	45.267355	45.268819	
77	39.199180	39.202842	51.022315	51.025978	45.594914	45.596378	
78	39.222388	39.226050	51.254397	51.258059	45.919827	45.921292	
79	39.245393	39.249055	51.484448	51.488111	46.241900	46.243364	
80	39.268181	39.271844	51.712332	51.715994	46.560937	46.562402	
81	39.290739	39.294401	51.937911	51.941573	46.876748	46.878212	
82	39.313053	39.316715	52.161049	52.164711	47.189140	47.190605	
83	39.335109	39.338771	52.381611	52.385273	47.497928	47.499393	
84	39.356895	39.360557	52.599465	52.603128	47.802923	47.804388	
85	39.378396	39.382058	52.814480	52.818142	48.103944	48.105409	
86	39.399601	39.403263	53.026525	53.030188	48.400808	48.402272	
87	39.420496	39.424158	53.235474	53.239136	48.693336	48.694801	
88	39.441068	39.444730	53.441200	53.444862	48.981352	48.982817	
89	39.461306	39.464968	53.643580	53.647242	49.264684	49.266149	
90	39.481197	39.484859	53.842491	53.846153	49.543159	49.544624	
91	39.500730	39.504392	54.037814	54.041476	49.816611	49.818076	
92	39.519891	39.523553	54.229431	54.233093	50.084875	50.086340	
93	39.538671	39.542333	54.417226	54.420889	50.347789	50.349254	
94	39.557057	39.560719	54.601088	54.604750	50.605195	50.606659	
95	39.575039	39.578701	54.780903	54.784566	50.856937	50.858402	
96	39.592605	39.596267	54.956566	54.960228	51.102864	51.104329	
97	39.609745	39.613407	55.127969	55.131631	51.342828	51.344293	
98	39.626449	39.630111	55.295009	55.298671	51.576685	51.578150	
99	39.642707	39.646369	55.457587	55.461249	51.804293	51.805758	
100	39.658509	39.662171	55.615603	55.619265	52.025515	52.026980	
101	39.673844	39.677507	55.768962	55.772624	52.240219	52.241684	
102	39.688706	39.692368	55.917573	55.921235	52.448275	52.449739	
103	39.703083	39.706745	56.061346	56.065008	52.649557	52.651021	
104	39.716968	39.720630	56.200194	56.203856	52.843944	52.845409	
105	39.730352	39.734014	56.334034	56.337696	53.031319	53.032784	
106	39.743227	39.746889	56.462784	56.466446	53.211570	53.213035	
107	39.755585	39.759247	56.586368	56.590030	53.384587	53.386052	
108	39.767419	39.771081	56.704711	56.708373	53.550267	53.551732	
109	39.778722	39.782384	56.817741	56.821403	53.708509	53.709974	
110	39.789487	39.793149	56.925391	56.929053	53.859219	53.860684	
111	39.799708	39.803370	57.027596	57.031258	54.002306	54.003771	
112	39.809378	39.813040	57.124293	57.127955	54.137683	54.139147	
113	39.818491	39.822153	57.215426	57.219088	54.265268	54.266733	
114	39.827042	39.830704	57.300939	57.304601	54.384986	54.386451	
115	39.835026	39.838688	57.380780	57.384442	54.496764	54.498229	
116	39.842438	39.846100	57.454901	57.458564	54.600534	54.601999	
117	39.849274	39.852936	57.523259	57.526921	54.696234	54.697699	
118	39.855529	39.859191	57.585811	57.589473	54.783807	54.785272	
119	39.861200	39.864862	57.642519	57.646181	54.863199	54.864664	
120	39.866283	39.869945	57.693351	57.697013	54.934363	54.935828	
121	39.870776	39.874438	57.738274	57.741937	54.997256	54.998721	
122	39.874675	39.878337	57.777263	57.780925	55.051840	55.053305	
123	39.877978	39.881640	57.810293	57.813956	55.098083	55.099547	
124	39.880683	39.884345	57.837345	57.841007	55.135955	55.137420	
125	39.882789	39.886451	57.858403	57.862065	55.165436	55.166900	
126	39.884294	39.887956	57.873453	57.877115	55.186506	55.187970	
127	39.885197	39.888859	57.882486	57.886148	55.199153	55.200617	
128	39.885498	39.889160	57.885498	57.889160	55.203369	55.204834	
129	39.888510	39.892172	57.885799	57.889461	55.203972	55.205436	
130	39.897543	39.901206	57.886703	57.890365	55.205778	55.207243	
131	39.912593	39.916256	57.888208	57.891870	55.208788	55.210253	
132	39.933651	39.937313	57.890313	57.893975	55.213000	55.214465	
133	39.960703	39.964365	57.893019	57.896681	55.218410	55.219875	
134	39.993733	39.997395	57.896322	57.899984	55.225016	55.226481	
135	40.032722	40.036384	57.900220	57.903883	55.232814	55.234279	
136	40.077645	40.081307	57.904713	57.908375	55.241799	55.243263	
137	40.128477	40.132139	57.909796	57.913458	55.251965	55.253430	
138	40.185186	40.188848	57.915467	57.919129	55.263307	55.264771	
139	40.247737	40.251399	57.921722	57.925384	55.275817	55.277282	
140	40.316095	40.319757	57.928558	57.932220	55.289488	55.290953	
141	40.390216	40.393878	57.935970	57.939632	55.304313	55.305778	
142	40.470057	40.473720	57.943954	57.947616	55.320281	55.321746	
143	40.555570	40.559232	57.952505	57.956167	55.337384	55.338848	
144	40.646703	40.650365	57.961619	57.965281	55.355610	55.357075	
145	40.743400	40.747063	57.971288	57.974950	55.374950	55.376414	
146	40.845605	40.849267	57.981509	57.985171	55.395391	55.396855	
147	40.953255	40.956917	57.992274	57.995936	55.416921	55.418385	
148	41.066285	41.069948	58.003577	58.007239	55.439527	55.440991	
149	41.184628	41.188290	58.015411	58.019073	55.463195	55.464660	
150	41.308212	41.311874	58.027769	58.031432	55.487912	55.489377	
151	41.436962	41.440625	58.040644	58.044307	55.513662	55.515127	
152	41.570802	41.574464	58.054028	58.057691	55.540430	55.541895	
153	41.709650	41.713312	58.067913	58.071575	55.568200	55.569664	
154	41.853423	41.857085	58.082291	58.085953	55.596954	55.598419	
155	42.002034	42.005696	58.097152	58.100814	55.626676	55.628141	
156	42.155394	42.159056	58.112488	58.116150	55.657348	55.658813	
157	42.313410	42.317072	58.128289	58.131951	55.688951	55.690416	
158	42.475987	42.479649	58.144547	58.148209	55.721467	55.722932	
159	42.643027	42.646689	58.161251	58.164913	55.754875	55.756340	
160	42.814430	42.818092	58.178391	58.182053	55.789156	55.790620	
161	42.990093	42.993755	58.195958	58.199620	55.824288	55.825753	
162	43.169908	43.173571	58.213939	58.217601	55.860251	55.861716	
163	43.353770	43.357432	58.232325	58.235987	55.897023	55.898488	
164	43.541565	43.545227	58.251105	58.254767	55.934583	55.936047	
165	43.733182	43.736844	58.270266	58.273929	55.972906	55.974371	
166	43.928505	43.932167	58.289799	58.293461	56.011971	56.013435	
167	44.127416	44.131078	58.309690	58.313352	56.051753	56.053218	
168	44.329796	44.333458	58.329928	58.333590	56.092229	56.093694	
169	44.535522	44.539184	58.350500	58.354163	56.133374	56.134839	
170	44.744471	44.748133	58.371395	58.375057	56.175164	56.176628	
171	44.956516	44.960178	58.392600	58.396262	56.217573	56.219038	
172	45.171531	45.175193	58.414101	58.417763	56.260576	56.262041	
173	45.389385	45.393047	58.435887	58.439549	56.304146	56.305611	
174	45.609947	45.613609	58.457943	58.461605	56.348259	56.349724	
175	45.833085	45.836747	58.480257	58.483919	56.392887	56.394351	
176	46.058664	46.062326	58.502815	58.506477	56.438002	56.439467	
177	46.286548	46.290210	58.525603	58.529265	56.483579	56.485044	
178	46.516600	46.520262	58.548608	58.552270	56.529589	56.531054	
179	46.748681	46.752343	58.571816	58.575478	56.576006	56.577471	
180	46.982651	46.986313	58.595213	58.598875	56.622800	56.624265	
181	47.218370	47.222033	58.618785	58.622447	56.669944	56.671408	
182	47.455696	47.459358	58.642518	58.646180	56.717409	56.718874	
183	47.694486	47.698148	58.666397	58.670059	56.765167	56.766632	
184	47.934595	47.938257	58.690408	58.694070	56.813188	56.814653	
185	48.175879	48.179541	58.714536	58.718198	56.861445	56.862910	
186	48.418193	48.421855	58.738768	58.742430	56.909908	56.911373	
187	48.661391	48.665053	58.763087	58.766749	56.958548	56.960013	
188	48.905327	48.908989	58.787481	58.791143	57.007335	57.008800	
189	49.149852	49.153515	58.811933	58.815596	57.056240	57.057705	
190	49.394821	49.398483	58.836430	58.840092	57.105234	57.106699	
191	49.640086	49.643748	58.860957	58.864619	57.154287	57.155752	
192	49.885498	49.889160	58.885498	58.889160	57.203369	57.204834	
193	50.130910	50.134572	58.910039	58.913701	57.252452	57.253916	
194	50.376175	50.379837	58.934566	58.938228	57.301504	57.302969	
195	50.621144	50.624806	58.959063	58.962725	57.350498	57.351963	
196	50.865669	50.869332	58.983515	58.987177	57.399403	57.400868	
197	51.109605	51.113267	59.007909	59.011571	57.448190	57.449655	
198	51.352803	51.356465	59.032229	59.035891	57.496830	57.498295	
199	51.595117	51.598779	59.056460	59.060122	57.545293	57.546758	
200	51.836401	51.840063	59.080588	59.084250	57.593550	57.595015	
201	52.076510	52.080173	59.104599	59.108261	57.641572	57.643036	
202	52.315300	52.318962	59.128478	59.132140	57.689330	57.690794	
203	52.552626	52.556288	59.152211	59.155873	57.736795	57.738259	
204	52.788345	52.792007	59.175783	59.179445	57.783938	57.785403	
205	53.022315	53.025978	59.199180	59.202842	57.830733	57.832197	
206	53.254397	53.258059	59.222388	59.226050	57.877149	57.878614	
207	53.484448	53.488111	59.245393	59.249055	57.923159	57.924624	
208	53.712332	53.715994	59.268181	59.271844	57.968736	57.970201	
209	53.937911	53.941573	59.290739	59.294401	58.013852	58.015317	
210	54.161049	54.164711	59.313053	59.316715	58.058479	58.059944	
211	54.381611	54.385273	59.335109	59.338771	58.102592	58.104057	
212	54.599465	54.603128	59.356895	59.360557	58.146163	58.147627	
213	54.814480	54.818142	59.378396	59.382058	58.189166	58.190630	
214	55.026525	55.030188	59.399601	59.403263	58.231575	58.233039	
215	55.235474	55.239136	59.420496	59.424158	58.273364	58.274829	
216	55.441200	55.444862	59.441068	59.444730	58.314510	58.315974	
217	55.643580	55.647242	59.461306	59.464968	58.354986	58.356450	
218	55.842491	55.846153	59.481197	59.484859	58.394768	58.396233	
219	56.037814	56.041476	59.500730	59.504392	58.433832	58.435297	
220	56.229431	56.233093	59.519891	59.523553	58.472156	58.473621	
221	56.417226	56.420889	59.538671	59.542333	58.509715	58.511180	
222	56.601088	56.604750	59.557057	59.560719	58.546487	58.547952	
223	56.780903	56.784566	59.575039	59.578701	58.582450	58.583915	
224	56.956566	56.960228	59.592605	59.596267	58.617583	58.619048	
225	57.127969	57.131631	59.609745	59.613407	58.651863	58.653328	
226	57.295009	57.298671	59.626449	59.630111	58.685271	58.686736	
227	57.457587	57.461249	59.642707	59.646369	58.717787	58.719252	
228	57.615603	57.619265	59.658509	59.662171	58.749390	58.750855	
229	57.768962	57.772624	59.673844	59.677507	58.780062	58.781527	
230	57.917573	57.921235	59.688706	59.692368	58.809784	58.811249	
231	58.061346	58.065008	59.703083	59.706745	58.838539	58.840004	
232	58.200194	58.203856	59.716968	59.720630	58.866308	58.867773	
233	58.334034	58.337696	59.730352	59.734014	58.893076	58.894541	
234	58.462784	58.466446	59.743227	59.746889	58.918826	58.920291	
235	58.586368	58.590030	59.755585	59.759247	58.943543	58.945008	
236	58.704711	58.708373	59.767419	59.771081	58.967212	58.968677	
237	58.817741	58.821403	59.778722	59.782384	58.989818	58.991283	
238	58.925391	58.929053	59.789487	59.793149	59.011348	59.012813	
239	59.027596	59.031258	59.799708	59.803370	59.031789	59.033253	
240	59.124293	59.127955	59.809378	59.813040	59.051128	59.052593	
241	59.215426	59.219088	59.818491	59.822153	59.069355	59.070820	
242	59.300939	59.304601	59.827042	59.830704	59.086457	59.087922	
243	59.380780	59.384442	59.835026	59.838688	59.102426	59.103890	
244	59.454901	59.458564	59.842438	59.846100	59.117250	59.118715	
245	59.523259	59.526921	59.849274	59.852936	59.130921	59.132386	
246	59.585811	59.589473	59.855529	59.859191	59.143432	59.144896	
247	59.642519	59.646181	59.861200	59.864862	59.154773	59.156238	
248	59.693351	59.697013	59.866283	59.869945	59.164940	59.166405	
249	59.738274	59.741937	59.870776	59.874438	59.173924	59.175389	
250	59.777263	59.780925	59.874675	59.878337	59.181722	59.183187	
251	59.810293	59.813956	59.877978	59.881640	59.188328	59.189793	
252	59.837345	59.841007	59.880683	59.884345	59.193739	59.195203	
253	59.858403	59.862065	59.882789	59.886451	59.197950	59.199415	
254	59.873453	59.877115	59.884294	59.887956	59.200960	59.202425	
255	59.882486	59.886148	59.885197	59.888859	59.202767	59.204232	
256	59.885498	59.889160	59.885498	59.889160	59.203369	59.204834	
257	59.880258	59.883920	59.884112	59.887774	59.202164	59.203629	
258	59.864544	59.868206	59.879953	59.883615	59.198542	59.200007	
259	59.838375	59.842038	59.873011	59.876673	59.192487	59.193952	
260	59.801786	59.805449	59.863274	59.866936	59.183969	59.185434	
261	59.754823	59.758485	59.850723	59.854385	59.172948	59.174413	
262	59.697544	59.701206	59.835335	59.838997	59.159372	59.160837	
263	59.630023	59.633685	59.817082	59.820744	59.143179	59.144644	
264	59.552343	59.556005	59.795929	59.799591	59.124295	59.125760	
265	59.464604	59.468266	59.771839	59.775501	59.102635	59.104100	
266	59.366916	59.370578	59.744768	59.748430	59.078105	59.079570	
267	59.259401	59.263063	59.714669	59.718331	59.050600	59.052065	
268	59.142193	59.145855	59.681490	59.685152	59.020006	59.021471	
269	59.015440	59.019102	59.645176	59.648838	58.986197	58.987662	
270	58.879299	58.882962	59.605666	59.609328	58.949043	58.950508	
271	58.733941	58.737603	59.562897	59.566559	58.908401	58.909865	
272	58.579544	58.583206	59.516802	59.520464	58.864121	58.865586	
273	58.416300	58.419962	59.467311	59.470973	58.816048	58.817513	
274	58.244410	58.248072	59.414351	59.418013	58.764018	58.765483	
275	58.064084	58.067746	59.357846	59.361509	58.707860	58.709325	
276	57.875544	57.879206	59.297720	59.301382	58.647399	58.648864	
277	57.679019	57.682681	59.233891	59.237553	58.582453	58.583918	
278	57.474748	57.478410	59.166278	59.169940	58.512837	58.514302	
279	57.262975	57.266638	59.094799	59.098461	58.438361	58.439826	
280	57.043957	57.047619	59.019370	59.023032	58.358833	58.360297	
281	56.817955	56.821617	58.939907	58.943569	58.274057	58.275521	
282	56.585236	56.588898	58.856325	58.859988	58.183836	58.185300	
283	56.346077	56.349739	58.768540	58.772203	58.087971	58.089436	
284	56.100758	56.104420	58.676469	58.680131	57.986265	57.987730	
285	55.849564	55.853226	58.580027	58.583689	57.878519	57.879984	
286	55.592788	55.596450	58.479133	58.482795	57.764536	57.766001	
287	55.330724	55.334386	58.373708	58.377370	57.644119	57.645584	
288	55.063673	55.067335	58.263673	58.267335	57.517078	57.518542	
289	54.791936	54.795598	58.148952	58.152614	57.383221	57.384686	
290	54.515819	54.519481	58.029474	58.033136	57.242364	57.243829	
291	54.235631	54.239293	57.905168	57.908830	57.094326	57.095791	
292	53.951680	53.955342	57.775969	57.779631	56.938933	56.940397	
293	53.664277	53.667939	57.641814	57.645476	56.776015	56.777480	
294	53.373735	53.377397	57.502646	57.506308	56.605412	56.606877	
295	53.080364	53.084026	57.358412	57.362074	56.426970	56.428435	
296	52.784477	52.788139	57.209064	57.212726	56.240543	56.242008	
297	52.486384	52.490046	57.054560	57.058222	56.045996	56.047461	
298	52.186393	52.190056	56.894863	56.898525	55.843203	55.844668	
299	51.884814	51.888476	56.729943	56.733605	55.632048	55.633513	
300	51.581950	51.585612	56.559775	56.563437	55.412428	55.413892	
301	51.278104	51.281766	56.384342	56.388004	55.184248	55.185713	
302	50.973575	50.977237	56.203633	56.207295	54.947430	54.948895	
303	50.668658	50.672320	56.017647	56.021309	54.701907	54.703372	
304	50.363645	50.367307	55.826387	55.830049	54.447624	54.449089	
305	50.058822	50.062484	55.629865	55.633527	54.184543	54.186008	
306	49.754470	49.758132	55.428103	55.431765	53.912638	53.914103	
307	49.450865	49.454527	55.221129	55.224791	53.631900	53.633364	
308	49.148278	49.151940	55.008981	55.012643	53.342333	53.343798	
309	48.846973	48.850635	54.791704	54.795366	53.043959	53.045424	
310	48.547206	48.550868	54.569354	54.573016	52.736816	52.738281	
311	48.249229	48.252891	54.341995	54.345657	52.420957	52.422422	
312	47.953284	47.956946	54.109699	54.113361	52.096453	52.097918	
313	47.659608	47.663270	53.872549	53.876211	51.763392	51.764856	
314	47.368429	47.372091	53.630638	53.634300	51.421878	51.423343	
315	47.079965	47.083628	53.384065	53.387728	51.072034	51.073499	
316	46.794430	46.798092	53.132943	53.136605	50.713999	50.715464	
317	46.512026	46.515688	52.877391	52.881053	50.347932	50.349397	
318	46.232947	46.236609	52.617538	52.621200	49.974006	49.975471	
319	45.957379	45.961041	52.353524	52.357186	49.592415	49.593880	
320	45.685498	45.689160	52.085498	52.089160	49.203369	49.204834	
321	45.417472	45.421134	51.813617	51.817279	48.807096	48.808561	
322	45.153458	45.157120	51.538049	51.541711	48.403841	48.405305	
323	44.893605	44.897268	51.258970	51.262632	47.993866	47.995330	
324	44.638053	44.641715	50.976566	50.980228	47.577451	47.578916	
325	44.386931	44.390593	50.691031	50.694693	47.154892	47.156357	
326	44.140358	44.144020	50.402567	50.406229	46.726503	46.727967	
327	43.898447	43.902109	50.111388	50.115050	46.292611	46.294076	
328	43.661297	43.664959	49.817712	49.821374	45.853563	45.855027	
329	43.429002	43.432664	49.521767	49.525429	45.409717	45.411182	
330	43.201642	43.205304	49.223790	49.227452	44.961450	44.962915	
331	42.979292	42.982954	48.924023	48.927686	44.509151	44.510616	
332	42.762015	42.765677	48.622718	48.626380	44.053223	44.054688	
333	42.549867	42.553529	48.320131	48.323793	43.594084	43.595549	
334	42.342893	42.346555	48.016526	48.020188	43.132163	43.133628	
335	42.141131	42.144793	47.712174	47.715837	42.667902	42.669367	
336	41.944609	41.948272	47.407351	47.411013	42.201755	42.203219	
337	41.753349	41.757011	47.102338	47.106000	41.734185	41.735650	
338	41.567363	41.571025	46.797421	46.801083	41.265667	41.267132	
339	41.386655	41.390317	46.492892	46.496554	40.796686	40.798151	
340	41.211222	41.214884	46.189046	46.192708	40.327732	40.329197	
341	41.041054	41.044716	45.886182	45.889844	39.859306	39.860771	
342	40.876133	40.879795	45.584603	45.588265	39.391915	39.393380	
343	40.716436	40.720098	45.284612	45.288274	38.926073	38.927537	
344	40.561932	40.565594	44.986519	44.990181	38.462296	38.463761	
345	40.412584	40.416246	44.690632	44.694294	38.001108	38.002572	
346	40.268350	40.272012	44.397261	44.400923	37.543034	37.544499	
347	40.129182	40.132844	44.106719	44.110381	37.088604	37.090069	
348	39.995027	39.998690	43.819316	43.822979	36.638348	36.639812	
349	39.865828	39.869490	43.535366	43.539028	36.192795	36.194260	
350	39.741522	39.745184	43.255177	43.258839	35.752477	35.753942	
351	39.622044	39.625706	42.979060	42.982722	35.317923	35.319388	
352	39.507323	39.510986	42.707323	42.710986	34.889661	34.891125	
353	39.397288	39.400951	42.440272	42.443934	34.468213	34.469678	
354	39.291863	39.295525	42.178208	42.181870	34.054100	34.055565	
355	39.190969	39.194632	41.921432	41.925094	33.647836	33.649301	
356	39.094528	39.098190	41.670239	41.673901	33.249931	33.251396	
357	39.002456	39.006118	41.424919	41.428581	32.860886	32.862351	
358	38.914671	38.918333	41.185760	41.189422	32.481195	32.482659	
359	38.831089	38.834751	40.953041	40.956703	32.111343	32.112807	
360	38.751626	38.755288	40.727039	40.730701	31.751805	31.753270	
361	38.676197	38.679859	40.508021	40.511683	31.403047	31.404512	
362	38.604718	38.608380	40.296249	40.299911	31.065521	31.066986	
363	38.537106	38.540768	40.091977	40.095639	30.739669	30.741134	
364	38.473277	38.476939	39.895452	39.899114	30.425918	30.427383	
365	38.413150	38.416812	39.706912	39.710574	30.124682	30.126147	
366	38.356645	38.360307	39.526587	39.530249	29.836361	29.837825	
367	38.303685	38.307347	39.354696	39.358359	29.561336	29.562801	
368	38.254194	38.257856	39.191452	39.195114	29.299976	29.301441	
369	38.208099	38.211761	39.037055	39.040718	29.052631	29.054096	
370	38.165330	38.168992	38.891697	38.895359	28.819633	28.821098	
371	38.125820	38.129482	38.755556	38.759218	28.601296	28.602761	
372	38.089506	38.093168	38.628803	38.632465	28.397915	28.399380	
373	38.056327	38.059989	38.511596	38.515258	28.209766	28.211231	
374	38.026228	38.029890	38.404080	38.407742	28.037105	28.038570	
375	37.999157	38.002820	38.306392	38.310054	27.880167	27.881632	
376	37.975067	37.978729	38.218653	38.222315	27.739166	27.740631	
377	37.953914	37.957577	38.140973	38.144636	27.614295	27.615760	
378	37.935661	37.939323	38.073452	38.077114	27.505724	27.507189	
379	37.920273	37.923935	38.016173	38.019835	27.413603	27.415068	
380	37.907723	37.911385	37.969210	37.972872	27.338058	27.339523	
381	37.897985	37.901648	37.932621	37.936283	27.279192	27.280657	
382	37.891044	37.894706	37.906452	37.910115	27.237088	27.238553	
383	37.886884	37.890546	37.890738	37.894400	27.211802	27.213267	
384	37.885498	37.889160	37.885498	37.889160	27.203369	27.204834	
