#p	a1_up	a1_dn	b1_up	b1_dn	c1_up	c1_dn	a2_up	a2_dn	b2_up	b2_dn	c2_up	c2_dn	NaN
0	26.408371	10.337030	26.408378	10.337042	15.408882	-0.980545	48.533258	32.461909	48.533264	32.461935	47.513298	31.123871	
1	26.408677	10.337329	26.411365	10.340036	15.413090	-0.976337	48.530270	32.458940	48.532958	32.461610	47.512704	31.123277	
2	26.409576	10.338227	26.420348	10.349019	15.425714	-0.963713	48.521287	32.449958	48.532060	32.460712	47.510921	31.121494	
3	26.411072	10.339724	26.435313	10.363984	15.446745	-0.942682	48.506322	32.434993	48.530563	32.459215	47.507950	31.118523	
4	26.413166	10.341818	26.456250	10.384921	15.476170	-0.913257	48.485385	32.414056	48.528469	32.457121	47.503794	31.114366	
5	26.415856	10.344508	26.483148	10.411819	15.513972	-0.875455	48.458487	32.387158	48.525780	32.454431	47.498454	31.109027	
6	26.419140	10.347792	26.515988	10.444659	15.560127	-0.829300	48.425646	32.354317	48.522495	32.451147	47.491935	31.102507	
7	26.423017	10.351669	26.554752	10.483423	15.614609	-0.774818	48.386883	32.315554	48.518618	32.447270	47.484240	31.094812	
8	26.427484	10.356136	26.599414	10.528085	15.677383	-0.712044	48.342221	32.270892	48.514151	32.442803	47.475374	31.085947	
9	26.432538	10.361190	26.649947	10.578618	15.748412	-0.641015	48.291688	32.220359	48.509097	32.437749	47.465343	31.075915	
10	26.438177	10.366829	26.706319	10.634990	15.827653	-0.561775	48.235316	32.163986	48.503458	32.432110	47.454153	31.064725	
11	26.444397	10.373048	26.768496	10.697167	15.915057	-0.474370	48.173139	32.101810	48.497239	32.425890	47.441810	31.052383	
12	26.451194	10.379845	26.836438	10.765109	16.010572	-0.378855	48.105197	32.033867	48.490442	32.419094	47.428324	31.038897	
13	26.458563	10.387215	26.910104	10.838775	16.114140	-0.275287	48.031531	31.960202	48.483072	32.411724	47.413702	31.024275	
14	26.466502	10.395154	26.989447	10.918118	16.225698	-0.163729	47.952188	31.880859	48.475133	32.403785	47.397953	31.008526	
15	26.475005	10.403656	27.074417	11.003088	16.345179	-0.044248	47.867218	31.795889	48.466631	32.395283	47.381088	30.991660	
16	26.484066	10.412717	27.164962	11.093633	16.472510	0.083083	47.776673	31.705344	48.457570	32.386221	47.363116	30.973689	
17	26.493680	10.422332	27.261024	11.189695	16.607613	0.218186	47.680610	31.609281	48.447955	32.376607	47.344050	30.954623	
18	26.503842	10.432494	27.362545	11.291216	16.750408	0.360981	47.579090	31.507761	48.437793	32.366445	47.323901	30.934473	
19	26.514545	10.443197	27.469458	11.398129	16.900807	0.511380	47.472176	31.400847	48.427090	32.355742	47.302681	30.913254	
20	26.525783	10.454435	27.581699	11.510370	17.058720	0.669293	47.359936	31.288607	48.415852	32.344504	47.280405	30.890978	
21	26.537549	10.466201	27.699195	11.627866	17.224050	0.834623	47.242440	31.171111	48.404086	32.332738	47.257086	30.867659	
22	26.549836	10.478488	27.821872	11.750543	17.396697	1.007270	47.119762	31.048433	48.391800	32.320451	47.232739	30.843312	
23	26.562636	10.491288	27.949654	11.878325	17.576557	1.187130	46.991981	30.920652	48.378999	32.307651	47.207380	30.817953	
24	26.575942	10.504594	28.082458	12.011129	17.763521	1.374094	46.859177	30.787848	48.365693	32.294345	47.181024	30.791597	
25	26.589746	10.518398	28.220200	12.148871	17.957474	1.568047	46.721435	30.650106	48.351889	32.280541	47.153688	30.764261	
26	26.604039	10.532691	28.362793	12.291464	18.158300	1.768873	46.578842	30.507513	48.337596	32.266248	47.125390	30.735962	
27	26.618814	10.547465	28.510144	12.438815	18.365877	1.976449	46.431491	30.360162	48.322822	32.251474	47.096146	30.706719	
28	26.634059	10.562711	28.662159	12.590830	18.580077	2.190650	46.279475	30.208146	48.307576	32.236228	47.065977	30.676550	
29	26.649768	10.578420	28.818741	12.747412	18.800773	2.411346	46.122894	30.051565	48.291867	32.220519	47.034901	30.645474	
30	26.665930	10.594581	28.979786	12.908457	19.027829	2.638401	45.961849	29.890520	48.275706	32.204357	47.002938	30.613511	
31	26.682535	10.611186	29.145191	13.073862	19.261107	2.871680	45.796444	29.725115	48.259101	32.187752	46.970108	30.580681	
32	26.699573	10.628225	29.314846	13.243517	19.500466	3.111039	45.626789	29.555460	48.242062	32.170714	46.936433	30.547005	
33	26.717035	10.645686	29.488640	13.417311	19.745761	3.356334	45.452995	29.381666	48.224601	32.153253	46.901933	30.512506	
34	26.734909	10.663560	29.666456	13.595127	19.996842	3.607415	45.275179	29.203850	48.206727	32.135379	46.866631	30.477204	
35	26.753184	10.681836	29.848176	13.776847	20.253556	3.864129	45.093459	29.022130	48.188451	32.117103	46.830550	30.441122	
36	26.771851	10.700502	30.033676	13.962346	20.515749	4.126321	44.907959	28.836630	48.169785	32.098436	46.793712	30.404285	
37	26.790896	10.719548	30.222828	14.151499	20.783259	4.393832	44.718807	28.647478	48.150739	32.079391	46.756142	30.366715	
38	26.810310	10.738962	30.415502	14.344172	21.055924	4.666497	44.526133	28.454804	48.131325	32.059977	46.717864	30.328437	
39	26.830080	10.758732	30.611561	14.540232	21.333579	4.944152	44.330074	28.258745	48.111555	32.040207	46.678903	30.289476	
40	26.850194	10.778846	30.810865	14.739536	21.616054	5.226626	44.130770	28.059441	48.091441	32.020093	46.639284	30.249857	
41	26.870641	10.799293	31.013269	14.941940	21.903176	5.513749	43.928366	27.857037	48.070995	31.999646	46.599032	30.209605	
42	26.891407	10.820059	31.218622	15.147293	22.194772	5.805345	43.723013	27.651684	48.050228	31.978880	46.558175	30.168748	
43	26.912480	10.841132	31.426766	15.355437	22.490663	6.101236	43.514869	27.443540	48.029155	31.957807	46.516739	30.127311	
44	26.933848	10.862500	31.637538	15.566209	22.790669	6.401242	43.304097	27.232768	48.007787	31.936439	46.474750	30.085323	
45	26.955498	10.884150	31.850765	15.779436	23.094606	6.705179	43.090870	27.019541	47.986138	31.914789	46.432238	30.042811	
46	26.977416	10.906068	32.066267	15.994938	23.402289	7.012862	42.875368	26.804039	47.964219	31.892871	46.389230	29.999803	
47	26.999589	10.928241	32.283852	16.212523	23.713530	7.324103	42.657783	26.586454	47.942046	31.870698	46.345754	29.956327	
48	27.022005	10.950657	32.503317	16.431988	24.028138	7.638711	42.438318	26.366989	47.919631	31.848282	46.301841	29.912414	
49	27.044649	10.973300	32.724442	16.653113	24.345921	7.956494	42.217192	26.145863	47.896987	31.825638	46.257518	29.868091	
50	27.067507	10.996159	32.946991	16.875662	24.666685	8.277257	41.994644	25.923315	47.874128	31.802780	46.212817	29.823390	
51	27.090567	11.019219	33.170702	17.099373	24.990231	8.600804	41.770932	25.699603	47.851068	31.779720	46.167768	29.778341	
52	27.113814	11.042465	33.395288	17.323959	25.316363	8.926936	41.546347	25.475018	47.827822	31.756474	46.122401	29.732974	
53	27.137233	11.065885	33.620421	17.549092	25.644879	9.255452	41.321214	25.249885	47.804402	31.733054	46.076748	29.687321	
54	27.160812	11.089464	33.845728	17.774399	25.975578	9.586151	41.095907	25.024578	47.780823	31.709475	46.030840	29.641412	
55	27.184535	11.113187	34.070775	17.999446	26.308256	9.918829	40.870860	24.799531	47.757100	31.685752	45.984709	29.595282	
56	27.208389	11.137041	34.295040	18.223711	26.642708	10.253281	40.646595	24.575266	47.733246	31.661898	45.938388	29.548961	
57	27.232359	11.161011	34.517893	18.446564	26.978728	10.589301	40.423742	24.352413	47.709277	31.637928	45.891909	29.502482	
58	27.256430	11.185082	34.738543	18.667214	27.316108	10.926681	40.203092	24.131763	47.685205	31.613857	45.845307	29.455880	
59	27.280588	11.209240	34.955985	18.884656	27.654638	11.265211	39.985650	23.914321	47.661047	31.589699	45.798614	29.409187	
60	27.304819	11.233471	35.168903	19.097574	27.994110	11.604683	39.772732	23.701403	47.636816	31.565468	45.751864	29.362437	
61	27.329108	11.257760	35.375538	19.304209	28.334312	11.944885	39.566097	23.494768	47.612528	31.541179	45.705093	29.315666	
62	27.353440	11.282091	35.573491	19.502162	28.675033	12.285605	39.368144	23.296815	47.588196	31.516847	45.658336	29.268908	
63	27.377800	11.306452	35.759449	19.688120	29.016059	12.626632	39.182186	23.110857	47.563835	31.492487	45.611627	29.222199	
64	27.402175	11.330826	35.928828	19.857499	29.357178	12.967751	39.012807	22.941478	47.539461	31.468113	45.565002	29.175575	
65	27.426548	11.355200	36.075420	20.004091	29.698176	13.308748	38.866215	22.794886	47.515087	31.443739	45.518499	29.129072	
66	27.450906	11.379558	36.191309	20.119980	30.038838	13.649410	38.750326	22.678996	47.490729	31.419381	45.472155	29.082728	
67	27.475234	11.403886	36.267649	20.196320	30.378949	13.989522	38.673986	22.602657	47.466401	31.395053	45.426006	29.036579	
68	27.499517	11.428169	36.296882	20.225553	30.718295	14.328867	38.644753	22.573424	47.442118	31.370770	45.380091	28.990664	
69	27.523740	11.452392	38.665788	22.594459	31.056659	14.667232	36.275847	20.204518	47.417895	31.346547	45.334450	28.945022	
70	27.547890	11.476542	38.734188	22.662859	31.393826	15.004398	36.207447	20.136118	47.393745	31.322397	45.289120	28.899693	
71	27.571951	11.500603	38.842419	22.771090	31.729579	15.340152	36.099216	20.027887	47.369685	31.298336	45.244144	28.854716	
72	27.595909	11.524560	38.981429	22.910100	32.063703	15.674276	35.960206	19.888877	47.345727	31.274378	45.199561	28.810134	
73	27.619749	11.548401	39.143014	23.071685	32.395981	16.006554	35.798621	19.727292	47.321886	31.250538	45.155414	28.765986	
74	27.643457	11.572109	39.320700	23.249371	32.726197	16.336770	35.620935	19.549606	47.298178	31.226830	45.111745	28.722318	
75	27.667020	11.595671	39.509701	23.438372	33.054134	16.664707	35.431934	19.360605	47.274616	31.203267	45.068599	28.679172	
76	27.690422	11.619073	39.706563	23.635234	33.379575	16.990148	35.235072	19.163743	47.251214	31.179865	45.026021	28.636594	
77	27.713649	11.642301	39.908792	23.837463	33.702304	17.312877	35.032843	18.961514	47.227986	31.156638	44.984057	28.594630	
78	27.736688	11.665340	40.114567	24.043238	34.022103	17.632676	34.827068	18.755739	47.204947	31.133599	44.942755	28.553328	
79	27.759525	11.688177	40.322532	24.251203	34.338757	17.949329	34.619103	18.547774	47.182110	31.110762	44.902164	28.512737	
80	27.782146	11.710798	40.531654	24.460325	34.652046	18.262619	34.409980	18.338651	47.159489	31.088141	44.862335	28.472908	
81	27.804538	11.733189	40.741132	24.669803	34.961755	18.572328	34.200503	18.129174	47.137098	31.065749	44.823321	28.433894	
82	27.826686	11.755338	40.950324	24.878995	35.267665	18.878238	33.991311	17.919982	47.114949	31.043601	44.785176	28.395749	
83	27.848578	11.777230	41.158708	25.087379	35.569557	19.180130	33.782927	17.711598	47.093057	31.021709	44.747959	28.358532	
84	27.870200	11.798852	41.365851	25.294522	35.867213	19.477786	33.575784	17.504455	47.071435	31.000087	44.711728	28.322301	
85	27.891540	11.820192	41.571382	25.500053	36.160412	19.770985	33.370253	17.298924	47.050095	30.978747	44.676547	28.287119	
86	27.912584	11.841236	41.774983	25.703654	36.448934	20.059507	33.166652	17.095323	47.029051	30.957703	44.642479	28.253052	
87	27.933321	11.861973	41.976372	25.905043	36.732556	20.343129	32.965263	16.893934	47.008314	30.936966	44.609595	28.220168	
88	27.953737	11.882389	42.175300	26.103971	37.011056	20.621629	32.766335	16.695006	46.987899	30.916550	44.577967	28.188540	
89	27.973820	11.902472	42.371539	26.300210	37.284208	20.894781	32.570096	16.498767	46.967815	30.896467	44.547670	28.158243	
90	27.993558	11.922210	42.564884	26.493555	37.551786	21.162359	32.376751	16.305422	46.948077	30.876729	44.518786	28.129359	
91	28.012940	11.941592	42.755142	26.683813	37.813560	21.424133	32.186493	16.115163	46.928696	30.857347	44.491399	28.101972	
92	28.031953	11.960605	42.942138	26.870809	38.069300	21.679873	31.999497	15.928168	46.909682	30.838334	44.465600	28.076173	
93	28.050587	11.979238	43.125705	27.054376	38.318772	21.929345	31.815930	15.744601	46.891049	30.819700	44.441482	28.052055	
94	28.068829	11.997481	43.305686	27.234357	38.561741	22.172314	31.635949	15.564620	46.872806	30.801458	44.419146	28.029719	
95	28.086670	12.015322	43.481935	27.410606	38.797969	22.408542	31.459700	15.388371	46.854966	30.783617	44.398697	28.009270	
96	28.104098	12.032750	43.654311	27.582982	39.027217	22.637790	31.287324	15.215995	46.837537	30.766189	44.380245	27.990817	
97	28.121103	12.049755	43.822681	27.751352	39.249243	22.859816	31.118954	15.047625	46.820533	30.749184	44.363902	27.974475	
98	28.137675	12.066326	43.986918	27.915589	39.463807	23.074380	30.954717	14.883388	46.803961	30.732613	44.349786	27.960359	
99	28.153803	12.082455	44.146900	28.075571	39.670669	23.281241	30.794735	14.723406	46.787832	30.716484	44.338018	27.948591	
100	28.169478	12.098130	44.302511	28.231182	39.869591	23.480164	30.639124	14.567795	46.772157	30.700809	44.328715	27.939288	
101	28.184692	12.113343	44.453640	28.382311	40.060343	23.670916	30.487995	14.416666	46.756944	30.685595	44.321994	27.932567	
102	28.199433	12.128085	44.600180	28.528851	40.242704	23.853277	30.341455	14.270126	46.742202	30.670854	44.317966	27.928539	
103	28.213695	12.142347	44.742030	28.670701	40.416467	24.027040	30.199605	14.128276	46.727941	30.656592	44.316731	27.927303	
104	28.227467	12.156119	44.879091	28.807761	40.581445	24.192018	30.062544	13.991215	46.714168	30.642820	44.318371	27.928943	
105	28.240743	12.169395	45.011269	28.939940	40.737476	24.348049	29.930366	13.859037	46.700893	30.629544	44.322947	27.933520	
106	28.253513	12.182165	45.138476	29.067147	40.884433	24.495006	29.803158	13.731829	46.688122	30.616774	44.330490	27.941063	
107	28.265771	12.194423	45.260627	29.189298	41.022231	24.632803	29.681008	13.609679	46.675864	30.604516	44.340994	27.951566	
108	28.277508	12.206160	45.377638	29.306309	41.150831	24.761404	29.563997	13.492667	46.664127	30.592779	44.354404	27.964977	
109	28.288719	12.217371	45.489434	29.418105	41.270255	24.880828	29.452201	13.380872	46.652917	30.581568	44.370617	27.981190	
110	28.299395	12.228047	45.595940	29.524610	41.380583	24.991155	29.345695	13.274366	46.642240	30.570892	44.389469	28.000042	
111	28.309532	12.238184	45.697085	29.625756	41.481961	25.092534	29.244550	13.173221	46.632104	30.560755	44.410736	28.021309	
112	28.319122	12.247774	45.792805	29.721476	41.574601	25.185174	29.148830	13.077501	46.622514	30.551165	44.434133	28.044706	
113	28.328160	12.256811	45.883037	29.811708	41.658778	25.269351	29.058598	12.987269	46.613476	30.542127	44.459315	28.069888	
114	28.336640	12.265292	45.967721	29.896392	41.734823	25.345395	28.973914	12.902585	46.604995	30.533647	44.485886	28.096459	
115	28.344558	12.273210	46.046804	29.975475	41.803111	25.413683	28.894831	12.823502	46.597077	30.525729	44.513408	28.123981	
116	28.351909	12.280560	46.120234	30.048905	41.864054	25.474627	28.821401	12.750072	46.589727	30.518379	44.541410	28.151983	
117	28.358687	12.287339	46.187964	30.116635	41.918087	25.528660	28.753671	12.682342	46.582948	30.511600	44.569406	28.179979	
118	28.364890	12.293542	46.249950	30.178621	41.965651	25.576224	28.691685	12.620356	46.576745	30.505397	44.596904	28.207477	
119	28.370514	12.299166	46.306153	30.234824	42.007183	25.617755	28.635482	12.564153	46.571121	30.499773	44.623423	28.233996	
120	28.375555	12.304206	46.356536	30.285207	42.043103	25.653676	28.585098	12.513769	46.566081	30.494732	44.648500	28.259073	
121	28.380009	12.308661	46.401068	30.329739	42.073808	25.684381	28.540567	12.469238	46.561626	30.490278	44.671704	28.282277	
122	28.383876	12.312527	46.439720	30.368391	42.099657	25.710230	28.501915	12.430586	46.557760	30.486411	44.692641	28.303214	
123	28.387151	12.315803	46.472467	30.401138	42.120972	25.731544	28.469167	12.397838	46.554484	30.483136	44.710963	28.321536	
124	28.389834	12.318485	46.499289	30.427960	42.138028	25.748601	28.442346	12.371017	46.551802	30.480454	44.726369	28.336942	
125	28.391922	12.320573	46.520168	30.448839	42.151054	25.761627	28.421467	12.350138	46.549714	30.478366	44.738612	28.349185	
126	28.393414	12.322066	46.535091	30.463762	42.160230	25.770802	28.406544	12.335215	46.548221	30.476873	44.747496	28.358069	
127	28.394310	12.322961	46.544049	30.472720	42.165683	25.776256	28.397586	12.326257	46.547326	30.475977	44.752883	28.363455	
128	28.394608	12.323260	46.547035	30.475706	44.754687	28.365260	28.394600	12.323271	46.547027	30.475679	42.167493	25.778066	
129	28.397595	12.326247	46.547334	30.476005	44.752883	28.363455	28.394301	12.322972	46.544040	30.472692	42.165683	25.776256	
130	28.406553	12.335204	46.548230	30.476901	44.747496	28.358069	28.393405	12.322076	46.535083	30.463735	42.160230	25.770802	
131	28.421476	12.350127	46.549722	30.478393	44.738612	28.349185	28.391913	12.320584	46.520160	30.448811	42.151054	25.761627	
132	28.442355	12.371006	46.551810	30.480481	44.726369	28.336942	28.389825	12.318496	46.499281	30.427932	42.138028	25.748601	
133	28.469176	12.397828	46.554493	30.483164	44.710963	28.321536	28.387142	12.315813	46.472459	30.401111	42.120972	25.731544	
134	28.501924	12.430575	46.557768	30.486439	44.692641	28.303214	28.383867	12.312538	46.439712	30.368364	42.099657	25.710230	
135	28.540575	12.469227	46.561634	30.490305	44.671704	28.282277	28.380001	12.308672	46.401060	30.329712	42.073808	25.684381	
136	28.585107	12.513759	46.566089	30.494760	44.648500	28.259073	28.375546	12.304217	46.356528	30.285180	42.043103	25.653676	
137	28.635491	12.564143	46.571130	30.499801	44.623423	28.233996	28.370505	12.299176	46.306144	30.234796	42.007183	25.617755	
138	28.691694	12.620346	46.576753	30.505424	44.596904	28.207477	28.364882	12.293553	46.249941	30.178593	41.965651	25.576224	
139	28.753680	12.682332	46.582956	30.511627	44.569406	28.179979	28.358679	12.287350	46.187955	30.116607	41.918087	25.528660	
140	28.821410	12.750062	46.589735	30.518406	44.541410	28.151983	28.351900	12.280571	46.120225	30.048877	41.864054	25.474627	
141	28.894840	12.823492	46.597086	30.525757	44.513408	28.123981	28.344549	12.273220	46.046795	29.975447	41.803111	25.413683	
142	28.973923	12.902575	46.605003	30.533674	44.485886	28.096459	28.336631	12.265302	45.967712	29.896364	41.734823	25.345395	
143	29.058608	12.987260	46.613484	30.542155	44.459315	28.069888	28.328151	12.256822	45.883028	29.811679	41.658778	25.269351	
144	29.148839	13.077491	46.622522	30.551193	44.434133	28.044706	28.319113	12.247784	45.792796	29.721448	41.574601	25.185174	
145	29.244559	13.173211	46.632112	30.560783	44.410736	28.021309	28.309523	12.238194	45.697076	29.625728	41.481961	25.092534	
146	29.345705	13.274357	46.642248	30.570919	44.389469	28.000042	28.299387	12.228058	45.595930	29.524582	41.380583	24.991155	
147	29.452211	13.380863	46.652925	30.581596	44.370617	27.981190	28.288710	12.217381	45.489424	29.418076	41.270255	24.880828	
148	29.564007	13.492658	46.664135	30.592806	44.354404	27.964977	28.277500	12.206171	45.377629	29.306281	41.150831	24.761404	
149	29.681018	13.609670	46.675873	30.604544	44.340994	27.951566	28.265762	12.194433	45.260617	29.189269	41.022231	24.632803	
150	29.803169	13.731821	46.688130	30.616801	44.330490	27.941063	28.253505	12.182176	45.138467	29.067118	40.884433	24.495006	
151	29.930376	13.859028	46.700901	30.629572	44.322947	27.933520	28.240734	12.169405	45.011259	28.939911	40.737476	24.348049	
152	30.062555	13.991207	46.714176	30.642847	44.318371	27.928943	28.227459	12.156130	44.879080	28.807732	40.581445	24.192018	
153	30.199616	14.128268	46.727949	30.656620	44.316731	27.927303	28.213686	12.142357	44.742019	28.670671	40.416467	24.027040	
154	30.341466	14.270118	46.742210	30.670881	44.317966	27.928539	28.199425	12.128096	44.600170	28.528821	40.242704	23.853277	
155	30.488006	14.416658	46.756952	30.685623	44.321994	27.932567	28.184683	12.113354	44.453629	28.382281	40.060343	23.670916	
156	30.639135	14.567787	46.772165	30.700836	44.328715	27.939288	28.169470	12.098141	44.302500	28.231152	39.869591	23.480164	
157	30.794747	14.723399	46.787841	30.716511	44.338018	27.948591	28.153794	12.082465	44.146889	28.075540	39.670669	23.281241	
158	30.954729	14.883381	46.803969	30.732640	44.349786	27.960359	28.137666	12.066337	43.986906	27.915558	39.463807	23.074380	
159	31.118966	15.047618	46.820541	30.749212	44.363902	27.974475	28.121094	12.049765	43.822669	27.751321	39.249243	22.859816	
160	31.287336	15.215988	46.837546	30.766216	44.380245	27.990817	28.104089	12.032760	43.654299	27.582951	39.027217	22.637790	
161	31.459713	15.388365	46.854974	30.783645	44.398697	28.009270	28.086661	12.015332	43.481922	27.410574	38.797969	22.408542	
162	31.635962	15.564614	46.872814	30.801485	44.419146	28.029719	28.068821	11.997492	43.305673	27.234325	38.561741	22.172314	
163	31.815944	15.744596	46.891057	30.819728	44.441482	28.052055	28.050578	11.979249	43.125691	27.054343	38.318772	21.929345	
164	31.999511	15.928163	46.909690	30.838361	44.465600	28.076173	28.031945	11.960616	42.942124	26.870776	38.069300	21.679873	
165	32.186507	16.115159	46.928704	30.857374	44.491399	28.101972	28.012931	11.941602	42.755128	26.683780	37.813560	21.424133	
166	32.376767	16.305418	46.948085	30.876756	44.518786	28.129359	27.993550	11.922221	42.564869	26.493520	37.551786	21.162359	
167	32.570112	16.498763	46.967823	30.896494	44.547670	28.158243	27.973812	11.902482	42.371524	26.300175	37.284208	20.894781	
168	32.766352	16.695004	46.987907	30.916577	44.577967	28.188540	27.953728	11.882399	42.175284	26.103935	37.011056	20.621629	
169	32.965280	16.893932	47.008322	30.936993	44.609595	28.220168	27.933312	11.861983	41.976355	25.905007	36.732556	20.343129	
170	33.166670	17.095322	47.029059	30.957730	44.642479	28.253052	27.912576	11.841247	41.774965	25.703617	36.448934	20.059507	
171	33.370272	17.298924	47.050103	30.978774	44.676547	28.287119	27.891532	11.820203	41.571363	25.500015	36.160412	19.770985	
172	33.575804	17.504456	47.071443	31.000114	44.711728	28.322301	27.870192	11.798863	41.365831	25.294483	35.867213	19.477786	
173	33.782948	17.711600	47.093065	31.021736	44.747959	28.358532	27.848570	11.777241	41.158687	25.087339	35.569557	19.180130	
174	33.991334	17.919985	47.114957	31.043628	44.785176	28.395749	27.826678	11.755349	40.950302	24.878953	35.267665	18.878238	
175	34.200527	18.129179	47.137106	31.065776	44.823321	28.433894	27.804529	11.733200	40.741108	24.669760	34.961755	18.572328	
176	34.410006	18.338658	47.159497	31.088168	44.862335	28.472908	27.782138	11.710809	40.531629	24.460281	34.652046	18.262619	
177	34.619131	18.547783	47.182118	31.110789	44.902164	28.512737	27.759517	11.688188	40.322505	24.251156	34.338757	17.949329	
178	34.827098	18.755749	47.204955	31.133626	44.942755	28.553328	27.736680	11.665351	40.114538	24.043189	34.022103	17.632676	
179	35.032875	18.961527	47.227994	31.156665	44.984057	28.594630	27.713641	11.642312	39.908760	23.837412	33.702304	17.312877	
180	35.235107	19.163759	47.251221	31.179892	45.026021	28.636594	27.690413	11.619084	39.706528	23.635180	33.379575	16.990148	
181	35.431973	19.360624	47.274623	31.203294	45.068599	28.679172	27.667011	11.595682	39.509663	23.438315	33.054134	16.664707	
182	35.620978	19.549629	47.298186	31.226857	45.111745	28.722318	27.643449	11.572120	39.320658	23.249310	32.726197	16.336770	
183	35.798668	19.727319	47.321894	31.250565	45.155414	28.765986	27.619741	11.548412	39.142968	23.071619	32.395981	16.006554	
184	35.960257	19.888909	47.345734	31.274405	45.199561	28.810134	27.595901	11.524571	38.981378	22.910030	32.063703	15.674276	
185	36.099273	20.027925	47.369692	31.298363	45.244144	28.854716	27.571943	11.500614	38.842362	22.771014	31.729579	15.340152	
186	36.207509	20.136161	47.393753	31.322424	45.289120	28.899693	27.547882	11.476553	38.734126	22.662778	31.393826	15.004398	
187	36.275912	20.204564	47.417903	31.346573	45.334450	28.945022	27.523732	11.452403	38.665723	22.594375	31.056659	14.667232	
188	38.644687	22.573338	47.442126	31.370797	45.380091	28.990664	27.499509	11.428180	36.296949	20.225600	30.718295	14.328867	
189	38.673921	22.602573	47.466409	31.395080	45.426006	29.036579	27.475226	11.403897	36.267714	20.196366	30.378949	13.989522	
190	38.750265	22.678917	47.490737	31.419408	45.472155	29.082728	27.450898	11.379569	36.191370	20.120022	30.038838	13.649410	
191	38.866159	22.794811	47.515095	31.443766	45.518499	29.129072	27.426540	11.355211	36.075476	20.004128	29.698176	13.308748	
192	39.012756	22.941408	47.539468	31.468139	45.565002	29.175575	27.402167	11.330838	35.928879	19.857531	29.357178	12.967751	
193	39.182141	23.110793	47.563843	31.492514	45.611627	29.222199	27.377792	11.306463	35.759495	19.688146	29.016059	12.626632	
194	39.368103	23.296755	47.588203	31.516874	45.658336	29.268908	27.353432	11.282103	35.573532	19.502184	28.675033	12.285605	
195	39.566060	23.494712	47.612535	31.541206	45.705093	29.315666	27.329100	11.257771	35.375575	19.304227	28.334312	11.944885	
196	39.772698	23.701350	47.636824	31.565495	45.751864	29.362437	27.304811	11.233482	35.168937	19.097589	27.994110	11.604683	
197	39.985619	23.914271	47.661054	31.589725	45.798614	29.409187	27.280581	11.209251	34.956016	18.884668	27.654638	11.265211	
198	40.203064	24.131715	47.685213	31.613884	45.845307	29.455880	27.256422	11.185093	34.738572	18.667223	27.316108	10.926681	
199	40.423716	24.352368	47.709284	31.637955	45.891909	29.502482	27.232351	11.161022	34.517919	18.446571	26.978728	10.589301	
200	40.646570	24.575222	47.733254	31.661925	45.938388	29.548961	27.208381	11.137052	34.295065	18.223717	26.642708	10.253281	
201	40.870838	24.799489	47.757107	31.685778	45.984709	29.595282	27.184528	11.113198	34.070798	17.999450	26.308256	9.918829	
202	41.095885	25.024537	47.780831	31.709502	46.030840	29.641412	27.160804	11.089475	33.845750	17.774402	25.975578	9.586151	
203	41.321194	25.249846	47.804409	31.733080	46.076748	29.687321	27.137226	11.065897	33.620441	17.549093	25.644879	9.255452	
204	41.546328	25.474980	47.827829	31.756500	46.122401	29.732974	27.113806	11.042477	33.395307	17.323959	25.316363	8.926936	
205	41.770915	25.699566	47.851076	31.779747	46.167768	29.778341	27.090559	11.019230	33.170721	17.099373	24.990231	8.600804	
206	41.994627	25.923279	47.874135	31.802806	46.212817	29.823390	27.067500	10.996171	32.947008	16.875660	24.666685	8.277257	
207	42.217176	26.145828	47.896994	31.825665	46.257518	29.868091	27.044641	10.973312	32.724459	16.653111	24.345921	7.956494	
208	42.438302	26.366954	47.919638	31.848309	46.301841	29.912414	27.021997	10.950668	32.503333	16.431985	24.028138	7.638711	
209	42.657768	26.586420	47.942053	31.870724	46.345754	29.956327	26.999582	10.928253	32.283867	16.212519	23.713530	7.324103	
210	42.875354	26.804006	47.964227	31.892898	46.389230	29.999803	26.977408	10.906079	32.066281	15.994933	23.402289	7.012862	
211	43.090857	27.019508	47.986145	31.914816	46.432238	30.042811	26.955490	10.884161	31.850779	15.779431	23.094606	6.705179	
212	43.304084	27.232736	48.007794	31.936465	46.474750	30.085323	26.933841	10.862512	31.637551	15.566203	22.790669	6.401242	
213	43.514856	27.443508	48.029162	31.957833	46.516739	30.127311	26.912473	10.841144	31.426779	15.355431	22.490663	6.101236	
214	43.723001	27.651653	48.050236	31.978906	46.558175	30.168748	26.891399	10.820070	31.218635	15.147286	22.194772	5.805345	
215	43.928354	27.857006	48.071002	31.999673	46.599032	30.209605	26.870633	10.799304	31.013282	14.941933	21.903176	5.513749	
216	44.130758	28.059410	48.091448	32.020119	46.639284	30.249857	26.850187	10.778858	30.810877	14.739529	21.616054	5.226626	
217	44.330063	28.258715	48.111562	32.040233	46.678903	30.289476	26.830073	10.758744	30.611572	14.540224	21.333579	4.944152	
218	44.526123	28.454774	48.131332	32.060003	46.717864	30.328437	26.810303	10.738974	30.415513	14.344165	21.055924	4.666497	
219	44.718797	28.647448	48.150746	32.079417	46.756142	30.366715	26.790889	10.719560	30.222839	14.151491	20.783259	4.393832	
220	44.907949	28.836601	48.169792	32.098463	46.793712	30.404285	26.771843	10.700514	30.033686	13.962338	20.515749	4.126321	
221	45.093449	29.022101	48.188458	32.117129	46.830550	30.441122	26.753177	10.681848	29.848186	13.776838	20.253556	3.864129	
222	45.275169	29.203821	48.206734	32.135405	46.866631	30.477204	26.734901	10.663572	29.666467	13.595118	19.996842	3.607415	
223	45.452985	29.381637	48.224608	32.153279	46.901933	30.512506	26.717027	10.645698	29.488650	13.417302	19.745761	3.356334	
224	45.626779	29.555431	48.242069	32.170740	46.936433	30.547005	26.699566	10.628237	29.314856	13.243508	19.500466	3.111039	
225	45.796435	29.725087	48.259108	32.187779	46.970108	30.580681	26.682527	10.611198	29.145201	13.073852	19.261107	2.871680	
226	45.961840	29.890491	48.275713	32.204384	47.002938	30.613511	26.665922	10.594593	28.979796	12.908447	19.027829	2.638401	
227	46.122885	30.051537	48.291874	32.220545	47.034901	30.645474	26.649761	10.578431	28.818750	12.747402	18.800773	2.411346	
228	46.279467	30.208119	48.307583	32.236254	47.065977	30.676550	26.634052	10.562723	28.662169	12.590820	18.580077	2.190650	
229	46.431482	30.360134	48.322829	32.251500	47.096146	30.706719	26.618806	10.547477	28.510153	12.438805	18.365877	1.976449	
230	46.578834	30.507486	48.337603	32.266274	47.125390	30.735962	26.604032	10.532703	28.362801	12.291453	18.158300	1.768873	
231	46.721427	30.650078	48.351896	32.280567	47.153688	30.764261	26.589739	10.518410	28.220209	12.148861	17.957474	1.568047	
232	46.859169	30.787821	48.365700	32.294371	47.181024	30.791597	26.575935	10.504606	28.082466	12.011118	17.763521	1.374094	
233	46.991973	30.920625	48.379006	32.307677	47.207380	30.817953	26.562629	10.491300	27.949662	11.878314	17.576557	1.187130	
234	47.119755	31.048406	48.391806	32.320477	47.232739	30.843312	26.549828	10.478499	27.821881	11.750532	17.396697	1.007270	
235	47.242432	31.171084	48.404093	32.332764	47.257086	30.867659	26.537542	10.466213	27.699203	11.627855	17.224050	0.834623	
236	47.359928	31.288580	48.415859	32.344530	47.280405	30.890978	26.525776	10.454447	27.581707	11.510359	17.058720	0.669293	
237	47.472169	31.400821	48.427097	32.355768	47.302681	30.913254	26.514538	10.443209	27.469466	11.398118	16.900807	0.511380	
238	47.579083	31.507735	48.437800	32.366471	47.323901	30.934473	26.503835	10.432506	27.362552	11.291204	16.750408	0.360981	
239	47.680603	31.609255	48.447962	32.376633	47.344050	30.954623	26.493673	10.422344	27.261032	11.189684	16.607613	0.218186	
240	47.776666	31.705318	48.457577	32.386247	47.363116	30.973689	26.484058	10.412729	27.164970	11.093621	16.472510	0.083083	
241	47.867211	31.795862	48.466638	32.395309	47.381088	30.991660	26.474997	10.403668	27.074425	11.003076	16.345179	-0.044248	
242	47.952181	31.880833	48.475140	32.403811	47.397953	31.008526	26.466495	10.395166	26.989454	10.918106	16.225698	-0.163729	
243	48.031524	31.960176	48.483079	32.411750	47.413702	31.024275	26.458556	10.387227	26.910111	10.838763	16.114140	-0.275287	
244	48.105189	32.033841	48.490449	32.419120	47.428324	31.038897	26.451186	10.379857	26.836446	10.765098	16.010572	-0.378855	
245	48.173132	32.101784	48.497246	32.425916	47.441810	31.052383	26.444389	10.373060	26.768504	10.697155	15.915057	-0.474370	
246	48.235309	32.163960	48.503465	32.432136	47.454153	31.064725	26.438170	10.366841	26.706327	10.634979	15.827653	-0.561775	
247	48.291681	32.220333	48.509104	32.437775	47.465343	31.075915	26.432531	10.361202	26.649954	10.578606	15.748412	-0.641015	
248	48.342214	32.270866	48.514158	32.442829	47.475374	31.085947	26.427477	10.356148	26.599421	10.528073	15.677383	-0.712044	
249	48.386876	32.315528	48.518625	32.447296	47.484240	31.094812	26.423010	10.351681	26.554759	10.483411	15.614609	-0.774818	
250	48.425640	32.354291	48.522502	32.451173	47.491935	31.102507	26.419133	10.347804	26.515996	10.444648	15.560127	-0.829300	
251	48.458480	32.387132	48.525786	32.454457	47.498454	31.109027	26.415849	10.344520	26.483155	10.411807	15.513972	-0.875455	
252	48.485378	32.414030	48.528476	32.457147	47.503794	31.114366	26.413159	10.341830	26.456258	10.384909	15.476170	-0.913257	
253	48.506315	32.434967	48.530570	32.459241	47.507950	31.118523	26.411065	10.339736	26.435320	10.363972	15.446745	-0.942682	
254	48.521280	32.449932	48.532067	32.460738	47.510921	31.121494	26.409568	10.338239	26.420355	10.349007	15.425714	-0.963713	
255	48.530263	32.458914	48.532965	32.461636	47.512704	31.123277	26.408670	10.337341	26.411373	10.340024	15.413090	-0.976337	
256	48.533258	32.461909	48.533264	32.461935	47.513298	31.123871	26.408371	10.337030	26.408378	10.337042	15.408882	-0.980545	
257	48.528039	32.456701	48.531894	32.460555	47.512109	31.122682	26.409741	10.338403	26.413596	10.342257	15.417299	-0.972129	
258	48.512381	32.441043	48.527790	32.456452	47.508534	31.119107	26.413845	10.342506	26.429254	10.357915	15.442537	-0.946890	
259	48.486307	32.414968	48.520942	32.449604	47.502558	31.113130	26.420693	10.349354	26.455328	10.383989	15.484563	-0.904864	
260	48.449850	32.378511	48.511337	32.439998	47.494150	31.104723	26.430298	10.358960	26.491785	10.420447	15.543318	-0.846109	
261	48.403056	32.331718	48.498956	32.427618	47.483272	31.093844	26.442679	10.371340	26.538579	10.467240	15.618721	-0.770706	
262	48.345986	32.274648	48.483777	32.412439	47.469871	31.080444	26.457858	10.386519	26.595649	10.524310	15.710667	-0.678760	
263	48.278713	32.207375	48.465772	32.394433	47.453886	31.064459	26.475863	10.404524	26.662922	10.591583	15.819030	-0.570397	
264	48.201322	32.129984	48.444908	32.373569	47.435244	31.045817	26.496727	10.425388	26.740313	10.668974	15.943659	-0.445768	
265	48.113913	32.042574	48.421147	32.349809	47.413860	31.024433	26.520488	10.449149	26.827722	10.756383	16.084384	-0.305043	
266	48.016596	31.945258	48.394448	32.323110	47.389642	31.000215	26.547187	10.475848	26.925039	10.853700	16.241010	-0.148417	
267	47.909496	31.838158	48.364765	32.293426	47.362485	30.973058	26.576870	10.505532	27.032139	10.960800	16.413323	0.023896	
268	47.792749	31.721410	48.332046	32.260707	47.332276	30.942849	26.609589	10.538250	27.148886	11.077548	16.601086	0.211659	
269	47.666502	31.595163	48.296238	32.224899	47.298892	30.909465	26.645397	10.574059	27.275133	11.203795	16.804043	0.414616	
270	47.530915	31.459577	48.257282	32.185943	47.262202	30.872775	26.684353	10.613015	27.410720	11.339381	17.021915	0.632488	
271	47.386160	31.314821	48.215116	32.143778	47.222066	30.832639	26.726519	10.655180	27.555475	11.484136	17.254407	0.864980	
272	47.232419	31.161080	48.169677	32.098338	47.178336	30.788909	26.771958	10.700619	27.709216	11.637878	17.501203	1.111776	
273	47.069884	30.998546	48.120896	32.049557	47.130859	30.741432	26.820739	10.749401	27.871751	11.800412	17.761968	1.372541	
274	46.898761	30.827422	48.068702	31.997364	47.079471	30.690044	26.872933	10.801594	28.042874	11.971536	18.036349	1.646922	
275	46.719262	30.647923	48.013024	31.941685	47.024006	30.634579	26.928611	10.857273	28.222373	12.151035	18.323978	1.934551	
276	46.531611	30.460272	47.953786	31.882447	46.964291	30.574863	26.987849	10.916511	28.410025	12.338686	18.624468	2.235041	
277	46.336041	30.264702	47.890912	31.819573	46.900146	30.510719	27.050723	10.979384	28.605594	12.534256	18.937418	2.547990	
278	46.132794	30.061456	47.824325	31.752986	46.831390	30.441963	27.117310	11.045972	28.808841	12.737502	19.262409	2.872982	
279	45.922122	29.850783	47.753945	31.682607	46.757837	30.368410	27.187690	11.116351	29.019513	12.948175	19.599012	3.209585	
280	45.704282	29.632944	47.679695	31.608357	46.679299	30.289871	27.261940	11.190601	29.237353	13.166014	19.946781	3.557354	
281	45.479543	29.408204	47.601496	31.530157	46.595583	30.206156	27.340140	11.268801	29.462092	13.390753	20.305258	3.915831	
282	45.248178	29.176839	47.519267	31.447928	46.506498	30.117071	27.422368	11.351029	29.693457	13.622118	20.673974	4.284547	
283	45.010469	28.939130	47.432932	31.361594	46.411852	30.022425	27.508703	11.437364	29.931166	13.859828	21.052447	4.663020	
284	44.766704	28.695365	47.342415	31.271076	46.311452	29.922024	27.599221	11.527882	30.174932	14.103593	21.440187	5.050759	
285	44.517176	28.445838	47.247639	31.176300	46.205105	29.815678	27.693996	11.622658	30.424459	14.353120	21.836692	5.447265	
286	44.262187	28.190849	47.148533	31.077194	46.092624	29.703197	27.793103	11.721764	30.679448	14.608109	22.241453	5.852026	
287	44.002043	27.930704	47.045026	30.973687	45.973821	29.584394	27.896609	11.825270	30.939593	14.868254	22.653953	6.264526	
288	43.737053	27.665714	46.937053	30.865714	45.848513	29.459086	28.004583	11.933244	31.204583	15.133244	23.073667	6.684240	
289	43.467533	27.396194	46.824550	30.753211	45.716521	29.327094	28.117086	12.045747	31.474102	15.402764	23.500065	7.110638	
290	43.193804	27.122465	46.707459	30.636120	45.577674	29.188246	28.234176	12.162838	31.747831	15.676492	23.932609	7.543182	
291	42.916190	26.844852	46.585728	30.514389	45.431803	29.042376	28.355907	12.284569	32.025445	15.954106	24.370760	7.981332	
292	42.635020	26.563682	46.459309	30.387971	45.278752	28.889325	28.482326	12.410987	32.306615	16.235276	24.813970	8.424543	
293	42.350626	26.279288	46.328163	30.256824	45.118370	28.728943	28.613472	12.542133	32.591009	16.519670	25.261691	8.872264	
294	42.063346	25.992007	46.192257	30.120918	44.950518	28.561090	28.749379	12.678040	32.878290	16.806951	25.713371	9.323943	
295	41.773518	25.702180	46.051566	29.980227	44.775065	28.385638	28.890069	12.818730	33.168117	17.096778	26.168454	9.779027	
296	41.481490	25.410151	45.906077	29.834738	44.591897	28.202470	29.035558	12.964219	33.460145	17.388806	26.626384	10.236957	
297	41.187610	25.116272	45.755786	29.684448	44.400911	28.011484	29.185849	13.114510	33.754025	17.682686	27.086600	10.697173	
298	40.892234	24.820896	45.600704	29.529365	44.202021	27.812594	29.340931	13.269593	34.049401	17.978062	27.548540	11.159112	
299	40.595724	24.524386	45.440853	29.369515	43.995159	27.605732	29.500782	13.429443	34.345911	18.274572	28.011637	11.622210	
300	40.298450	24.227112	45.276275	29.204937	43.780278	27.390851	29.665360	13.594021	34.643185	18.571846	28.475324	12.085897	
301	40.000793	23.929454	45.107030	29.035692	43.557352	27.167925	29.834605	13.763266	34.940842	18.869504	28.939024	12.549597	
302	39.703144	23.631806	44.933203	28.861864	43.326386	26.936958	30.008432	13.937094	35.238491	19.167152	29.402154	13.012727	
303	39.405915	23.334576	44.754904	28.683565	43.087412	26.697985	30.186731	14.115393	35.535720	19.464381	29.864122	13.474695	
304	39.109537	23.038199	44.572279	28.500940	42.840503	26.451076	30.369356	14.298017	35.832098	19.760759	30.324318	13.934890	
305	38.814474	22.743135	44.385517	28.314179	42.585778	26.196351	30.556118	14.484779	36.127161	20.055823	30.782109	14.392682	
306	38.521226	22.449887	44.194860	28.123521	42.323411	25.933984	30.746776	14.675437	36.420409	20.349070	31.236832	14.847405	
307	38.230352	22.159014	44.000617	27.929278	42.053649	25.664222	30.941019	14.869680	36.711283	20.639944	31.687776	15.298349	
308	37.942486	21.871148	43.803189	27.731850	41.776835	25.387408	31.138446	15.067107	36.999149	20.927810	32.134163	15.744735	
309	37.658368	21.587030	43.603100	27.531761	41.493439	25.104011	31.338535	15.267197	37.283267	21.211928	32.575113	16.185686	
310	37.378890	21.307551	43.401038	27.329699	41.204106	24.814678	31.540597	15.469258	37.562745	21.491406	33.009602	16.620175	
311	37.105162	21.033824	43.197928	27.126589	40.909736	24.520309	31.743707	15.672368	37.836473	21.765134	33.436380	17.046953	
312	36.838615	20.767277	42.995030	26.923691	40.611606	24.222179	31.946605	15.875267	38.103020	22.031681	33.853851	17.464424	
313	36.581155	20.509816	42.794096	26.722757	40.311570	23.922143	32.147539	16.076201	38.360480	22.289142	34.259875	17.870448	
314	36.335399	20.264060	42.597608	26.526269	40.012402	23.622975	32.344027	16.272688	38.606236	22.534897	34.651420	18.261993	
315	36.105038	20.033699	42.409138	26.337799	39.718394	23.328966	32.532497	16.461158	38.836597	22.765258	35.023974	18.634547	
316	35.895344	19.824005	42.233857	26.162518	39.436394	23.046967	32.707778	16.636440	39.046291	22.974953	35.370498	18.981071	
317	35.713784	19.642445	42.079149	26.007810	39.177562	22.788135	32.862486	16.791148	39.227851	23.156513	35.679677	19.290250	
318	35.570411	19.499072	41.955002	25.883663	38.959836	22.570409	32.986633	16.915294	39.371224	23.299886	35.933453	19.544025	
319	35.477123	19.405785	41.873269	25.801930	38.809355	22.419928	33.068366	16.997028	39.464512	23.393173	36.105598	19.716171	
320	33.097083	23.425744	39.497083	25.773214	38.754687	22.365260	35.444552	17.025744	41.844552	19.373214	36.167493	19.778066	
321	33.068366	16.997028	39.464512	23.393173	36.105598	19.716171	35.477123	19.405785	41.873269	25.801930	38.809355	22.419928	
322	32.986633	16.915294	39.371224	23.299886	35.933453	19.544025	35.570411	19.499072	41.955002	25.883663	38.959836	22.570409	
323	32.862486	16.791148	39.227851	23.156513	35.679677	19.290250	35.713784	19.642445	42.079149	26.007810	39.177562	22.788135	
324	32.707778	16.636440	39.046291	22.974953	35.370498	18.981071	35.895344	19.824005	42.233857	26.162518	39.436394	23.046967	
325	32.532497	16.461158	38.836597	22.765258	35.023974	18.634547	36.105038	20.033699	42.409138	26.337799	39.718394	23.328966	
326	32.344027	16.272688	38.606236	22.534897	34.651420	18.261993	36.335399	20.264060	42.597608	26.526269	40.012402	23.622975	
327	32.147539	16.076201	38.360480	22.289142	34.259875	17.870448	36.581155	20.509816	42.794096	26.722757	40.311570	23.922143	
328	31.946605	15.875267	38.103020	22.031681	33.853851	17.464424	36.838615	20.767277	42.995030	26.923691	40.611606	24.222179	
329	31.743707	15.672368	37.836473	21.765134	33.436380	17.046953	37.105162	21.033824	43.197928	27.126589	40.909736	24.520309	
330	31.540597	15.469258	37.562745	21.491406	33.009602	16.620175	37.378890	21.307551	43.401038	27.329699	41.204106	24.814678	
331	31.338535	15.267197	37.283267	21.211928	32.575113	16.185686	37.658368	21.587030	43.603100	27.531761	41.493439	25.104011	
332	31.138446	15.067107	36.999149	20.927810	32.134163	15.744735	37.942486	21.871148	43.803189	27.731850	41.776835	25.387408	
333	30.941019	14.869680	36.711283	20.639944	31.687776	15.298349	38.230352	22.159014	44.000617	27.929278	42.053649	25.664222	
334	30.746776	14.675437	36.420409	20.349070	31.236832	14.847405	38.521226	22.449887	44.194860	28.123521	42.323411	25.933984	
335	30.556118	14.484779	36.127161	20.055823	30.782109	14.392682	38.814474	22.743135	44.385517	28.314179	42.585778	26.196351	
336	30.369356	14.298017	35.832098	19.760759	30.324318	13.934890	39.109537	23.038199	44.572279	28.500940	42.840503	26.451076	
337	30.186731	14.115393	35.535720	19.464381	29.864122	13.474695	39.405915	23.334576	44.754904	28.683565	43.087412	26.697985	
338	30.008432	13.937094	35.238491	19.167152	29.402154	13.012727	39.703144	23.631806	44.933203	28.861864	43.326386	26.936958	
339	29.834605	13.763266	34.940842	18.869504	28.939024	12.549597	40.000793	23.929454	45.107030	29.035692	43.557352	27.167925	
340	29.665360	13.594021	34.643185	18.571846	28.475324	12.085897	40.298450	24.227112	45.276275	29.204937	43.780278	27.390851	
341	29.500782	13.429443	34.345911	18.274572	28.011637	11.622210	40.595724	24.524386	45.440853	29.369515	43.995159	27.605732	
342	29.340931	13.269593	34.049401	17.978062	27.548540	11.159112	40.892234	24.820896	45.600704	29.529365	44.202021	27.812594	
343	29.185849	13.114510	33.754025	17.682686	27.086600	10.697173	41.187610	25.116272	45.755786	29.684448	44.400911	28.011484	
344	29.035558	12.964219	33.460145	17.388806	26.626384	10.236957	41.481490	25.410151	45.906077	29.834738	44.591897	28.202470	
345	28.890069	12.818730	33.168117	17.096778	26.168454	9.779027	41.773518	25.702180	46.051566	29.980227	44.775065	28.385638	
346	28.749379	12.678040	32.878290	16.806951	25.713371	9.323943	42.063346	25.992007	46.192257	30.120918	44.950518	28.561090	
347	28.613472	12.542133	32.591009	16.519670	25.261691	8.872264	42.350626	26.279288	46.328163	30.256824	45.118370	28.728943	
348	28.482326	12.410987	32.306615	16.235276	24.813970	8.424543	42.635020	26.563682	46.459309	30.387971	45.278752	28.889325	
349	28.355907	12.284569	32.025445	15.954106	24.370760	7.981332	42.916190	26.844852	46.585728	30.514389	45.431803	29.042376	
350	28.234176	12.162838	31.747831	15.676492	23.932609	7.543182	43.193804	27.122465	46.707459	30.636120	45.577674	29.188246	
351	28.117086	12.045747	31.474102	15.402764	23.500065	7.110638	43.467533	27.396194	46.824550	30.753211	45.716521	29.327094	
352	28.004583	11.933244	31.204583	15.133244	23.073667	6.684240	43.737053	27.665714	46.937053	30.865714	45.848513	29.459086	
353	27.896609	11.825270	30.939593	14.868254	22.653953	6.264526	44.002043	27.930704	47.045026	30.973687	45.973821	29.584394	
354	27.793103	11.721764	30.679448	14.608109	22.241453	5.852026	44.262187	28.190849	47.148533	31.077194	46.092624	29.703197	
355	27.693996	11.622658	30.424459	14.353120	21.836692	5.447265	44.517176	28.445838	47.247639	31.176300	46.205105	29.815678	
356	27.599221	11.527882	30.174932	14.103593	21.440187	5.050759	44.766704	28.695365	47.342415	31.271076	46.311452	29.922024	
357	27.508703	11.437364	29.931166	13.859828	21.052447	4.663020	45.010469	28.939130	47.432932	31.361594	46.411852	30.022425	
358	27.422368	11.351029	29.693457	13.622118	20.673974	4.284547	45.248178	29.176839	47.519267	31.447928	46.506498	30.117071	
359	27.340140	11.268801	29.462092	13.390753	20.305258	3.915831	45.479543	29.408204	47.601496	31.530157	46.595583	30.206156	
360	27.261940	11.190601	29.237353	13.166014	19.946781	3.557354	45.704282	29.632944	47.679695	31.608357	46.679299	30.289871	
361	27.187690	11.116351	29.019513	12.948175	19.599012	3.209585	45.922122	29.850783	47.753945	31.682607	46.757837	30.368410	
362	27.117310	11.045972	28.808841	12.737502	19.262409	2.872982	46.132794	30.061456	47.824325	31.752986	46.831390	30.441963	
363	27.050723	10.979384	28.605594	12.534256	18.937418	2.547990	46.336041	30.264702	47.890912	31.819573	46.900146	30.510719	
364	26.987849	10.916511	28.410025	12.338686	18.624468	2.235041	46.531611	30.460272	47.953786	31.882447	46.964291	30.574863	
365	26.928611	10.857273	28.222373	12.151035	18.323978	1.934551	46.719262	30.647923	48.013024	31.941685	47.024006	30.634579	
366	26.872933	10.801594	28.042874	11.971536	18.036349	1.646922	46.898761	30.827422	48.068702	31.997364	47.079471	30.690044	
367	26.820739	10.749401	27.871751	11.800412	17.761968	1.372541	47.069884	30.998546	48.120896	32.049557	47.130859	30.741432	
368	26.771958	10.700619	27.709216	11.637878	17.501203	1.111776	47.232419	31.161080	48.169677	32.098338	47.178336	30.788909	
369	26.726519	10.655180	27.555475	11.484136	17.254407	0.864980	47.386160	31.314821	48.215116	32.143778	47.222066	30.832639	
370	26.684353	10.613015	27.410720	11.339381	17.021915	0.632488	47.530915	31.459577	48.257282	32.185943	47.262202	30.872775	
371	26.645397	10.574059	27.275133	11.203795	16.804043	0.414616	47.666502	31.595163	48.296238	32.224899	47.298892	30.909465	
372	26.609589	10.538250	27.148886	11.077548	16.601086	0.211659	47.792749	31.721410	48.332046	32.260707	47.332276	30.942849	
373	26.576870	10.505532	27.032139	10.960800	16.413323	0.023896	47.909496	31.838158	48.364765	32.293426	47.362485	30.973058	
374	26.547187	10.475848	26.925039	10.853700	16.241010	-0.148417	48.016596	31.945258	48.394448	32.323110	47.389642	31.000215	
375	26.520488	10.449149	26.827722	10.756383	16.084384	-0.305043	48.113913	32.042574	48.421147	32.349809	47.413860	31.024433	
376	26.496727	10.425388	26.740313	10.668974	15.943659	-0.445768	48.201322	32.129984	48.444908	32.373569	47.435244	31.045817	
377	26.475863	10.404524	26.662922	10.591583	15.819030	-0.570397	48.278713	32.207375	48.465772	32.394433	47.453886	31.064459	
378	26.457858	10.386519	26.595649	10.524310	15.710667	-0.678760	48.345986	32.274648	48.483777	32.412439	47.469871	31.080444	
379	26.442679	10.371340	26.538579	10.467240	15.618721	-0.770706	48.403056	32.331718	48.498956	32.427618	47.483272	31.093844	
380	26.430298	10.358960	26.491785	10.420447	15.543318	-0.846109	48.449850	32.378511	48.511337	32.439998	47.494150	31.104723	
381	26.420693	10.349354	26.455328	10.383989	15.484563	-0.904864	48.486307	32.414968	48.520942	32.449604	47.502558	31.113130	
382	26.413845	10.342506	26.429254	10.357915	15.442537	-0.946890	48.512381	32.441043	48.527790	32.456452	47.508534	31.119107	
383	26.409741	10.338403	26.413596	10.342257	15.417299	-0.972129	48.528039	32.456701	48.531894	32.460555	47.512109	31.122682	
384	26.408371	10.337030	26.408378	10.337042	15.408882	-0.980545	48.533258	32.461909	48.533264	32.461935	47.513298	31.123871	
