#p	a_up	a_dn	b_up	b_dn	c_up	c_dn	NaN
0	-7.979557	-2.171551	-7.979557	-2.171551	-19.067085	-12.901329	
1	-7.979256	-2.171250	-7.976545	-2.168539	-19.062869	-12.897113	
2	-7.978352	-2.170346	-7.967512	-2.159505	-19.050222	-12.884465	
3	-7.976847	-2.168841	-7.952462	-2.144455	-19.029152	-12.863395	
4	-7.974742	-2.166735	-7.931404	-2.123398	-18.999671	-12.833915	
5	-7.972037	-2.164030	-7.904352	-2.096346	-18.961799	-12.796043	
6	-7.968734	-2.160727	-7.871322	-2.063316	-18.915556	-12.749800	
7	-7.964835	-2.156828	-7.832333	-2.024327	-18.860972	-12.695216	
8	-7.960342	-2.152336	-7.787410	-1.979404	-18.798079	-12.632323	
9	-7.955259	-2.147253	-7.736578	-1.928572	-18.726915	-12.561159	
10	-7.949588	-2.141582	-7.679870	-1.871863	-18.647523	-12.481767	
11	-7.943333	-2.135327	-7.617318	-1.809311	-18.559950	-12.394194	
12	-7.936497	-2.128491	-7.548960	-1.740954	-18.464250	-12.298494	
13	-7.929085	-2.121079	-7.474839	-1.666833	-18.360480	-12.194724	
14	-7.921101	-2.113095	-7.394998	-1.586991	-18.248702	-12.082946	
15	-7.912550	-2.104544	-7.309485	-1.501479	-18.128984	-11.963228	
16	-7.903437	-2.095430	-7.218352	-1.410346	-18.001399	-11.835642	
17	-7.893767	-2.085761	-7.121655	-1.313648	-17.866022	-11.700266	
18	-7.883546	-2.075540	-7.019450	-1.211444	-17.722935	-11.557179	
19	-7.872781	-2.064775	-6.911800	-1.103794	-17.572225	-11.406469	
20	-7.861478	-2.053472	-6.798770	-0.990763	-17.413983	-11.248227	
21	-7.849644	-2.041638	-6.680427	-0.872421	-17.248303	-11.082547	
22	-7.837286	-2.029279	-6.556843	-0.748837	-17.075286	-10.909530	
23	-7.824411	-2.016404	-6.428093	-0.620086	-16.895035	-10.729279	
24	-7.811027	-2.003020	-6.294253	-0.486247	-16.707660	-10.541904	
25	-7.797142	-1.989136	-6.155405	-0.347399	-16.513273	-10.347516	
26	-7.782765	-1.974758	-6.011632	-0.203626	-16.311991	-10.146234	
27	-7.767903	-1.959897	-5.863021	-0.055015	-16.103935	-9.938179	
28	-7.752567	-1.944561	-5.709662	0.098345	-15.889232	-9.723475	
29	-7.736766	-1.928760	-5.551646	0.256361	-15.668009	-9.502253	
30	-7.720508	-1.912502	-5.389068	0.418938	-15.440401	-9.274645	
31	-7.703804	-1.895798	-5.222028	0.585978	-15.206544	-9.040788	
32	-7.686664	-1.878658	-5.050625	0.757381	-14.966580	-8.800824	
33	-7.669098	-1.861091	-4.874962	0.933044	-14.720653	-8.554897	
34	-7.651116	-1.843110	-4.695147	1.112860	-14.468911	-8.303154	
35	-7.632730	-1.824724	-4.511285	1.296721	-14.211505	-8.045749	
36	-7.613950	-1.805944	-4.323490	1.484516	-13.948591	-7.782835	
37	-7.594789	-1.786782	-4.131873	1.676133	-13.680328	-7.514571	
38	-7.575256	-1.767250	-3.936550	1.871456	-13.406876	-7.241119	
39	-7.555365	-1.747359	-3.737639	2.070367	-13.128400	-6.962644	
40	-7.535127	-1.727121	-3.535259	2.272747	-12.845069	-6.679312	
41	-7.514555	-1.706548	-3.329533	2.478473	-12.557052	-6.391296	
42	-7.493660	-1.685653	-3.120584	2.687422	-12.264524	-6.098767	
43	-7.472455	-1.664449	-2.908539	2.899467	-11.967660	-5.801904	
44	-7.450954	-1.642947	-2.693524	3.114482	-11.666640	-5.500883	
45	-7.429168	-1.621162	-2.475670	3.332336	-11.361644	-5.195888	
46	-7.407112	-1.599106	-2.255108	3.552898	-11.052857	-4.887100	
47	-7.384798	-1.576792	-2.031970	3.776036	-10.740464	-4.574707	
48	-7.362240	-1.554234	-1.806391	4.001615	-10.424653	-4.258897	
49	-7.339452	-1.531446	-1.578507	4.229499	-10.105616	-3.939860	
50	-7.316447	-1.508441	-1.348456	4.459551	-9.783543	-3.617787	
51	-7.293239	-1.485232	-1.116374	4.691632	-9.458630	-3.292873	
52	-7.269842	-1.461835	-0.882404	4.925602	-9.131071	-2.965315	
53	-7.246270	-1.438264	-0.646685	5.161322	-8.801064	-2.635308	
54	-7.222537	-1.414531	-0.409359	5.398647	-8.468808	-2.303052	
55	-7.198658	-1.390652	-0.170569	5.637437	-8.134503	-1.968746	
56	-7.174647	-1.366641	0.069540	5.877546	-7.798350	-1.632594	
57	-7.150519	-1.342513	0.310824	6.118830	-7.460552	-1.294795	
58	-7.126288	-1.318281	0.553138	6.361145	-7.121312	-0.955556	
59	-7.101968	-1.293961	0.796336	6.604342	-6.780835	-0.615078	
60	-7.077574	-1.269568	1.040272	6.848278	-6.439325	-0.273569	
61	-7.053122	-1.245115	1.284797	7.092804	-6.096989	0.068767	
62	-7.028625	-1.220618	1.529766	7.337773	-5.754033	0.411724	
63	-7.004098	-1.196092	1.775031	7.583037	-5.410662	0.755094	
64	-6.979557	-1.171551	2.020443	7.828449	-5.067085	1.098671	
65	-6.955016	-1.147010	2.265855	8.073862	-4.723508	1.442248	
66	-6.930489	-1.122483	2.511120	8.319126	-4.380138	1.785618	
67	-6.905992	-1.097986	2.756089	8.564095	-4.037181	2.128575	
68	-6.881540	-1.073534	3.000614	8.808621	-3.694845	2.470911	
69	-6.857146	-1.049140	3.244550	9.052556	-3.353336	2.812420	
70	-6.832827	-1.024820	3.487748	9.295754	-3.012859	3.152898	
71	-6.808595	-1.000589	3.730062	9.538068	-2.673619	3.492137	
72	-6.784467	-0.976460	3.971346	9.779352	-2.335821	3.829935	
73	-6.760456	-0.952450	4.211455	10.019462	-1.999668	4.166088	
74	-6.736577	-0.928571	4.450245	10.258251	-1.665363	4.500393	
75	-6.712844	-0.904838	4.687571	10.495577	-1.333107	4.832650	
76	-6.689272	-0.881266	4.923290	10.731296	-1.003100	5.162656	
77	-6.665875	-0.857869	5.157260	10.965267	-0.675541	5.490215	
78	-6.642667	-0.834661	5.389341	11.197348	-0.350627	5.815129	
79	-6.619662	-0.811656	5.619393	11.427400	-0.028555	6.137201	
80	-6.596874	-0.788867	5.847277	11.655284	0.290483	6.456239	
81	-6.574316	-0.766309	6.072856	11.880862	0.606293	6.772049	
82	-6.552002	-0.743996	6.295994	12.104000	0.918686	7.084442	
83	-6.529946	-0.721939	6.516556	12.324563	1.227473	7.393230	
84	-6.508160	-0.700154	6.734410	12.542417	1.532469	7.698225	
85	-6.486659	-0.678653	6.949425	12.757431	1.833489	7.999246	
86	-6.465454	-0.657448	7.161470	12.969477	2.130353	8.296109	
87	-6.444559	-0.636553	7.370419	13.178425	2.422881	8.588638	
88	-6.423987	-0.615981	7.576145	13.384152	2.710898	8.876654	
89	-6.403749	-0.595743	7.778525	13.586531	2.994229	9.159986	
90	-6.383858	-0.575851	7.977436	13.785442	3.272705	9.438461	
91	-6.364325	-0.556319	8.172759	13.980765	3.546157	9.711913	
92	-6.345164	-0.537157	8.364376	14.172382	3.814421	9.980177	
93	-6.326384	-0.518378	8.552171	14.360178	4.077335	10.243091	
94	-6.307998	-0.499992	8.736033	14.544039	4.334740	10.500496	
95	-6.290016	-0.482010	8.915848	14.723855	4.586482	10.752239	
96	-6.272450	-0.464444	9.091511	14.899517	4.832410	10.998166	
97	-6.255310	-0.447304	9.262914	15.070920	5.072374	11.238130	
98	-6.238606	-0.430600	9.429954	15.237961	5.306230	11.471987	
99	-6.222348	-0.414342	9.592531	15.400538	5.533839	11.699595	
100	-6.206547	-0.398540	9.750547	15.558554	5.755061	11.920817	
101	-6.191211	-0.383204	9.903907	15.711914	5.969765	12.135521	
102	-6.176350	-0.368343	10.052518	15.860525	6.177820	12.343576	
103	-6.161972	-0.353966	10.196291	16.004297	6.379102	12.544858	
104	-6.148087	-0.340081	10.335139	16.143145	6.573489	12.739246	
105	-6.134703	-0.326697	10.468979	16.276985	6.760865	12.926621	
106	-6.121828	-0.313822	10.597729	16.405735	6.941115	13.106871	
107	-6.109470	-0.301464	10.721313	16.529319	7.114133	13.279889	
108	-6.097636	-0.289629	10.839656	16.647662	7.279812	13.445569	
109	-6.086333	-0.278326	10.952686	16.760692	7.438055	13.603811	
110	-6.075568	-0.267561	11.060336	16.868342	7.588765	13.754521	
111	-6.065347	-0.257341	11.162541	16.970547	7.731851	13.897608	
112	-6.055678	-0.247671	11.259238	17.067245	7.867228	14.032984	
113	-6.046564	-0.238558	11.350371	17.158377	7.994814	14.160570	
114	-6.038013	-0.230007	11.435884	17.243890	8.114532	14.280288	
115	-6.030029	-0.222023	11.515725	17.323731	8.226309	14.392065	
116	-6.022617	-0.214610	11.589846	17.397853	8.330079	14.495836	
117	-6.015781	-0.207775	11.658204	17.466210	8.425780	14.591536	
118	-6.009526	-0.201519	11.720755	17.528762	8.513352	14.679109	
119	-6.003855	-0.195849	11.777464	17.585471	8.592745	14.758501	
120	-5.998772	-0.190765	11.828296	17.636302	8.663909	14.829665	
121	-5.994279	-0.186273	11.873219	17.681226	8.726802	14.892558	
122	-5.990381	-0.182374	11.912208	17.720214	8.781386	14.947142	
123	-5.987078	-0.179071	11.945238	17.753245	8.827628	14.993384	
124	-5.984372	-0.176366	11.972290	17.780297	8.865501	15.031257	
125	-5.982267	-0.174260	11.993348	17.801354	8.894981	15.060737	
126	-5.980762	-0.172755	12.008398	17.816404	8.916051	15.081807	
127	-5.979858	-0.171852	12.017431	17.825437	8.928698	15.094454	
128	-5.979557	-0.171551	12.020443	17.828449	8.932915	15.098671	
129	-5.976545	-0.168539	12.020744	17.828750	8.933517	15.099273	
130	-5.967512	-0.159505	12.021648	17.829654	8.935324	15.101080	
131	-5.952462	-0.144455	12.023153	17.831159	8.938334	15.104090	
132	-5.931404	-0.123398	12.025258	17.833265	8.942545	15.108302	
133	-5.904352	-0.096346	12.027963	17.835970	8.947956	15.113712	
134	-5.871322	-0.063316	12.031266	17.839273	8.954562	15.120318	
135	-5.832333	-0.024327	12.035165	17.843172	8.962359	15.128116	
136	-5.787410	0.020596	12.039658	17.847664	8.971344	15.137100	
137	-5.736578	0.071428	12.044741	17.852747	8.981510	15.147267	
138	-5.679870	0.128137	12.050412	17.858418	8.992852	15.158608	
139	-5.617318	0.190689	12.056667	17.864673	9.005363	15.171119	
140	-5.548960	0.259046	12.063503	17.871509	9.019034	15.184790	
141	-5.474839	0.333167	12.070915	17.878921	9.033858	15.199615	
142	-5.394998	0.413009	12.078899	17.886905	9.049827	15.215583	
143	-5.309485	0.498521	12.087450	17.895456	9.066929	15.232685	
144	-5.218352	0.589654	12.096563	17.904570	9.085156	15.250912	
145	-5.121655	0.686352	12.106233	17.914239	9.104495	15.270251	
146	-5.019450	0.788556	12.116454	17.924460	9.124936	15.290692	
147	-4.911800	0.896206	12.127219	17.935225	9.146466	15.312222	
148	-4.798770	1.009237	12.138522	17.946528	9.169072	15.334828	
149	-4.680427	1.127579	12.150356	17.958362	9.192741	15.358497	
150	-4.556843	1.251163	12.162714	17.970721	9.217458	15.383214	
151	-4.428093	1.379914	12.175589	17.983596	9.243208	15.408964	
152	-4.294253	1.513753	12.188973	17.996980	9.269976	15.435732	
153	-4.155405	1.652601	12.202858	18.010864	9.297745	15.463501	
154	-4.011632	1.796374	12.217235	18.025242	9.326500	15.492256	
155	-3.863021	1.944985	12.232097	18.040103	9.356222	15.521978	
156	-3.709662	2.098345	12.247433	18.055439	9.386894	15.552650	
157	-3.551646	2.256361	12.263234	18.071240	9.418497	15.584253	
158	-3.389068	2.418938	12.279492	18.087498	9.451012	15.616769	
159	-3.222028	2.585978	12.296196	18.104202	9.484421	15.650177	
160	-3.050625	2.757381	12.313336	18.121342	9.518701	15.684457	
161	-2.874962	2.933044	12.330902	18.138909	9.553834	15.719590	
162	-2.695147	3.112860	12.348884	18.156890	9.589797	15.755553	
163	-2.511285	3.296721	12.367270	18.175276	9.626569	15.792325	
164	-2.323490	3.484516	12.386050	18.194056	9.664128	15.829884	
165	-2.131873	3.676133	12.405211	18.213218	9.702452	15.868208	
166	-1.936550	3.871456	12.424744	18.232750	9.741516	15.907272	
167	-1.737639	4.070367	12.444635	18.252641	9.781298	15.947055	
168	-1.535259	4.272747	12.464873	18.272879	9.821774	15.987530	
169	-1.329533	4.478473	12.485445	18.293452	9.862919	16.028676	
170	-1.120584	4.687422	12.506340	18.314347	9.904709	16.070465	
171	-0.908539	4.899467	12.527545	18.335551	9.947118	16.112875	
172	-0.693524	5.114482	12.549046	18.357053	9.990121	16.155877	
173	-0.475670	5.332336	12.570832	18.378838	10.033692	16.199448	
174	-0.255108	5.552898	12.592888	18.400894	10.077805	16.243561	
175	-0.031970	5.776036	12.615202	18.423208	10.122432	16.288188	
176	0.193609	6.001615	12.637760	18.445766	10.167548	16.333304	
177	0.421493	6.229499	12.660548	18.468554	10.213125	16.378881	
178	0.651544	6.459551	12.683553	18.491559	10.259135	16.424891	
179	0.883626	6.691632	12.706761	18.514768	10.305551	16.471307	
180	1.117596	6.925602	12.730158	18.538165	10.352345	16.518102	
181	1.353315	7.161322	12.753730	18.561736	10.399489	16.565245	
182	1.590641	7.398647	12.777463	18.585469	10.446954	16.612711	
183	1.829431	7.637437	12.801342	18.609348	10.494712	16.660468	
184	2.069540	7.877546	12.825353	18.633359	10.542734	16.708490	
185	2.310824	8.118830	12.849481	18.657487	10.590991	16.756747	
186	2.553138	8.361145	12.873712	18.681719	10.639454	16.805210	
187	2.796336	8.604342	12.898032	18.706039	10.688093	16.853850	
188	3.040272	8.848278	12.922426	18.730432	10.736880	16.902637	
189	3.284797	9.092804	12.946878	18.754885	10.785786	16.951542	
190	3.529766	9.337773	12.971375	18.779382	10.834779	17.000536	
191	3.775031	9.583037	12.995902	18.803908	10.883832	17.049589	
192	4.020443	9.828449	13.020443	18.828449	10.932915	17.098671	
193	4.265855	10.073862	13.044984	18.852990	10.981997	17.147753	
194	4.511120	10.319126	13.069511	18.877517	11.031050	17.196806	
195	4.756089	10.564095	13.094008	18.902014	11.080044	17.245800	
196	5.000614	10.808621	13.118460	18.926466	11.128949	17.294705	
197	5.244550	11.052556	13.142854	18.950860	11.177736	17.343492	
198	5.487748	11.295754	13.167173	18.975180	11.226376	17.392132	
199	5.730062	11.538068	13.191405	18.999411	11.274839	17.440595	
200	5.971346	11.779352	13.215533	19.023540	11.323095	17.488852	
201	6.211455	12.019462	13.239544	19.047550	11.371117	17.536873	
202	6.450245	12.258251	13.263423	19.071429	11.418875	17.584631	
203	6.687571	12.495577	13.287156	19.095162	11.466340	17.632096	
204	6.923290	12.731296	13.310728	19.118734	11.513484	17.679240	
205	7.157260	12.965267	13.334125	19.142131	11.560278	17.726034	
206	7.389341	13.197348	13.357333	19.165339	11.606694	17.772451	
207	7.619393	13.427400	13.380338	19.188344	11.652705	17.818461	
208	7.847277	13.655284	13.403126	19.211133	11.698282	17.864038	
209	8.072856	13.880862	13.425684	19.233691	11.743397	17.909154	
210	8.295994	14.104000	13.447998	19.256004	11.788025	17.953781	
211	8.516556	14.324563	13.470054	19.278061	11.832137	17.997894	
212	8.734410	14.542417	13.491840	19.299846	11.875708	18.041464	
213	8.949425	14.757431	13.513341	19.321347	11.918711	18.084467	
214	9.161470	14.969477	13.534546	19.342552	11.961120	18.126876	
215	9.370419	15.178425	13.555441	19.363447	12.002910	18.168666	
216	9.576145	15.384152	13.576013	19.384019	12.044055	18.209811	
217	9.778525	15.586531	13.596251	19.404257	12.084531	18.250287	
218	9.977436	15.785442	13.616142	19.424149	12.124313	18.290070	
219	10.172759	15.980765	13.635675	19.443681	12.163378	18.329134	
220	10.364376	16.172382	13.654836	19.462843	12.201701	18.367458	
221	10.552171	16.360178	13.673616	19.481622	12.239260	18.405017	
222	10.736033	16.544039	13.692002	19.500008	12.276033	18.441789	
223	10.915848	16.723855	13.709984	19.517990	12.311996	18.477752	
224	11.091511	16.899517	13.727550	19.535556	12.347128	18.512885	
225	11.262914	17.070920	13.744690	19.552696	12.381409	18.547165	
226	11.429954	17.237961	13.761394	19.569400	12.414817	18.580573	
227	11.592531	17.400538	13.777652	19.585658	12.447332	18.613089	
228	11.750547	17.558554	13.793453	19.601460	12.478936	18.644692	
229	11.903907	17.711914	13.808789	19.616796	12.509608	18.675364	
230	12.052518	17.860525	13.823650	19.631657	12.539330	18.705086	
231	12.196291	18.004297	13.838028	19.646034	12.568084	18.733841	
232	12.335139	18.143145	13.851913	19.659919	12.595854	18.761610	
233	12.468979	18.276985	13.865297	19.673303	12.622622	18.788378	
234	12.597729	18.405735	13.878172	19.686178	12.648372	18.814128	
235	12.721313	18.529319	13.890530	19.698536	12.673089	18.838845	
236	12.839656	18.647662	13.902364	19.710371	12.696757	18.862513	
237	12.952686	18.760692	13.913667	19.721674	12.719363	18.885120	
238	13.060336	18.868342	13.924432	19.732439	12.740893	18.906650	
239	13.162541	18.970547	13.934653	19.742659	12.761334	18.927090	
240	13.259238	19.067245	13.944322	19.752329	12.780674	18.946430	
241	13.350371	19.158377	13.953436	19.761442	12.798900	18.964657	
242	13.435884	19.243890	13.961987	19.769993	12.816003	18.981759	
243	13.515725	19.323731	13.969971	19.777977	12.831971	18.997727	
244	13.589846	19.397853	13.977383	19.785390	12.846795	19.012552	
245	13.658204	19.466210	13.984219	19.792225	12.860467	19.026223	
246	13.720755	19.528762	13.990474	19.798481	12.872977	19.038733	
247	13.777464	19.585471	13.996145	19.804151	12.884319	19.050075	
248	13.828296	19.636302	14.001228	19.809235	12.894485	19.060242	
249	13.873219	19.681226	14.005721	19.813727	12.903470	19.069226	
250	13.912208	19.720214	14.009619	19.817626	12.911268	19.077024	
251	13.945238	19.753245	14.012922	19.820929	12.917874	19.083630	
252	13.972290	19.780297	14.015628	19.823634	12.923284	19.089040	
253	13.993348	19.801354	14.017733	19.825740	12.927496	19.093252	
254	14.008398	19.816404	14.019238	19.827245	12.930506	19.096262	
255	14.017431	19.825437	14.020142	19.828148	12.932312	19.098069	
256	14.020443	19.828449	14.020443	19.828449	12.932915	19.098671	
257	14.015203	19.823209	14.019057	19.827064	12.931709	19.097466	
258	13.999489	19.807495	14.014897	19.822904	12.928088	19.093844	
259	13.973320	19.781327	14.007956	19.815962	12.922033	19.087789	
260	13.936731	19.744738	13.998219	19.806225	12.913515	19.079271	
261	13.889768	19.697774	13.985668	19.793674	12.902494	19.068250	
262	13.832489	19.640495	13.970280	19.778286	12.888918	19.054674	
263	13.764968	19.572974	13.952027	19.760033	12.872725	19.038481	
264	13.687288	19.495295	13.930874	19.738880	12.853841	19.019597	
265	13.599549	19.407556	13.906784	19.714790	12.832181	18.997937	
266	13.501861	19.309867	13.879713	19.687719	12.807651	18.973407	
267	13.394345	19.202352	13.849614	19.657620	12.780146	18.945902	
268	13.277138	19.085144	13.816435	19.624442	12.749551	18.915307	
269	13.150385	18.958391	13.780121	19.588127	12.715743	18.881499	
270	13.014244	18.822251	13.740611	19.548617	12.678588	18.844345	
271	12.868886	18.676892	13.697842	19.505848	12.637946	18.803702	
272	12.714489	18.522495	13.651747	19.459753	12.593667	18.759423	
273	12.551245	18.359251	13.602256	19.410262	12.545594	18.711350	
274	12.379354	18.187361	13.549296	19.357302	12.493564	18.659320	
275	12.199029	18.007035	13.492791	19.300798	12.437406	18.603162	
276	12.010489	17.818496	13.432664	19.240671	12.376944	18.542700	
277	11.813964	17.621971	13.368835	19.176842	12.311998	18.477755	
278	11.609692	17.417699	13.301223	19.109229	12.242382	18.408139	
279	11.397920	17.205927	13.229744	19.037750	12.167906	18.333663	
280	11.178902	16.986908	13.154315	18.962321	12.088378	18.254134	
281	10.952900	16.760906	13.074852	18.882858	12.003602	18.169358	
282	10.720181	16.528188	12.991270	18.799277	11.913381	18.079137	
283	10.481022	16.289028	12.903485	18.711492	11.817517	17.983273	
284	10.235702	16.043709	12.811413	18.619420	11.715811	17.881567	
285	9.984509	15.792515	12.714972	18.522978	11.608065	17.773821	
286	9.727733	15.535739	12.614078	18.422084	11.494081	17.659838	
287	9.465669	15.273675	12.508653	18.316659	11.373665	17.539421	
288	9.198618	15.006624	12.398618	18.206624	11.246623	17.412379	
289	8.926881	14.734887	12.283897	18.091904	11.112766	17.278523	
290	8.650764	14.458770	12.164419	17.972425	10.971909	17.137666	
291	8.370575	14.178582	12.040113	17.848119	10.823872	16.989628	
292	8.086625	13.894631	11.910914	17.718920	10.668478	16.834234	
293	7.799222	13.607228	11.776759	17.584765	10.505561	16.671317	
294	7.508680	13.316686	11.637591	17.445597	10.334958	16.500714	
295	7.215309	13.023316	11.493357	17.301363	10.156515	16.322272	
296	6.919422	12.727428	11.344009	17.152015	9.970089	16.135845	
297	6.621329	12.429335	11.189505	16.997511	9.775542	15.941298	
298	6.321338	12.129345	11.029808	16.837814	9.572749	15.738505	
299	6.019759	11.827765	10.864887	16.672894	9.361594	15.527350	
300	5.716895	11.524901	10.694719	16.502726	9.141973	15.307729	
301	5.413049	11.221055	10.519286	16.327293	8.913794	15.079550	
302	5.108520	10.916526	10.338578	16.146585	8.676976	14.842732	
303	4.803603	10.611609	10.152592	15.960598	8.431453	14.597209	
304	4.498590	10.306596	9.961332	15.769338	8.177170	14.342926	
305	4.193767	10.001773	9.764810	15.572816	7.914089	14.079845	
306	3.889415	9.697421	9.563048	15.371054	7.642184	13.807940	
307	3.585810	9.393816	9.356074	15.164080	7.361445	13.527201	
308	3.283223	9.091229	9.143926	14.951932	7.071878	13.237635	
309	2.981918	8.789924	8.926649	14.734655	6.773505	12.939261	
310	2.682151	8.490157	8.704299	14.512305	6.466361	12.632118	
311	2.384174	8.192180	8.476939	14.284946	6.150502	12.316259	
312	2.088229	7.896236	8.244644	14.052650	5.825998	11.991755	
313	1.794553	7.602560	8.007494	13.815501	5.492937	11.658693	
314	1.503374	7.311380	7.765583	13.573589	5.151423	11.317180	
315	1.214910	7.022917	7.519010	13.327017	4.801579	10.967336	
316	0.929375	6.737381	7.267888	13.075894	4.443545	10.609301	
317	0.646971	6.454977	7.012336	12.820342	4.077477	10.243234	
318	0.367892	6.175898	6.752483	12.560489	3.703552	9.869308	
319	0.092324	5.900330	6.488469	12.296475	3.321961	9.487717	
320	-0.179557	5.628449	6.220443	12.028449	2.932915	9.098671	
321	-0.447583	5.360423	5.948562	11.756568	2.536641	8.702398	
322	-0.711597	5.096409	5.672994	11.481000	2.133386	8.299142	
323	-0.971450	4.836557	5.393915	11.201921	1.723411	7.889167	
324	-1.227002	4.581004	5.111511	10.919517	1.306996	7.472753	
325	-1.478124	4.329882	4.825976	10.633982	0.884438	7.050194	
326	-1.724697	4.083309	4.537512	10.345519	0.456048	6.621804	
327	-1.966608	3.841398	4.246333	10.054339	0.022157	6.187913	
328	-2.203758	3.604248	3.952657	9.760663	-0.416892	5.748864	
329	-2.436054	3.371953	3.656712	9.464718	-0.860737	5.305019	
330	-2.663413	3.144593	3.358735	9.166741	-1.309004	4.856752	
331	-2.885763	2.922243	3.058968	8.866975	-1.761304	4.404453	
332	-3.103040	2.704966	2.757663	8.565669	-2.217231	3.948525	
333	-3.315188	2.492818	2.455076	8.263082	-2.676371	3.489386	
334	-3.522162	2.285844	2.151471	7.959478	-3.138292	3.027465	
335	-3.723924	2.084082	1.847119	7.655126	-3.602552	2.563204	
336	-3.920446	1.887561	1.542296	7.350302	-4.068700	2.097056	
337	-4.111706	1.696300	1.237283	7.045289	-4.536269	1.629487	
338	-4.297692	1.510314	0.932366	6.740372	-5.004787	1.160969	
339	-4.478401	1.329606	0.627837	6.435844	-5.473769	0.691988	
340	-4.653834	1.154173	0.323991	6.131998	-5.942722	0.223034	
341	-4.824002	0.984005	0.021127	5.829134	-6.411148	-0.245392	
342	-4.988922	0.819084	-0.280452	5.527554	-6.878539	-0.712783	
343	-5.148619	0.659387	-0.580443	5.227564	-7.344382	-1.178626	
344	-5.303123	0.504883	-0.878536	4.929470	-7.808159	-1.642402	
345	-5.452471	0.355535	-1.174423	4.633583	-8.269347	-2.103591	
346	-5.596705	0.211301	-1.467794	4.340212	-8.727420	-2.561664	
347	-5.735873	0.072133	-1.758336	4.049670	-9.181850	-3.016094	
348	-5.870028	-0.062021	-2.045739	3.762268	-9.632107	-3.466351	
349	-5.999227	-0.191221	-2.329690	3.478317	-10.077659	-3.911903	
350	-6.123533	-0.315527	-2.609878	3.198128	-10.517977	-4.352221	
351	-6.243011	-0.435005	-2.885995	2.922012	-10.952531	-4.786775	
352	-6.357732	-0.549725	-3.157732	2.650275	-11.380794	-5.215038	
353	-6.467767	-0.659760	-3.424783	2.383223	-11.802242	-5.636485	
354	-6.573192	-0.765186	-3.686847	2.121159	-12.216355	-6.050598	
355	-6.674086	-0.866079	-3.943623	1.864383	-12.622618	-6.456862	
356	-6.770528	-0.962521	-4.194817	1.613190	-13.020523	-6.854767	
357	-6.862599	-1.054593	-4.440136	1.367870	-13.409569	-7.243812	
358	-6.950384	-1.142378	-4.679295	1.128711	-13.789260	-7.623504	
359	-7.033966	-1.225960	-4.912014	0.895993	-14.159112	-7.993356	
360	-7.113429	-1.305423	-5.138016	0.669990	-14.518649	-8.352893	
361	-7.188858	-1.380852	-5.357034	0.450972	-14.867408	-8.701651	
362	-7.260337	-1.452331	-5.568807	0.239200	-15.204933	-9.039177	
363	-7.327950	-1.519943	-5.773078	0.034928	-15.530785	-9.365029	
364	-7.391779	-1.583772	-5.969603	-0.161597	-15.844536	-9.678780	
365	-7.451905	-1.643899	-6.158143	-0.350137	-16.145772	-9.980016	
366	-7.508410	-1.700404	-6.338469	-0.530462	-16.434094	-10.268338	
367	-7.561370	-1.753364	-6.510359	-0.702352	-16.709118	-10.543362	
368	-7.610861	-1.802855	-6.673603	-0.865596	-16.970478	-10.804722	
369	-7.656956	-1.848950	-6.828000	-1.019993	-17.217823	-11.052067	
370	-7.699725	-1.891719	-6.973358	-1.165352	-17.450822	-11.285065	
371	-7.739235	-1.931229	-7.109499	-1.301493	-17.669159	-11.503403	
372	-7.775549	-1.967543	-7.236252	-1.428246	-17.872539	-11.706783	
373	-7.808728	-2.000722	-7.353460	-1.545453	-18.060688	-11.894932	
374	-7.838827	-2.030821	-7.460975	-1.652969	-18.233349	-12.067593	
375	-7.865898	-2.057891	-7.558663	-1.750657	-18.390287	-12.224531	
376	-7.889988	-2.081982	-7.646402	-1.838396	-18.531288	-12.365532	
377	-7.911141	-2.103134	-7.724082	-1.916075	-18.656160	-12.490404	
378	-7.929394	-2.121388	-7.791603	-1.983597	-18.764730	-12.598974	
379	-7.944782	-2.136776	-7.848882	-2.040876	-18.856852	-12.691095	
380	-7.957333	-2.149326	-7.895845	-2.087839	-18.932397	-12.766641	
381	-7.967070	-2.159063	-7.932434	-2.124428	-18.991262	-12.825506	
382	-7.974011	-2.166005	-7.958603	-2.150596	-19.033367	-12.867611	
383	-7.978171	-2.170165	-7.974317	-2.166310	-19.058653	-12.892897	
384	-7.979557	-2.171551	-7.979557	-2.171551	-19.067085	-12.901329	
