# n = 5.0 U  = 6.0 J = 1.500 k = 128.0
#    itr              mu            ntot            mtot            etot
       1       33.138000        4.999573        0.374603      114.747079
       2       33.352000        4.999878        0.115967      115.408803
       3       33.397000        4.999634        0.035522      115.473192
       4       33.396000        4.999146        0.010864      115.456619
       5       33.398000        4.999390        0.002930      115.453015
       6       33.401000        4.999390        0.000488      115.458771
       7       33.400000        4.999390        0.000000      115.458773
       8       33.399000        4.999390        0.000000      115.458773
       9       33.399000        4.999390        0.000000      115.458773
