#p	a1_up	a1_dn	b1_up	b1_dn	c1_up	c1_dn	a2_up	a2_dn	b2_up	b2_dn	c2_up	c2_dn	NaN
0	-3.588013	-3.608032	-3.588013	-3.608032	-14.786621	-14.805176	18.411987	18.391968	18.411987	18.391968	17.213379	17.194824	
1	-3.587712	-3.607731	-3.585001	-3.605021	-14.782405	-14.800959	18.408976	18.388956	18.411686	18.391667	17.212777	17.194222	
2	-3.586808	-3.606828	-3.575967	-3.595987	-14.769758	-14.788312	18.399942	18.379922	18.410783	18.390763	17.210970	17.192415	
3	-3.585303	-3.605323	-3.560917	-3.580937	-14.748688	-14.767242	18.384892	18.364872	18.409278	18.389258	17.207960	17.189405	
4	-3.583198	-3.603217	-3.539860	-3.559880	-14.719207	-14.737762	18.363835	18.343815	18.407172	18.387153	17.203748	17.185194	
5	-3.580492	-3.600512	-3.512808	-3.532828	-14.681335	-14.699889	18.336783	18.316763	18.404467	18.384447	17.198338	17.179783	
6	-3.577189	-3.597209	-3.479778	-3.499797	-14.635092	-14.653647	18.303753	18.283733	18.401164	18.381144	17.191732	17.173177	
7	-3.573290	-3.593310	-3.440789	-3.460809	-14.580508	-14.599063	18.264764	18.244744	18.397265	18.377246	17.183934	17.165380	
8	-3.568798	-3.588818	-3.395866	-3.415885	-14.517615	-14.536170	18.219840	18.199821	18.392773	18.372753	17.174950	17.156395	
9	-3.563715	-3.583734	-3.345034	-3.365054	-14.446451	-14.465006	18.169009	18.148989	18.387690	18.367670	17.164783	17.146229	
10	-3.558044	-3.578064	-3.288325	-3.308345	-14.367059	-14.385613	18.112300	18.092280	18.382019	18.361999	17.153441	17.134887	
11	-3.551789	-3.571808	-3.225773	-3.245793	-14.279486	-14.298041	18.049748	18.029729	18.375763	18.355744	17.140931	17.122376	
12	-3.544953	-3.564973	-3.157416	-3.177436	-14.183786	-14.202341	17.981391	17.961371	18.368928	18.348908	17.127260	17.108705	
13	-3.537541	-3.557561	-3.083295	-3.103314	-14.080016	-14.098570	17.907269	17.887250	18.361516	18.341496	17.112435	17.093881	
14	-3.529557	-3.549576	-3.003453	-3.023473	-13.968238	-13.986793	17.827428	17.807409	18.353531	18.333512	17.096467	17.077912	
15	-3.521006	-3.541025	-2.917941	-2.937960	-13.848520	-13.867075	17.741915	17.721896	18.344980	18.324961	17.079365	17.060810	
16	-3.511892	-3.531912	-2.826808	-2.846828	-13.720935	-13.739489	17.650783	17.630763	18.335867	18.315847	17.061138	17.042583	
17	-3.502223	-3.522242	-2.730110	-2.750130	-13.585558	-13.604112	17.554085	17.534065	18.326197	18.306178	17.041798	17.023244	
18	-3.492002	-3.512022	-2.627906	-2.647925	-13.442471	-13.461026	17.451880	17.431861	18.315977	18.295957	17.021358	17.002803	
19	-3.481237	-3.501257	-2.520256	-2.540275	-13.291761	-13.310316	17.344230	17.324211	18.305212	18.285192	16.999828	16.981273	
20	-3.469934	-3.489954	-2.407225	-2.427245	-13.133519	-13.152074	17.231200	17.211181	18.293909	18.273889	16.977221	16.958667	
21	-3.458100	-3.478119	-2.288883	-2.308902	-12.967839	-12.986394	17.112857	17.092838	18.282074	18.262055	16.953553	16.934998	
22	-3.445741	-3.465761	-2.165299	-2.185318	-12.794822	-12.813376	16.989274	16.969254	18.269716	18.249697	16.928836	16.910281	
23	-3.432866	-3.452886	-2.036548	-2.056568	-12.614571	-12.633126	16.860523	16.840504	18.256841	18.236821	16.903086	16.884531	
24	-3.419482	-3.439502	-1.902709	-1.922728	-12.427196	-12.445750	16.726684	16.706664	18.243457	18.223438	16.876318	16.857763	
25	-3.405598	-3.425617	-1.763861	-1.783881	-12.232809	-12.251363	16.587836	16.567816	18.229572	18.209553	16.848549	16.829994	
26	-3.391220	-3.411240	-1.620088	-1.640108	-12.031527	-12.050081	16.444063	16.424043	18.215195	18.195175	16.819794	16.801239	
27	-3.376359	-3.396379	-1.471477	-1.491497	-11.823471	-11.842026	16.295452	16.275432	18.200334	18.180314	16.790072	16.771517	
28	-3.361023	-3.381043	-1.318117	-1.338137	-11.608767	-11.627322	16.142092	16.122072	18.184998	18.164978	16.759400	16.740845	
29	-3.345222	-3.365241	-1.160101	-1.180121	-11.387545	-11.406100	15.984076	15.964056	18.169196	18.149177	16.727797	16.709242	
30	-3.328964	-3.348983	-0.997524	-1.017544	-11.159937	-11.178492	15.821499	15.801479	18.152939	18.132919	16.695281	16.676727	
31	-3.312260	-3.332279	-0.830484	-0.850503	-10.926080	-10.944635	15.654458	15.634439	18.136235	18.116215	16.661873	16.643318	
32	-3.295120	-3.315139	-0.659081	-0.679100	-10.686116	-10.704671	15.483055	15.463036	18.119094	18.099075	16.627593	16.609038	
33	-3.277553	-3.297573	-0.483418	-0.503438	-10.440189	-10.458743	15.307393	15.287373	18.101528	18.081508	16.592460	16.573905	
34	-3.259572	-3.279591	-0.303602	-0.323622	-10.188447	-10.207001	15.127577	15.107557	18.083546	18.063527	16.556497	16.537942	
35	-3.241186	-3.261205	-0.119741	-0.139761	-9.931041	-9.949596	14.943716	14.923696	18.065160	18.045141	16.519725	16.501170	
36	-3.222406	-3.242426	0.068054	0.048035	-9.668127	-9.686682	14.755920	14.735901	18.046381	18.026361	16.482166	16.463611	
37	-3.203244	-3.223264	0.259671	0.239652	-9.399863	-9.418418	14.564303	14.544284	18.027219	18.007199	16.443842	16.425287	
38	-3.183712	-3.203732	0.454994	0.434975	-9.126411	-9.144966	14.368981	14.348961	18.007687	17.987667	16.404778	16.386223	
39	-3.163821	-3.183841	0.653905	0.633886	-8.847936	-8.866491	14.170069	14.150050	17.987796	17.967776	16.364995	16.346441	
40	-3.143583	-3.163603	0.856285	0.836265	-8.564604	-8.583159	13.967690	13.947670	17.967558	17.947538	16.324519	16.305965	
41	-3.123010	-3.143030	1.062011	1.041991	-8.276588	-8.295143	13.761964	13.741944	17.946985	17.926966	16.283374	16.264820	
42	-3.102116	-3.122135	1.270960	1.250940	-7.984060	-8.002614	13.553015	13.532995	17.926090	17.906071	16.241584	16.223030	
43	-3.080911	-3.100931	1.483005	1.462986	-7.687196	-7.705751	13.340969	13.320950	17.904886	17.884866	16.199175	16.180621	
44	-3.059410	-3.079429	1.698020	1.678000	-7.386175	-7.404730	13.125955	13.105935	17.883384	17.863365	16.156172	16.137618	
45	-3.037624	-3.057644	1.915874	1.895854	-7.081180	-7.099734	12.908101	12.888081	17.861599	17.841579	16.112602	16.094047	
46	-3.015568	-3.035587	2.136436	2.116417	-6.772392	-6.790947	12.687538	12.667519	17.839543	17.819523	16.068489	16.049934	
47	-2.993254	-3.013274	2.359574	2.339554	-6.460000	-6.478554	12.464401	12.444381	17.817229	17.797209	16.023862	16.005307	
48	-2.970696	-2.990716	2.585153	2.565133	-6.144189	-6.162744	12.238822	12.218802	17.794671	17.774651	15.978746	15.960191	
49	-2.947908	-2.967927	2.813037	2.793017	-5.825152	-5.843706	12.010938	11.990918	17.771882	17.751863	15.933169	15.914614	
50	-2.924903	-2.944922	3.043088	3.023069	-5.503079	-5.521634	11.780886	11.760867	17.748877	17.728858	15.887159	15.868604	
51	-2.901695	-2.921714	3.275170	3.255150	-5.178166	-5.196720	11.548805	11.528786	17.725669	17.705650	15.840742	15.822188	
52	-2.878298	-2.898317	3.509140	3.489121	-4.850607	-4.869161	11.314834	11.294815	17.702272	17.682253	15.793948	15.775394	
53	-2.854726	-2.874745	3.744859	3.724840	-4.520600	-4.539154	11.079115	11.059096	17.678700	17.658681	15.746804	15.728250	
54	-2.830993	-2.851013	3.982185	3.962166	-4.188344	-4.206898	10.841789	10.821770	17.654968	17.634948	15.699339	15.680785	
55	-2.807114	-2.827134	4.220974	4.200955	-3.854039	-3.872593	10.603000	10.582981	17.631089	17.611069	15.651581	15.633027	
56	-2.783103	-2.803123	4.461084	4.441064	-3.517886	-3.536440	10.362891	10.342871	17.607078	17.587058	15.603560	15.585005	
57	-2.758975	-2.778994	4.702368	4.682348	-3.180088	-3.198642	10.121607	10.101587	17.582949	17.562930	15.555303	15.536748	
58	-2.734743	-2.754763	4.944682	4.924662	-2.840848	-2.859402	9.879293	9.859273	17.558718	17.538698	15.506840	15.488285	
59	-2.710424	-2.730443	5.187880	5.167860	-2.500371	-2.518925	9.636095	9.616075	17.534398	17.514379	15.458200	15.439646	
60	-2.686030	-2.706050	5.431815	5.411796	-2.158861	-2.177416	9.392159	9.372140	17.510005	17.489985	15.409413	15.390859	
61	-2.661577	-2.681597	5.676341	5.656321	-1.816525	-1.835080	9.147634	9.127614	17.485552	17.465532	15.360508	15.341953	
62	-2.637081	-2.657100	5.921310	5.901290	-1.473569	-1.492123	8.902665	8.882645	17.461055	17.441036	15.311514	15.292960	
63	-2.612554	-2.632574	6.166574	6.146554	-1.130198	-1.148753	8.657401	8.637381	17.436529	17.416509	15.262461	15.243907	
64	-2.588013	-2.608032	6.411986	6.391966	-0.786621	-0.805176	8.411989	8.391969	17.411987	17.391968	15.213379	15.194824	
65	-2.563472	-2.583491	6.657398	6.637378	-0.443044	-0.461599	8.166577	8.146557	17.387446	17.367427	15.164297	15.145742	
66	-2.538945	-2.558965	6.902661	6.882642	-0.099674	-0.118228	7.921313	7.901294	17.362920	17.342900	15.115244	15.096689	
67	-2.514448	-2.534468	7.147628	7.127608	0.243283	0.224728	7.676347	7.656327	17.338423	17.318403	15.066250	15.047695	
68	-2.489996	-2.510015	7.392090	7.372071	0.585619	0.567064	7.431884	7.411865	17.313970	17.293951	15.017345	14.998790	
69	-2.465602	-2.485622	7.636100	7.616081	0.927128	0.908574	7.187874	7.167855	17.289577	17.269557	14.968558	14.950003	
70	-2.441282	-2.461302	7.879295	7.859275	1.267605	1.249051	6.944680	6.924660	17.265257	17.245237	14.919918	14.901363	
71	-2.417051	-2.437070	8.121608	8.101589	1.606845	1.588291	6.702367	6.682347	17.241026	17.221006	14.871455	14.852901	
72	-2.392923	-2.412942	8.362892	8.342872	1.944643	1.926089	6.461083	6.441063	17.216897	17.196878	14.823198	14.804644	
73	-2.368912	-2.388931	8.603001	8.582981	2.280796	2.262241	6.220974	6.200954	17.192886	17.172867	14.775177	14.756622	
74	-2.345033	-2.365052	8.841790	8.821771	2.615101	2.596547	5.982185	5.962165	17.169007	17.148988	14.727419	14.708864	
75	-2.321300	-2.341320	9.079116	9.059096	2.947357	2.928803	5.744859	5.724839	17.145275	17.125255	14.679953	14.661399	
76	-2.297728	-2.317748	9.314835	9.294815	3.277364	3.258810	5.509140	5.489120	17.121703	17.101683	14.632810	14.614255	
77	-2.274331	-2.294351	9.548805	9.528786	3.604923	3.586368	5.275169	5.255150	17.098306	17.078286	14.586016	14.567461	
78	-2.251123	-2.271143	9.780886	9.760867	3.929837	3.911282	5.043088	5.023069	17.075098	17.055078	14.539599	14.521045	
79	-2.228118	-2.248137	10.010938	9.990919	4.251909	4.233355	4.813036	4.793017	17.052092	17.032073	14.493589	14.475034	
80	-2.205329	-2.225349	10.238822	10.218803	4.570947	4.552392	4.585153	4.565133	17.029304	17.009284	14.448012	14.429457	
81	-2.182772	-2.202791	10.464401	10.444381	4.886757	4.868202	4.359574	4.339554	17.006746	16.986727	14.402896	14.384342	
82	-2.160458	-2.180477	10.687539	10.667519	5.199150	5.180595	4.136436	4.116416	16.984432	16.964413	14.358269	14.339714	
83	-2.138402	-2.158421	10.908101	10.888081	5.507937	5.489383	3.915874	3.895854	16.962376	16.942357	14.314156	14.295602	
84	-2.116616	-2.136636	11.125955	11.105936	5.812933	5.794378	3.698020	3.678000	16.940591	16.920571	14.270586	14.252031	
85	-2.095115	-2.115134	11.340970	11.320950	6.113953	6.095399	3.483005	3.462986	16.919089	16.899070	14.227583	14.209028	
86	-2.073910	-2.093930	11.553015	11.532996	6.410817	6.392262	3.270960	3.250940	16.897885	16.877865	14.185174	14.166619	
87	-2.053015	-2.073035	11.761964	11.741944	6.703345	6.684791	3.062011	3.041991	16.876990	16.856970	14.143384	14.124829	
88	-2.032443	-2.052462	11.967690	11.947670	6.991362	6.972807	2.856285	2.836265	16.856417	16.836398	14.102239	14.083684	
89	-2.012205	-2.032224	12.170070	12.150050	7.274693	7.256139	2.653905	2.633886	16.836179	16.816160	14.061763	14.043208	
90	-1.992314	-2.012333	12.368981	12.348961	7.553169	7.534614	2.454994	2.434974	16.816288	16.796269	14.021980	14.003426	
91	-1.972781	-1.992801	12.564303	12.544284	7.826621	7.808066	2.259671	2.239652	16.796756	16.776736	13.982916	13.964361	
92	-1.953620	-1.973639	12.755920	12.735901	8.094885	8.076330	2.068054	2.048035	16.777594	16.757575	13.944593	13.926038	
93	-1.934840	-1.954860	12.943716	12.923696	8.357798	8.339244	1.880259	1.860239	16.758815	16.738795	13.907033	13.888479	
94	-1.916454	-1.936473	13.127577	13.107558	8.615204	8.596649	1.696398	1.676378	16.740428	16.720409	13.870261	13.851707	
95	-1.898472	-1.918492	13.307393	13.287373	8.866946	8.848392	1.516582	1.496562	16.722447	16.702427	13.834298	13.815743	
96	-1.880906	-1.900926	13.483055	13.463036	9.112874	9.094319	1.340919	1.320900	16.704881	16.684861	13.799166	13.780611	
97	-1.863766	-1.883785	13.654458	13.634439	9.352838	9.334283	1.169516	1.149497	16.687740	16.667721	13.764885	13.746330	
98	-1.847062	-1.867081	13.821499	13.801479	9.586694	9.568140	1.002476	0.982456	16.671036	16.651017	13.731477	13.712922	
99	-1.830804	-1.850824	13.984076	13.964056	9.814302	9.795748	0.839899	0.819879	16.654779	16.634759	13.698962	13.680407	
100	-1.815002	-1.835022	14.142092	14.122073	10.035525	10.016970	0.681883	0.661863	16.638977	16.618957	13.667358	13.648804	
101	-1.799666	-1.819686	14.295452	14.275432	10.250229	10.231674	0.528523	0.508503	16.623641	16.603621	13.636686	13.618132	
102	-1.784805	-1.804825	14.444063	14.424043	10.458284	10.439729	0.379912	0.359892	16.608780	16.588760	13.606964	13.588410	
103	-1.770428	-1.790448	14.587836	14.567816	10.659566	10.641011	0.236139	0.216119	16.594403	16.574383	13.578210	13.559655	
104	-1.756543	-1.776563	14.726684	14.706664	10.853953	10.835398	0.097291	0.077271	16.580518	16.560498	13.550440	13.531885	
105	-1.743159	-1.763179	14.860523	14.840504	11.041328	11.022774	-0.036549	-0.056568	16.567134	16.547114	13.523672	13.505118	
106	-1.730284	-1.750304	14.989274	14.969254	11.221579	11.203024	-0.165299	-0.185319	16.554259	16.534239	13.497922	13.479368	
107	-1.717926	-1.737945	15.112857	15.092838	11.394596	11.376042	-0.288883	-0.308902	16.541900	16.521881	13.473206	13.454651	
108	-1.706092	-1.726111	15.231200	15.211181	11.560276	11.541721	-0.407226	-0.427245	16.530066	16.510047	13.449537	13.430982	
109	-1.694789	-1.714808	15.344230	15.324211	11.718518	11.699964	-0.520256	-0.540275	16.518763	16.498744	13.426931	13.408376	
110	-1.684024	-1.704043	15.451880	15.431861	11.869228	11.850674	-0.627906	-0.647925	16.507998	16.487979	13.405401	13.386846	
111	-1.673803	-1.693823	15.554085	15.534065	12.012315	11.993760	-0.730110	-0.750130	16.497778	16.477758	13.384960	13.366406	
112	-1.664133	-1.684153	15.650783	15.630763	12.147691	12.129137	-0.826808	-0.846828	16.488108	16.468088	13.365621	13.347066	
113	-1.655020	-1.675040	15.741915	15.721896	12.275277	12.256722	-0.917941	-0.937960	16.478995	16.458975	13.347394	13.328840	
114	-1.646469	-1.666488	15.827428	15.807409	12.394995	12.376440	-1.003454	-1.023473	16.470443	16.450424	13.330292	13.311737	
115	-1.638485	-1.658504	15.907269	15.887250	12.506772	12.488217	-1.083295	-1.103314	16.462459	16.442440	13.314324	13.295769	
116	-1.631073	-1.651092	15.981391	15.961371	12.610542	12.591987	-1.157416	-1.177436	16.455047	16.435028	13.299500	13.280945	
117	-1.624237	-1.644256	16.049748	16.029729	12.706242	12.687687	-1.225774	-1.245793	16.448211	16.428192	13.285829	13.267274	
118	-1.617982	-1.638001	16.112300	16.092280	12.793814	12.775259	-1.288325	-1.308345	16.441956	16.421937	13.273319	13.254764	
119	-1.612311	-1.632330	16.169009	16.148989	12.873206	12.854651	-1.345034	-1.365054	16.436285	16.416266	13.261978	13.243423	
120	-1.607228	-1.627247	16.219840	16.199821	12.944369	12.925814	-1.395866	-1.415885	16.431202	16.411183	13.251812	13.233258	
121	-1.602735	-1.622755	16.264764	16.244744	13.007261	12.988706	-1.440789	-1.460809	16.426710	16.406690	13.242829	13.224274	
122	-1.598836	-1.618856	16.303753	16.283733	13.061843	13.043288	-1.479778	-1.499797	16.422811	16.402791	13.235033	13.216478	
123	-1.595533	-1.615553	16.336783	16.316763	13.108082	13.089528	-1.512808	-1.532828	16.419508	16.399488	13.228430	13.209875	
124	-1.592828	-1.612848	16.363835	16.343815	13.145949	13.127395	-1.539860	-1.559880	16.416803	16.396783	13.223025	13.204470	
125	-1.590722	-1.610742	16.384892	16.364872	13.175417	13.156863	-1.560917	-1.580937	16.414697	16.394677	13.218826	13.200271	
126	-1.589217	-1.609237	16.399942	16.379922	13.196453	13.177898	-1.575967	-1.595987	16.413192	16.393172	13.215850	13.197296	
127	-1.588314	-1.608334	16.408976	16.388956	13.208924	13.190369	-1.585001	-1.605021	16.412289	16.392269	13.214220	13.195665	
128	-1.588013	-1.608032	16.411987	16.391968	13.212280	13.193726	-1.588013	-1.608032	16.411987	16.391968	13.214478	13.195923	
129	-1.585001	-1.605021	16.412289	16.392269	13.214220	13.195665	-1.588314	-1.608334	16.408976	16.388956	13.208924	13.190369	
130	-1.575967	-1.595987	16.413192	16.393172	13.215850	13.197296	-1.589217	-1.609237	16.399942	16.379922	13.196453	13.177898	
131	-1.560917	-1.580937	16.414697	16.394677	13.218826	13.200271	-1.590722	-1.610742	16.384892	16.364872	13.175417	13.156863	
132	-1.539860	-1.559880	16.416803	16.396783	13.223025	13.204470	-1.592828	-1.612848	16.363835	16.343815	13.145949	13.127395	
133	-1.512808	-1.532828	16.419508	16.399488	13.228430	13.209875	-1.595533	-1.615553	16.336783	16.316763	13.108082	13.089528	
134	-1.479778	-1.499797	16.422811	16.402791	13.235033	13.216478	-1.598836	-1.618856	16.303753	16.283733	13.061843	13.043288	
135	-1.440789	-1.460809	16.426710	16.406690	13.242829	13.224274	-1.602735	-1.622755	16.264764	16.244744	13.007261	12.988706	
136	-1.395866	-1.415885	16.431202	16.411183	13.251812	13.233258	-1.607228	-1.627247	16.219840	16.199821	12.944369	12.925814	
137	-1.345034	-1.365054	16.436285	16.416266	13.261978	13.243423	-1.612311	-1.632330	16.169009	16.148989	12.873206	12.854651	
138	-1.288325	-1.308345	16.441956	16.421937	13.273319	13.254764	-1.617982	-1.638001	16.112300	16.092280	12.793814	12.775259	
139	-1.225774	-1.245793	16.448211	16.428192	13.285829	13.267274	-1.624237	-1.644256	16.049748	16.029729	12.706242	12.687687	
140	-1.157416	-1.177436	16.455047	16.435028	13.299500	13.280945	-1.631073	-1.651092	15.981391	15.961371	12.610542	12.591987	
141	-1.083295	-1.103314	16.462459	16.442440	13.314324	13.295769	-1.638485	-1.658504	15.907269	15.887250	12.506772	12.488217	
142	-1.003454	-1.023473	16.470443	16.450424	13.330292	13.311737	-1.646469	-1.666488	15.827428	15.807409	12.394995	12.376440	
143	-0.917941	-0.937960	16.478995	16.458975	13.347394	13.328840	-1.655020	-1.675040	15.741915	15.721896	12.275277	12.256722	
144	-0.826808	-0.846828	16.488108	16.468088	13.365621	13.347066	-1.664133	-1.684153	15.650783	15.630763	12.147691	12.129137	
145	-0.730110	-0.750130	16.497778	16.477758	13.384960	13.366406	-1.673803	-1.693823	15.554085	15.534065	12.012315	11.993760	
146	-0.627906	-0.647925	16.507998	16.487979	13.405401	13.386846	-1.684024	-1.704043	15.451880	15.431861	11.869228	11.850674	
147	-0.520256	-0.540275	16.518763	16.498744	13.426931	13.408376	-1.694789	-1.714808	15.344230	15.324211	11.718518	11.699964	
148	-0.407226	-0.427245	16.530066	16.510047	13.449537	13.430982	-1.706092	-1.726111	15.231200	15.211181	11.560276	11.541721	
149	-0.288883	-0.308902	16.541900	16.521881	13.473206	13.454651	-1.717926	-1.737945	15.112857	15.092838	11.394596	11.376042	
150	-0.165299	-0.185319	16.554259	16.534239	13.497922	13.479368	-1.730284	-1.750304	14.989274	14.969254	11.221579	11.203024	
151	-0.036549	-0.056568	16.567134	16.547114	13.523672	13.505118	-1.743159	-1.763179	14.860523	14.840504	11.041328	11.022774	
152	0.097291	0.077271	16.580518	16.560498	13.550440	13.531885	-1.756543	-1.776563	14.726684	14.706664	10.853953	10.835398	
153	0.236139	0.216119	16.594403	16.574383	13.578210	13.559655	-1.770428	-1.790448	14.587836	14.567816	10.659566	10.641011	
154	0.379912	0.359892	16.608780	16.588760	13.606964	13.588410	-1.784805	-1.804825	14.444063	14.424043	10.458284	10.439729	
155	0.528523	0.508503	16.623641	16.603621	13.636686	13.618132	-1.799666	-1.819686	14.295452	14.275432	10.250229	10.231674	
156	0.681883	0.661863	16.638977	16.618957	13.667358	13.648804	-1.815002	-1.835022	14.142092	14.122073	10.035525	10.016970	
157	0.839899	0.819879	16.654779	16.634759	13.698962	13.680407	-1.830804	-1.850824	13.984076	13.964056	9.814302	9.795748	
158	1.002476	0.982456	16.671036	16.651017	13.731477	13.712922	-1.847062	-1.867081	13.821499	13.801479	9.586694	9.568140	
159	1.169516	1.149497	16.687740	16.667721	13.764885	13.746330	-1.863766	-1.883785	13.654458	13.634439	9.352838	9.334283	
160	1.340919	1.320900	16.704881	16.684861	13.799166	13.780611	-1.880906	-1.900926	13.483055	13.463036	9.112874	9.094319	
161	1.516582	1.496562	16.722447	16.702427	13.834298	13.815743	-1.898472	-1.918492	13.307393	13.287373	8.866946	8.848392	
162	1.696398	1.676378	16.740428	16.720409	13.870261	13.851707	-1.916454	-1.936473	13.127577	13.107558	8.615204	8.596649	
163	1.880259	1.860239	16.758815	16.738795	13.907033	13.888479	-1.934840	-1.954860	12.943716	12.923696	8.357798	8.339244	
164	2.068054	2.048035	16.777594	16.757575	13.944593	13.926038	-1.953620	-1.973639	12.755920	12.735901	8.094885	8.076330	
165	2.259671	2.239652	16.796756	16.776736	13.982916	13.964361	-1.972781	-1.992801	12.564303	12.544284	7.826621	7.808066	
166	2.454994	2.434974	16.816288	16.796269	14.021980	14.003426	-1.992314	-2.012333	12.368981	12.348961	7.553169	7.534614	
167	2.653905	2.633886	16.836179	16.816160	14.061763	14.043208	-2.012205	-2.032224	12.170070	12.150050	7.274693	7.256139	
168	2.856285	2.836265	16.856417	16.836398	14.102239	14.083684	-2.032443	-2.052462	11.967690	11.947670	6.991362	6.972807	
169	3.062011	3.041991	16.876990	16.856970	14.143384	14.124829	-2.053015	-2.073035	11.761964	11.741944	6.703345	6.684791	
170	3.270960	3.250940	16.897885	16.877865	14.185174	14.166619	-2.073910	-2.093930	11.553015	11.532996	6.410817	6.392262	
171	3.483005	3.462986	16.919089	16.899070	14.227583	14.209028	-2.095115	-2.115134	11.340970	11.320950	6.113953	6.095399	
172	3.698020	3.678000	16.940591	16.920571	14.270586	14.252031	-2.116616	-2.136636	11.125955	11.105936	5.812933	5.794378	
173	3.915874	3.895854	16.962376	16.942357	14.314156	14.295602	-2.138402	-2.158421	10.908101	10.888081	5.507937	5.489383	
174	4.136436	4.116416	16.984432	16.964413	14.358269	14.339714	-2.160458	-2.180477	10.687539	10.667519	5.199150	5.180595	
175	4.359574	4.339554	17.006746	16.986727	14.402896	14.384342	-2.182772	-2.202791	10.464401	10.444381	4.886757	4.868202	
176	4.585153	4.565133	17.029304	17.009284	14.448012	14.429457	-2.205329	-2.225349	10.238822	10.218803	4.570947	4.552392	
177	4.813036	4.793017	17.052092	17.032073	14.493589	14.475034	-2.228118	-2.248137	10.010938	9.990919	4.251909	4.233355	
178	5.043088	5.023069	17.075098	17.055078	14.539599	14.521045	-2.251123	-2.271143	9.780886	9.760867	3.929837	3.911282	
179	5.275169	5.255150	17.098306	17.078286	14.586016	14.567461	-2.274331	-2.294351	9.548805	9.528786	3.604923	3.586368	
180	5.509140	5.489120	17.121703	17.101683	14.632810	14.614255	-2.297728	-2.317748	9.314835	9.294815	3.277364	3.258810	
181	5.744859	5.724839	17.145275	17.125255	14.679953	14.661399	-2.321300	-2.341320	9.079116	9.059096	2.947357	2.928803	
182	5.982185	5.962165	17.169007	17.148988	14.727419	14.708864	-2.345033	-2.365052	8.841790	8.821771	2.615101	2.596547	
183	6.220974	6.200954	17.192886	17.172867	14.775177	14.756622	-2.368912	-2.388931	8.603001	8.582981	2.280796	2.262241	
184	6.461083	6.441063	17.216897	17.196878	14.823198	14.804644	-2.392923	-2.412942	8.362892	8.342872	1.944643	1.926089	
185	6.702367	6.682347	17.241026	17.221006	14.871455	14.852901	-2.417051	-2.437070	8.121608	8.101589	1.606845	1.588291	
186	6.944680	6.924660	17.265257	17.245237	14.919918	14.901363	-2.441282	-2.461302	7.879295	7.859275	1.267605	1.249051	
187	7.187874	7.167855	17.289577	17.269557	14.968558	14.950003	-2.465602	-2.485622	7.636100	7.616081	0.927128	0.908574	
188	7.431884	7.411865	17.313970	17.293951	15.017345	14.998790	-2.489996	-2.510015	7.392090	7.372071	0.585619	0.567064	
189	7.676347	7.656327	17.338423	17.318403	15.066250	15.047695	-2.514448	-2.534468	7.147628	7.127608	0.243283	0.224728	
190	7.921313	7.901294	17.362920	17.342900	15.115244	15.096689	-2.538945	-2.558965	6.902661	6.882642	-0.099674	-0.118228	
191	8.166577	8.146557	17.387446	17.367427	15.164297	15.145742	-2.563472	-2.583491	6.657398	6.637378	-0.443044	-0.461599	
192	8.411989	8.391969	17.411987	17.391968	15.213379	15.194824	-2.588013	-2.608032	6.411986	6.391966	-0.786621	-0.805176	
193	8.657401	8.637381	17.436529	17.416509	15.262461	15.243907	-2.612554	-2.632574	6.166574	6.146554	-1.130198	-1.148753	
194	8.902665	8.882645	17.461055	17.441036	15.311514	15.292960	-2.637081	-2.657100	5.921310	5.901290	-1.473569	-1.492123	
195	9.147634	9.127614	17.485552	17.465532	15.360508	15.341953	-2.661577	-2.681597	5.676341	5.656321	-1.816525	-1.835080	
196	9.392159	9.372140	17.510005	17.489985	15.409413	15.390859	-2.686030	-2.706050	5.431815	5.411796	-2.158861	-2.177416	
197	9.636095	9.616075	17.534398	17.514379	15.458200	15.439646	-2.710424	-2.730443	5.187880	5.167860	-2.500371	-2.518925	
198	9.879293	9.859273	17.558718	17.538698	15.506840	15.488285	-2.734743	-2.754763	4.944682	4.924662	-2.840848	-2.859402	
199	10.121607	10.101587	17.582949	17.562930	15.555303	15.536748	-2.758975	-2.778994	4.702368	4.682348	-3.180088	-3.198642	
200	10.362891	10.342871	17.607078	17.587058	15.603560	15.585005	-2.783103	-2.803123	4.461084	4.441064	-3.517886	-3.536440	
201	10.603000	10.582981	17.631089	17.611069	15.651581	15.633027	-2.807114	-2.827134	4.220974	4.200955	-3.854039	-3.872593	
202	10.841789	10.821770	17.654968	17.634948	15.699339	15.680785	-2.830993	-2.851013	3.982185	3.962166	-4.188344	-4.206898	
203	11.079115	11.059096	17.678700	17.658681	15.746804	15.728250	-2.854726	-2.874745	3.744859	3.724840	-4.520600	-4.539154	
204	11.314834	11.294815	17.702272	17.682253	15.793948	15.775394	-2.878298	-2.898317	3.509140	3.489121	-4.850607	-4.869161	
205	11.548805	11.528786	17.725669	17.705650	15.840742	15.822188	-2.901695	-2.921714	3.275170	3.255150	-5.178166	-5.196720	
206	11.780886	11.760867	17.748877	17.728858	15.887159	15.868604	-2.924903	-2.944922	3.043088	3.023069	-5.503079	-5.521634	
207	12.010938	11.990918	17.771882	17.751863	15.933169	15.914614	-2.947908	-2.967927	2.813037	2.793017	-5.825152	-5.843706	
208	12.238822	12.218802	17.794671	17.774651	15.978746	15.960191	-2.970696	-2.990716	2.585153	2.565133	-6.144189	-6.162744	
209	12.464401	12.444381	17.817229	17.797209	16.023862	16.005307	-2.993254	-3.013274	2.359574	2.339554	-6.460000	-6.478554	
210	12.687538	12.667519	17.839543	17.819523	16.068489	16.049934	-3.015568	-3.035587	2.136436	2.116417	-6.772392	-6.790947	
211	12.908101	12.888081	17.861599	17.841579	16.112602	16.094047	-3.037624	-3.057644	1.915874	1.895854	-7.081180	-7.099734	
212	13.125955	13.105935	17.883384	17.863365	16.156172	16.137618	-3.059410	-3.079429	1.698020	1.678000	-7.386175	-7.404730	
213	13.340969	13.320950	17.904886	17.884866	16.199175	16.180621	-3.080911	-3.100931	1.483005	1.462986	-7.687196	-7.705751	
214	13.553015	13.532995	17.926090	17.906071	16.241584	16.223030	-3.102116	-3.122135	1.270960	1.250940	-7.984060	-8.002614	
215	13.761964	13.741944	17.946985	17.926966	16.283374	16.264820	-3.123010	-3.143030	1.062011	1.041991	-8.276588	-8.295143	
216	13.967690	13.947670	17.967558	17.947538	16.324519	16.305965	-3.143583	-3.163603	0.856285	0.836265	-8.564604	-8.583159	
217	14.170069	14.150050	17.987796	17.967776	16.364995	16.346441	-3.163821	-3.183841	0.653905	0.633886	-8.847936	-8.866491	
218	14.368981	14.348961	18.007687	17.987667	16.404778	16.386223	-3.183712	-3.203732	0.454994	0.434975	-9.126411	-9.144966	
219	14.564303	14.544284	18.027219	18.007199	16.443842	16.425287	-3.203244	-3.223264	0.259671	0.239652	-9.399863	-9.418418	
220	14.755920	14.735901	18.046381	18.026361	16.482166	16.463611	-3.222406	-3.242426	0.068054	0.048035	-9.668127	-9.686682	
221	14.943716	14.923696	18.065160	18.045141	16.519725	16.501170	-3.241186	-3.261205	-0.119741	-0.139761	-9.931041	-9.949596	
222	15.127577	15.107557	18.083546	18.063527	16.556497	16.537942	-3.259572	-3.279591	-0.303602	-0.323622	-10.188447	-10.207001	
223	15.307393	15.287373	18.101528	18.081508	16.592460	16.573905	-3.277553	-3.297573	-0.483418	-0.503438	-10.440189	-10.458743	
224	15.483055	15.463036	18.119094	18.099075	16.627593	16.609038	-3.295120	-3.315139	-0.659081	-0.679100	-10.686116	-10.704671	
225	15.654458	15.634439	18.136235	18.116215	16.661873	16.643318	-3.312260	-3.332279	-0.830484	-0.850503	-10.926080	-10.944635	
226	15.821499	15.801479	18.152939	18.132919	16.695281	16.676727	-3.328964	-3.348983	-0.997524	-1.017544	-11.159937	-11.178492	
227	15.984076	15.964056	18.169196	18.149177	16.727797	16.709242	-3.345222	-3.365241	-1.160101	-1.180121	-11.387545	-11.406100	
228	16.142092	16.122072	18.184998	18.164978	16.759400	16.740845	-3.361023	-3.381043	-1.318117	-1.338137	-11.608767	-11.627322	
229	16.295452	16.275432	18.200334	18.180314	16.790072	16.771517	-3.376359	-3.396379	-1.471477	-1.491497	-11.823471	-11.842026	
230	16.444063	16.424043	18.215195	18.195175	16.819794	16.801239	-3.391220	-3.411240	-1.620088	-1.640108	-12.031527	-12.050081	
231	16.587836	16.567816	18.229572	18.209553	16.848549	16.829994	-3.405598	-3.425617	-1.763861	-1.783881	-12.232809	-12.251363	
232	16.726684	16.706664	18.243457	18.223438	16.876318	16.857763	-3.419482	-3.439502	-1.902709	-1.922728	-12.427196	-12.445750	
233	16.860523	16.840504	18.256841	18.236821	16.903086	16.884531	-3.432866	-3.452886	-2.036548	-2.056568	-12.614571	-12.633126	
234	16.989274	16.969254	18.269716	18.249697	16.928836	16.910281	-3.445741	-3.465761	-2.165299	-2.185318	-12.794822	-12.813376	
235	17.112857	17.092838	18.282074	18.262055	16.953553	16.934998	-3.458100	-3.478119	-2.288883	-2.308902	-12.967839	-12.986394	
236	17.231200	17.211181	18.293909	18.273889	16.977221	16.958667	-3.469934	-3.489954	-2.407225	-2.427245	-13.133519	-13.152074	
237	17.344230	17.324211	18.305212	18.285192	16.999828	16.981273	-3.481237	-3.501257	-2.520256	-2.540275	-13.291761	-13.310316	
238	17.451880	17.431861	18.315977	18.295957	17.021358	17.002803	-3.492002	-3.512022	-2.627906	-2.647925	-13.442471	-13.461026	
239	17.554085	17.534065	18.326197	18.306178	17.041798	17.023244	-3.502223	-3.522242	-2.730110	-2.750130	-13.585558	-13.604112	
240	17.650783	17.630763	18.335867	18.315847	17.061138	17.042583	-3.511892	-3.531912	-2.826808	-2.846828	-13.720935	-13.739489	
241	17.741915	17.721896	18.344980	18.324961	17.079365	17.060810	-3.521006	-3.541025	-2.917941	-2.937960	-13.848520	-13.867075	
242	17.827428	17.807409	18.353531	18.333512	17.096467	17.077912	-3.529557	-3.549576	-3.003453	-3.023473	-13.968238	-13.986793	
243	17.907269	17.887250	18.361516	18.341496	17.112435	17.093881	-3.537541	-3.557561	-3.083295	-3.103314	-14.080016	-14.098570	
244	17.981391	17.961371	18.368928	18.348908	17.127260	17.108705	-3.544953	-3.564973	-3.157416	-3.177436	-14.183786	-14.202341	
245	18.049748	18.029729	18.375763	18.355744	17.140931	17.122376	-3.551789	-3.571808	-3.225773	-3.245793	-14.279486	-14.298041	
246	18.112300	18.092280	18.382019	18.361999	17.153441	17.134887	-3.558044	-3.578064	-3.288325	-3.308345	-14.367059	-14.385613	
247	18.169009	18.148989	18.387690	18.367670	17.164783	17.146229	-3.563715	-3.583734	-3.345034	-3.365054	-14.446451	-14.465006	
248	18.219840	18.199821	18.392773	18.372753	17.174950	17.156395	-3.568798	-3.588818	-3.395866	-3.415885	-14.517615	-14.536170	
249	18.264764	18.244744	18.397265	18.377246	17.183934	17.165380	-3.573290	-3.593310	-3.440789	-3.460809	-14.580508	-14.599063	
250	18.303753	18.283733	18.401164	18.381144	17.191732	17.173177	-3.577189	-3.597209	-3.479778	-3.499797	-14.635092	-14.653647	
251	18.336783	18.316763	18.404467	18.384447	17.198338	17.179783	-3.580492	-3.600512	-3.512808	-3.532828	-14.681335	-14.699889	
252	18.363835	18.343815	18.407172	18.387153	17.203748	17.185194	-3.583198	-3.603217	-3.539860	-3.559880	-14.719207	-14.737762	
253	18.384892	18.364872	18.409278	18.389258	17.207960	17.189405	-3.585303	-3.605323	-3.560917	-3.580937	-14.748688	-14.767242	
254	18.399942	18.379922	18.410783	18.390763	17.210970	17.192415	-3.586808	-3.606828	-3.575967	-3.595987	-14.769758	-14.788312	
255	18.408976	18.388956	18.411686	18.391667	17.212777	17.194222	-3.587712	-3.607731	-3.585001	-3.605021	-14.782405	-14.800959	
256	18.411987	18.391968	18.411987	18.391968	17.213379	17.194824	-3.588013	-3.608032	-3.588013	-3.608032	-14.786621	-14.805176	
257	18.406747	18.386728	18.410602	18.390582	17.212174	17.193619	-3.586627	-3.606647	-3.582773	-3.602792	-14.778189	-14.796743	
258	18.391033	18.371013	18.406442	18.386422	17.208552	17.189997	-3.582467	-3.602487	-3.567058	-3.587078	-14.752903	-14.771457	
259	18.364865	18.344845	18.399500	18.379481	17.202497	17.183942	-3.575525	-3.595545	-3.540890	-3.560910	-14.710798	-14.729353	
260	18.328276	18.308256	18.389763	18.369743	17.193979	17.175424	-3.565788	-3.585808	-3.504301	-3.524321	-14.651933	-14.670487	
261	18.281312	18.261293	18.377212	18.357193	17.182958	17.164403	-3.553238	-3.573257	-3.457338	-3.477357	-14.576387	-14.594942	
262	18.224034	18.204014	18.361825	18.341805	17.169382	17.150827	-3.537850	-3.557869	-3.400059	-3.420078	-14.484266	-14.502821	
263	18.156512	18.136492	18.343571	18.323551	17.153189	17.134634	-3.519596	-3.539616	-3.332537	-3.352557	-14.375696	-14.394250	
264	18.078833	18.058813	18.322418	18.302399	17.134305	17.115750	-3.498444	-3.518463	-3.254858	-3.274878	-14.250824	-14.269379	
265	17.991094	17.971074	18.298328	18.278308	17.112645	17.094090	-3.474353	-3.494373	-3.167119	-3.187139	-14.109823	-14.128378	
266	17.893405	17.873386	18.271257	18.251238	17.088115	17.069561	-3.447283	-3.467302	-3.069431	-3.089450	-13.952885	-13.971440	
267	17.785890	17.765870	18.241158	18.221139	17.060610	17.042055	-3.417184	-3.437203	-2.961915	-2.981935	-13.780224	-13.798779	
268	17.668683	17.648663	18.207980	18.187960	17.030015	17.011461	-3.384005	-3.404025	-2.844708	-2.864727	-13.592075	-13.610630	
269	17.541929	17.521910	18.171665	18.151646	16.996207	16.977653	-3.347691	-3.367710	-2.717955	-2.737974	-13.388695	-13.407249	
270	17.405789	17.385769	18.132155	18.112136	16.959053	16.940498	-3.308181	-3.328200	-2.581814	-2.601834	-13.170358	-13.188912	
271	17.260430	17.240410	18.089386	18.069367	16.918410	16.899856	-3.265412	-3.285431	-2.436455	-2.456475	-12.937359	-12.955914	
272	17.106033	17.086014	18.043291	18.023272	16.874131	16.855576	-3.219317	-3.239336	-2.282059	-2.302078	-12.690014	-12.708569	
273	16.942789	16.922770	17.993800	17.973781	16.826058	16.807503	-3.169826	-3.189845	-2.118814	-2.138834	-12.428654	-12.447209	
274	16.770899	16.750879	17.940840	17.920821	16.774028	16.755473	-3.116866	-3.136885	-1.946924	-1.966944	-12.153630	-12.172184	
275	16.590574	16.570554	17.884336	17.864316	16.717870	16.699315	-3.060361	-3.080381	-1.766599	-1.786619	-11.865308	-11.883863	
276	16.402034	16.382014	17.824209	17.804189	16.657408	16.638854	-3.000234	-3.020254	-1.578059	-1.598079	-11.564072	-11.582627	
277	16.205509	16.185489	17.760380	17.740360	16.592463	16.573908	-2.936405	-2.956425	-1.381534	-1.401554	-11.250321	-11.268876	
278	16.001237	15.981217	17.692767	17.672748	16.522846	16.504292	-2.868793	-2.888812	-1.177262	-1.197282	-10.924469	-10.943024	
279	15.789465	15.769445	17.621289	17.601269	16.448371	16.429816	-2.797314	-2.817333	-0.965490	-0.985510	-10.586943	-10.605498	
280	15.570447	15.550427	17.545860	17.525840	16.368842	16.350288	-2.721885	-2.741905	-0.746472	-0.766492	-10.238185	-10.256740	
281	15.344444	15.324425	17.466397	17.446377	16.284066	16.265512	-2.642422	-2.662442	-0.520470	-0.540489	-9.878648	-9.897202	
282	15.111726	15.091706	17.382815	17.362795	16.193845	16.175291	-2.558840	-2.578860	-0.287751	-0.307771	-9.508796	-9.527350	
283	14.872566	14.852547	17.295030	17.275010	16.097981	16.079427	-2.471055	-2.491075	-0.048592	-0.068611	-9.129105	-9.147659	
284	14.627247	14.607227	17.202958	17.182938	15.996275	15.977721	-2.378983	-2.399003	0.196728	0.176708	-8.740059	-8.758614	
285	14.376054	14.356034	17.106516	17.086496	15.888529	15.869974	-2.282541	-2.302561	0.447921	0.427902	-8.342154	-8.360709	
286	14.119277	14.099258	17.005622	16.985603	15.774546	15.755991	-2.181648	-2.201667	0.704697	0.684678	-7.935891	-7.954445	
287	13.857214	13.837194	16.900197	16.880178	15.654129	15.635575	-2.076222	-2.096242	0.966761	0.946741	-7.521777	-7.540332	
288	13.590162	13.570143	16.790162	16.770143	15.527087	15.508533	-1.966187	-1.986207	1.233813	1.213793	-7.100330	-7.118884	
289	13.318425	13.298406	16.675442	16.655422	15.393231	15.374676	-1.851467	-1.871487	1.505549	1.485530	-6.672067	-6.690622	
290	13.042309	13.022289	16.555963	16.535944	15.252374	15.233819	-1.731989	-1.752008	1.781666	1.761647	-6.237513	-6.256068	
291	12.762120	12.742100	16.431658	16.411638	15.104336	15.085781	-1.607683	-1.627702	2.061855	2.041835	-5.797195	-5.815750	
292	12.478169	12.458150	16.302458	16.282439	14.948942	14.930388	-1.478484	-1.498503	2.345805	2.325786	-5.351643	-5.370197	
293	12.190767	12.170747	16.168303	16.148284	14.786025	14.767470	-1.344329	-1.364348	2.633208	2.613188	-4.901386	-4.919941	
294	11.900224	11.880205	16.029135	16.009116	14.615422	14.596867	-1.205161	-1.225180	2.923750	2.903731	-4.446956	-4.465511	
295	11.606854	11.586834	15.884901	15.864882	14.436980	14.418425	-1.060927	-1.080946	3.217121	3.197101	-3.988883	-4.007437	
296	11.310967	11.290947	15.735554	15.715534	14.250553	14.231998	-0.911579	-0.931599	3.513008	3.492988	-3.527695	-3.546249	
297	11.012873	10.992854	15.581050	15.561030	14.056006	14.037451	-0.757075	-0.777094	3.811101	3.791082	-3.063918	-3.082472	
298	10.712883	10.692863	15.421353	15.401333	13.853213	13.834658	-0.597378	-0.617397	4.111092	4.091072	-2.598075	-2.616630	
299	10.411303	10.391284	15.256432	15.236413	13.642058	13.623504	-0.432457	-0.452477	4.412671	4.392652	-2.130684	-2.149239	
300	10.108439	10.088420	15.086264	15.066245	13.422437	13.403883	-0.262289	-0.282309	4.715535	4.695516	-1.662258	-1.680813	
301	9.804593	9.784574	14.910831	14.890812	13.194258	13.175703	-0.086856	-0.106876	5.019381	4.999362	-1.193305	-1.211859	
302	9.500064	9.480045	14.730123	14.710103	12.957440	12.938886	0.093852	0.073832	5.323910	5.303891	-0.724323	-0.742878	
303	9.195148	9.175128	14.544136	14.524117	12.711917	12.693362	0.279838	0.259819	5.628827	5.608807	-0.255805	-0.274360	
304	8.890135	8.870115	14.352876	14.332857	12.457634	12.439080	0.471098	0.451079	5.933840	5.913821	0.211764	0.193210	
305	8.585311	8.565292	14.156355	14.136335	12.194553	12.175998	0.667620	0.647600	6.238663	6.218644	0.677912	0.659357	
306	8.280959	8.260940	13.954593	13.934573	11.922648	11.904093	0.869382	0.849362	6.543015	6.522996	1.142173	1.123618	
307	7.977355	7.957335	13.747619	13.727599	11.641909	11.623355	1.076356	1.056336	6.846620	6.826600	1.604094	1.585539	
308	7.674768	7.654748	13.535471	13.515451	11.352343	11.333788	1.288504	1.268485	7.149207	7.129187	2.063233	2.044678	
309	7.373462	7.353443	13.318194	13.298174	11.053969	11.035414	1.505781	1.485761	7.450512	7.430493	2.519160	2.500606	
310	7.073696	7.053676	13.095844	13.075824	10.746826	10.728271	1.728131	1.708111	7.750279	7.730259	2.971460	2.952905	
311	6.775719	6.755699	12.868484	12.848465	10.430967	10.412412	1.955490	1.935471	8.048256	8.028236	3.419727	3.401172	
312	6.479774	6.459755	12.636189	12.616169	10.106463	10.087908	2.187786	2.167766	8.344200	8.324181	3.863572	3.845017	
313	6.186098	6.166079	12.399039	12.379020	9.773402	9.754847	2.424935	2.404916	8.637876	8.617857	4.302621	4.284066	
314	5.894919	5.874899	12.157128	12.137108	9.431888	9.413333	2.666847	2.646827	8.929056	8.909036	4.736512	4.717957	
315	5.606456	5.586436	11.910556	11.890536	9.082044	9.063489	2.913419	2.893399	9.217519	9.197499	5.164902	5.146347	
316	5.320921	5.300901	11.659434	11.639414	8.724009	8.705455	3.164541	3.144522	9.503054	9.483034	5.587460	5.568905	
317	5.038517	5.018497	11.403882	11.383862	8.357942	8.339387	3.420093	3.400073	9.785458	9.765438	6.003875	5.985320	
318	4.759439	4.739419	11.144030	11.124010	7.984017	7.965462	3.679945	3.659925	10.064536	10.044516	6.413850	6.395295	
319	4.483873	4.463854	10.880019	10.859999	7.602426	7.583872	3.943956	3.923936	10.340101	10.320082	6.817104	6.798549	
320	4.213635	4.193616	10.610339	10.590320	7.214478	7.195923	4.210339	4.190320	10.613635	10.593616	7.212280	7.193726	
321	3.943956	3.923936	10.340101	10.320082	6.817104	6.798549	4.483873	4.463854	10.880019	10.859999	7.602426	7.583872	
322	3.679945	3.659925	10.064536	10.044516	6.413850	6.395295	4.759439	4.739419	11.144030	11.124010	7.984017	7.965462	
323	3.420093	3.400073	9.785458	9.765438	6.003875	5.985320	5.038517	5.018497	11.403882	11.383862	8.357942	8.339387	
324	3.164541	3.144522	9.503054	9.483034	5.587460	5.568905	5.320921	5.300901	11.659434	11.639414	8.724009	8.705455	
325	2.913419	2.893399	9.217519	9.197499	5.164902	5.146347	5.606456	5.586436	11.910556	11.890536	9.082044	9.063489	
326	2.666847	2.646827	8.929056	8.909036	4.736512	4.717957	5.894919	5.874899	12.157128	12.137108	9.431888	9.413333	
327	2.424935	2.404916	8.637876	8.617857	4.302621	4.284066	6.186098	6.166079	12.399039	12.379020	9.773402	9.754847	
328	2.187786	2.167766	8.344200	8.324181	3.863572	3.845017	6.479774	6.459755	12.636189	12.616169	10.106463	10.087908	
329	1.955490	1.935471	8.048256	8.028236	3.419727	3.401172	6.775719	6.755699	12.868484	12.848465	10.430967	10.412412	
330	1.728131	1.708111	7.750279	7.730259	2.971460	2.952905	7.073696	7.053676	13.095844	13.075824	10.746826	10.728271	
331	1.505781	1.485761	7.450512	7.430493	2.519160	2.500606	7.373462	7.353443	13.318194	13.298174	11.053969	11.035414	
332	1.288504	1.268485	7.149207	7.129187	2.063233	2.044678	7.674768	7.654748	13.535471	13.515451	11.352343	11.333788	
333	1.076356	1.056336	6.846620	6.826600	1.604094	1.585539	7.977355	7.957335	13.747619	13.727599	11.641909	11.623355	
334	0.869382	0.849362	6.543015	6.522996	1.142173	1.123618	8.280959	8.260940	13.954593	13.934573	11.922648	11.904093	
335	0.667620	0.647600	6.238663	6.218644	0.677912	0.659357	8.585311	8.565292	14.156355	14.136335	12.194553	12.175998	
336	0.471098	0.451079	5.933840	5.913821	0.211764	0.193210	8.890135	8.870115	14.352876	14.332857	12.457634	12.439080	
337	0.279838	0.259819	5.628827	5.608807	-0.255805	-0.274360	9.195148	9.175128	14.544136	14.524117	12.711917	12.693362	
338	0.093852	0.073832	5.323910	5.303891	-0.724323	-0.742878	9.500064	9.480045	14.730123	14.710103	12.957440	12.938886	
339	-0.086856	-0.106876	5.019381	4.999362	-1.193305	-1.211859	9.804593	9.784574	14.910831	14.890812	13.194258	13.175703	
340	-0.262289	-0.282309	4.715535	4.695516	-1.662258	-1.680813	10.108439	10.088420	15.086264	15.066245	13.422437	13.403883	
341	-0.432457	-0.452477	4.412671	4.392652	-2.130684	-2.149239	10.411303	10.391284	15.256432	15.236413	13.642058	13.623504	
342	-0.597378	-0.617397	4.111092	4.091072	-2.598075	-2.616630	10.712883	10.692863	15.421353	15.401333	13.853213	13.834658	
343	-0.757075	-0.777094	3.811101	3.791082	-3.063918	-3.082472	11.012873	10.992854	15.581050	15.561030	14.056006	14.037451	
344	-0.911579	-0.931599	3.513008	3.492988	-3.527695	-3.546249	11.310967	11.290947	15.735554	15.715534	14.250553	14.231998	
345	-1.060927	-1.080946	3.217121	3.197101	-3.988883	-4.007437	11.606854	11.586834	15.884901	15.864882	14.436980	14.418425	
346	-1.205161	-1.225180	2.923750	2.903731	-4.446956	-4.465511	11.900224	11.880205	16.029135	16.009116	14.615422	14.596867	
347	-1.344329	-1.364348	2.633208	2.613188	-4.901386	-4.919941	12.190767	12.170747	16.168303	16.148284	14.786025	14.767470	
348	-1.478484	-1.498503	2.345805	2.325786	-5.351643	-5.370197	12.478169	12.458150	16.302458	16.282439	14.948942	14.930388	
349	-1.607683	-1.627702	2.061855	2.041835	-5.797195	-5.815750	12.762120	12.742100	16.431658	16.411638	15.104336	15.085781	
350	-1.731989	-1.752008	1.781666	1.761647	-6.237513	-6.256068	13.042309	13.022289	16.555963	16.535944	15.252374	15.233819	
351	-1.851467	-1.871487	1.505549	1.485530	-6.672067	-6.690622	13.318425	13.298406	16.675442	16.655422	15.393231	15.374676	
352	-1.966187	-1.986207	1.233813	1.213793	-7.100330	-7.118884	13.590162	13.570143	16.790162	16.770143	15.527087	15.508533	
353	-2.076222	-2.096242	0.966761	0.946741	-7.521777	-7.540332	13.857214	13.837194	16.900197	16.880178	15.654129	15.635575	
354	-2.181648	-2.201667	0.704697	0.684678	-7.935891	-7.954445	14.119277	14.099258	17.005622	16.985603	15.774546	15.755991	
355	-2.282541	-2.302561	0.447921	0.427902	-8.342154	-8.360709	14.376054	14.356034	17.106516	17.086496	15.888529	15.869974	
356	-2.378983	-2.399003	0.196728	0.176708	-8.740059	-8.758614	14.627247	14.607227	17.202958	17.182938	15.996275	15.977721	
357	-2.471055	-2.491075	-0.048592	-0.068611	-9.129105	-9.147659	14.872566	14.852547	17.295030	17.275010	16.097981	16.079427	
358	-2.558840	-2.578860	-0.287751	-0.307771	-9.508796	-9.527350	15.111726	15.091706	17.382815	17.362795	16.193845	16.175291	
359	-2.642422	-2.662442	-0.520470	-0.540489	-9.878648	-9.897202	15.344444	15.324425	17.466397	17.446377	16.284066	16.265512	
360	-2.721885	-2.741905	-0.746472	-0.766492	-10.238185	-10.256740	15.570447	15.550427	17.545860	17.525840	16.368842	16.350288	
361	-2.797314	-2.817333	-0.965490	-0.985510	-10.586943	-10.605498	15.789465	15.769445	17.621289	17.601269	16.448371	16.429816	
362	-2.868793	-2.888812	-1.177262	-1.197282	-10.924469	-10.943024	16.001237	15.981217	17.692767	17.672748	16.522846	16.504292	
363	-2.936405	-2.956425	-1.381534	-1.401554	-11.250321	-11.268876	16.205509	16.185489	17.760380	17.740360	16.592463	16.573908	
364	-3.000234	-3.020254	-1.578059	-1.598079	-11.564072	-11.582627	16.402034	16.382014	17.824209	17.804189	16.657408	16.638854	
365	-3.060361	-3.080381	-1.766599	-1.786619	-11.865308	-11.883863	16.590574	16.570554	17.884336	17.864316	16.717870	16.699315	
366	-3.116866	-3.136885	-1.946924	-1.966944	-12.153630	-12.172184	16.770899	16.750879	17.940840	17.920821	16.774028	16.755473	
367	-3.169826	-3.189845	-2.118814	-2.138834	-12.428654	-12.447209	16.942789	16.922770	17.993800	17.973781	16.826058	16.807503	
368	-3.219317	-3.239336	-2.282059	-2.302078	-12.690014	-12.708569	17.106033	17.086014	18.043291	18.023272	16.874131	16.855576	
369	-3.265412	-3.285431	-2.436455	-2.456475	-12.937359	-12.955914	17.260430	17.240410	18.089386	18.069367	16.918410	16.899856	
370	-3.308181	-3.328200	-2.581814	-2.601834	-13.170358	-13.188912	17.405789	17.385769	18.132155	18.112136	16.959053	16.940498	
371	-3.347691	-3.367710	-2.717955	-2.737974	-13.388695	-13.407249	17.541929	17.521910	18.171665	18.151646	16.996207	16.977653	
372	-3.384005	-3.404025	-2.844708	-2.864727	-13.592075	-13.610630	17.668683	17.648663	18.207980	18.187960	17.030015	17.011461	
373	-3.417184	-3.437203	-2.961915	-2.981935	-13.780224	-13.798779	17.785890	17.765870	18.241158	18.221139	17.060610	17.042055	
374	-3.447283	-3.467302	-3.069431	-3.089450	-13.952885	-13.971440	17.893405	17.873386	18.271257	18.251238	17.088115	17.069561	
375	-3.474353	-3.494373	-3.167119	-3.187139	-14.109823	-14.128378	17.991094	17.971074	18.298328	18.278308	17.112645	17.094090	
376	-3.498444	-3.518463	-3.254858	-3.274878	-14.250824	-14.269379	18.078833	18.058813	18.322418	18.302399	17.134305	17.115750	
377	-3.519596	-3.539616	-3.332537	-3.352557	-14.375696	-14.394250	18.156512	18.136492	18.343571	18.323551	17.153189	17.134634	
378	-3.537850	-3.557869	-3.400059	-3.420078	-14.484266	-14.502821	18.224034	18.204014	18.361825	18.341805	17.169382	17.150827	
379	-3.553238	-3.573257	-3.457338	-3.477357	-14.576387	-14.594942	18.281312	18.261293	18.377212	18.357193	17.182958	17.164403	
380	-3.565788	-3.585808	-3.504301	-3.524321	-14.651933	-14.670487	18.328276	18.308256	18.389763	18.369743	17.193979	17.175424	
381	-3.575525	-3.595545	-3.540890	-3.560910	-14.710798	-14.729353	18.364865	18.344845	18.399500	18.379481	17.202497	17.183942	
382	-3.582467	-3.602487	-3.567058	-3.587078	-14.752903	-14.771457	18.391033	18.371013	18.406442	18.386422	17.208552	17.189997	
383	-3.586627	-3.606647	-3.582773	-3.602792	-14.778189	-14.796743	18.406747	18.386728	18.410602	18.390582	17.212174	17.193619	
384	-3.588013	-3.608032	-3.588013	-3.608032	-14.786621	-14.805176	18.411987	18.391968	18.411987	18.391968	17.213379	17.194824	
