#p	a1_up	a1_dn	b1_up	b1_dn	c1_up	c1_dn	a2_up	a2_dn	b2_up	b2_dn	c2_up	c2_dn	NaN
0	-9.361072	-6.304737	-9.361072	-6.304737	-19.812533	-16.861483	12.644153	15.700488	12.644153	15.700488	12.189974	15.141024	
1	-9.360771	-6.304435	-9.358061	-6.301725	-19.808316	-16.857266	12.641142	15.697477	12.643852	15.700187	12.189372	15.140422	
2	-9.359868	-6.303532	-9.349029	-6.292694	-19.795670	-16.844620	12.632110	15.688446	12.642949	15.699284	12.187566	15.138616	
3	-9.358363	-6.302028	-9.333983	-6.277648	-19.774601	-16.823551	12.617064	15.673400	12.641444	15.697780	12.184557	15.135606	
4	-9.356258	-6.299922	-9.312931	-6.256595	-19.745122	-16.794072	12.596012	15.652347	12.639339	15.695674	12.180347	15.131396	
5	-9.353553	-6.297218	-9.285885	-6.229550	-19.707251	-16.756201	12.568966	15.625302	12.636634	15.692970	12.174938	15.125988	
6	-9.350251	-6.293916	-9.252863	-6.196528	-19.661011	-16.709961	12.535944	15.592280	12.633332	15.689668	12.168334	15.119384	
7	-9.346353	-6.290018	-9.213884	-6.157548	-19.606429	-16.655379	12.496965	15.553300	12.629434	15.685770	12.160539	15.111588	
8	-9.341862	-6.285526	-9.168971	-6.112636	-19.543539	-16.592489	12.452052	15.508388	12.624943	15.681278	12.151557	15.102607	
9	-9.336780	-6.280444	-9.118152	-6.061817	-19.472378	-16.521328	12.401233	15.457569	12.619861	15.676196	12.141394	15.092444	
10	-9.331110	-6.274775	-9.061458	-6.005122	-19.392989	-16.441939	12.344539	15.400874	12.614191	15.670527	12.130056	15.081105	
11	-9.324857	-6.268521	-8.998922	-5.942586	-19.305421	-16.354371	12.282003	15.338338	12.607938	15.664273	12.117549	15.068599	
12	-9.318023	-6.261687	-8.930582	-5.874246	-19.209725	-16.258675	12.213663	15.269998	12.601104	15.657439	12.103882	15.054932	
13	-9.310612	-6.254277	-8.856479	-5.800144	-19.105960	-16.154910	12.139560	15.195896	12.593693	15.650029	12.089063	15.040113	
14	-9.302630	-6.246295	-8.776659	-5.720324	-18.994187	-16.043137	12.059740	15.116076	12.585711	15.642046	12.073100	15.024150	
15	-9.294081	-6.237745	-8.691169	-5.634834	-18.874475	-15.923425	11.974250	15.030586	12.577162	15.633497	12.056003	15.007053	
16	-9.284970	-6.228634	-8.600061	-5.543726	-18.746896	-15.795846	11.883143	14.939478	12.568051	15.624386	12.037783	14.988833	
17	-9.275302	-6.218967	-8.503390	-5.447055	-18.611525	-15.660476	11.786472	14.842807	12.558383	15.614719	12.018450	14.969500	
18	-9.265084	-6.208749	-8.401215	-5.344879	-18.468446	-15.517396	11.684296	14.740631	12.548165	15.604501	11.998016	14.949066	
19	-9.254322	-6.197986	-8.293596	-5.237260	-18.317744	-15.366694	11.576677	14.633012	12.537403	15.593738	11.976493	14.927543	
20	-9.243022	-6.186686	-8.180599	-5.124263	-18.159509	-15.208459	11.463680	14.520015	12.526103	15.582438	11.953895	14.904945	
21	-9.231190	-6.174855	-8.062292	-5.005956	-17.993838	-15.042788	11.345373	14.401708	12.514271	15.570607	11.930235	14.881285	
22	-9.218835	-6.162499	-7.938746	-4.882411	-17.820829	-14.869779	11.221827	14.278163	12.501916	15.558251	11.905527	14.856577	
23	-9.205963	-6.149627	-7.810036	-4.753701	-17.640588	-14.689538	11.093118	14.149453	12.489044	15.545379	11.879787	14.830836	
24	-9.192582	-6.136247	-7.676241	-4.619905	-17.453223	-14.502173	10.959322	14.015657	12.475663	15.531999	11.853029	14.804078	
25	-9.178701	-6.122365	-7.537439	-4.481104	-17.258846	-14.307796	10.820520	13.876856	12.461782	15.518117	11.825269	14.776319	
26	-9.164327	-6.107992	-7.393716	-4.337381	-17.057575	-14.106525	10.676797	13.733133	12.447408	15.503744	11.796526	14.747576	
27	-9.149470	-6.093134	-7.245158	-4.188823	-16.849531	-13.898481	10.528240	13.584575	12.432551	15.488886	11.766815	14.717865	
28	-9.134137	-6.077802	-7.091856	-4.035520	-16.634839	-13.683790	10.374937	13.431272	12.417219	15.473554	11.736155	14.687205	
29	-9.118340	-6.062004	-6.933900	-3.877565	-16.413630	-13.462580	10.216981	13.273317	12.401421	15.457756	11.704565	14.655615	
30	-9.102086	-6.045751	-6.771388	-3.715052	-16.186035	-13.234985	10.054469	13.110804	12.385167	15.441503	11.672063	14.623113	
31	-9.085386	-6.029051	-6.604416	-3.548081	-15.952192	-13.001142	9.887498	12.943833	12.368467	15.424803	11.638669	14.589718	
32	-9.068250	-6.011915	-6.433087	-3.376752	-15.712243	-12.761193	9.716169	12.772504	12.351331	15.407667	11.604403	14.555452	
33	-9.050688	-5.994353	-6.257504	-3.201169	-15.466331	-12.515281	9.540585	12.596921	12.333769	15.390105	11.569285	14.520335	
34	-9.032711	-5.976376	-6.077773	-3.021438	-15.214604	-12.263554	9.360854	12.417190	12.315792	15.372128	11.533338	14.484388	
35	-9.014330	-5.957994	-5.894003	-2.837667	-14.957215	-12.006166	9.177084	12.233419	12.297411	15.353746	11.496583	14.447632	
36	-8.995555	-5.939220	-5.706305	-2.649969	-14.694319	-11.743269	8.989386	12.045721	12.278636	15.334972	11.459041	14.410091	
37	-8.976398	-5.920063	-5.514793	-2.458457	-14.426073	-11.475024	8.797874	11.854209	12.259479	15.315815	11.420736	14.371786	
38	-8.956871	-5.900536	-5.319583	-2.263247	-14.152640	-11.201591	8.602664	11.658999	12.239952	15.296287	11.381690	14.332740	
39	-8.936985	-5.880649	-5.120793	-2.064457	-13.874185	-10.923135	8.403874	11.460209	12.220066	15.276401	11.341928	14.292978	
40	-8.916752	-5.860417	-4.918544	-1.862209	-13.590874	-10.639824	8.201626	11.257961	12.199833	15.256169	11.301473	14.252522	
41	-8.896185	-5.839849	-4.712960	-1.656625	-13.302879	-10.351829	7.996041	11.052377	12.179266	15.235601	11.260349	14.211399	
42	-8.875295	-5.818960	-4.504165	-1.447830	-13.010373	-10.059323	7.787246	10.843582	12.158376	15.214712	11.218582	14.169632	
43	-8.854096	-5.797761	-4.292287	-1.235951	-12.713533	-9.762483	7.575368	10.631703	12.137177	15.193513	11.176196	14.127246	
44	-8.832601	-5.776265	-4.077455	-1.021119	-12.412537	-9.461487	7.360536	10.416871	12.115682	15.172017	11.133218	14.084268	
45	-8.810821	-5.754485	-3.859800	-0.803464	-12.107567	-9.156517	7.142881	10.199216	12.093902	15.150237	11.089673	14.040722	
46	-8.788770	-5.732435	-3.639456	-0.583120	-11.798806	-8.847757	6.922537	9.978872	12.071852	15.128187	11.045587	13.996637	
47	-8.766463	-5.710127	-3.416558	-0.360222	-11.486441	-8.535392	6.699639	9.755974	12.049544	15.105879	11.000987	13.952037	
48	-8.743911	-5.687575	-3.191245	-0.134909	-11.170660	-8.219610	6.474326	9.530661	12.026992	15.083327	10.955900	13.906950	
49	-8.721128	-5.664793	-2.963655	0.092680	-10.851653	-7.900603	6.246736	9.303072	12.004209	15.060545	10.910354	13.861404	
50	-8.698129	-5.641794	-2.733932	0.322404	-10.529612	-7.578562	6.017013	9.073348	11.981210	15.037546	10.864375	13.815425	
51	-8.674928	-5.618592	-2.502219	0.554117	-10.204732	-7.253682	5.785300	8.841635	11.958009	15.014344	10.817992	13.769042	
52	-8.651537	-5.595201	-2.268663	0.787672	-9.877207	-6.926158	5.551744	8.608080	11.934618	14.990953	10.771233	13.722283	
53	-8.627971	-5.571636	-2.033416	1.022919	-9.547237	-6.596187	5.316497	8.372833	11.911052	14.967388	10.724125	13.675175	
54	-8.604245	-5.547910	-1.796631	1.259705	-9.215018	-6.263969	5.079712	8.136047	11.887326	14.943662	10.676698	13.627747	
55	-8.580373	-5.524037	-1.558466	1.497869	-8.880753	-5.929703	4.841547	7.897883	11.863454	14.919789	10.628979	13.580029	
56	-8.556368	-5.500033	-1.319086	1.737249	-8.544641	-5.593591	4.602167	7.658503	11.839450	14.895785	10.580999	13.532048	
57	-8.532247	-5.475911	-1.078665	1.977671	-8.206886	-5.255836	4.361746	7.418081	11.815328	14.871663	10.532785	13.483835	
58	-8.508022	-5.451687	-0.837386	2.218950	-7.867692	-4.916642	4.120467	7.176802	11.791103	14.847439	10.484367	13.435417	
59	-8.483709	-5.427374	-0.595451	2.460884	-7.527262	-4.576212	3.878532	6.934868	11.766790	14.823126	10.435775	13.386825	
60	-8.459322	-5.402987	-0.353092	2.703243	-7.185802	-4.234752	3.636173	6.692509	11.742403	14.798739	10.387038	13.338088	
61	-8.434877	-5.378541	-0.110586	2.945749	-6.843518	-3.892468	3.393667	6.450003	11.717958	14.774293	10.338185	13.289234	
62	-8.410387	-5.354051	0.131706	3.188042	-6.500616	-3.549566	3.151375	6.207710	11.693468	14.749803	10.289245	13.240295	
63	-8.385867	-5.329532	0.373261	3.429596	-6.157303	-3.206253	2.909820	5.966156	11.668948	14.725284	10.240250	13.191299	
64	-8.361333	-5.304998	0.613201	3.669537	-5.813786	-2.862736	2.669880	5.726215	11.644414	14.700750	10.191227	13.142277	
65	-8.336799	-5.280464	0.849780	3.906116	-5.470272	-2.519222	2.433301	5.489636	11.619880	14.676215	10.142208	13.093257	
66	-8.312280	-5.255944	1.078609	4.134944	-5.126968	-2.175918	2.204472	5.260808	11.595361	14.651696	10.093221	13.044271	
67	-8.287790	-5.231454	1.284658	4.340994	-4.784081	-1.833031	1.998423	5.054758	11.570871	14.627206	10.044297	12.995347	
68	-8.263344	-5.207009	1.400968	4.457304	-4.441818	-1.490768	1.882113	4.938448	11.546426	14.602761	9.995465	12.946515	
69	-8.238958	-5.182623	1.969726	5.026061	-4.100386	-1.149336	1.313355	4.369691	11.522039	14.578375	9.946755	12.897805	
70	-8.214645	-5.158310	2.166760	5.223096	-3.759990	-0.808940	1.116321	4.172656	11.497727	14.554062	9.898197	12.849247	
71	-8.190421	-5.134086	2.390567	5.446903	-3.420836	-0.469786	0.892514	3.948849	11.473502	14.529838	9.849820	12.800870	
72	-8.166300	-5.109965	2.622203	5.678538	-3.083128	-0.132079	0.660878	3.717214	11.449381	14.505716	9.801654	12.752703	
73	-8.142296	-5.085961	2.856445	5.912780	-2.747071	0.203979	0.426636	3.482972	11.425377	14.481713	9.753728	12.704777	
74	-8.118425	-5.062089	3.091304	6.147640	-2.412867	0.538183	0.191777	3.248112	11.401506	14.457841	9.706071	12.657121	
75	-8.094699	-5.038364	3.325820	6.382155	-2.080718	0.870332	-0.042739	3.013597	11.377780	14.434116	9.658713	12.609763	
76	-8.071134	-5.014799	3.559432	6.615767	-1.750825	1.200225	-0.276351	2.779985	11.354215	14.410551	9.611682	12.562732	
77	-8.047744	-4.991409	3.791766	6.848102	-1.423386	1.527664	-0.508685	2.547650	11.330825	14.387161	9.565009	12.516058	
78	-8.024543	-4.968208	4.022541	7.078876	-1.098600	1.852449	-0.739460	2.316876	11.307625	14.363960	9.518720	12.469770	
79	-8.001545	-4.945210	4.251526	7.307862	-0.776664	2.174386	-0.968445	2.087890	11.284626	14.340962	9.472845	12.423895	
80	-7.978764	-4.922429	4.478524	7.534859	-0.457770	2.493279	-1.195443	1.860893	11.261845	14.318181	9.427413	12.378463	
81	-7.956213	-4.899878	4.703355	7.759690	-0.142114	2.808936	-1.420274	1.636062	11.239294	14.295630	9.382451	12.333501	
82	-7.933906	-4.877571	4.925854	7.982190	0.170115	3.121165	-1.642773	1.413562	11.216987	14.273323	9.337988	12.289037	
83	-7.911857	-4.855522	5.145865	8.202200	0.478727	3.429777	-1.862784	1.193552	11.194938	14.251274	9.294050	12.245100	
84	-7.890079	-4.833743	5.363238	8.419574	0.783535	3.734585	-2.080157	0.976178	11.173160	14.229495	9.250667	12.201717	
85	-7.868584	-4.812248	5.577831	8.634166	1.084355	4.035405	-2.294750	0.761586	11.151665	14.208000	9.207865	12.158914	
86	-7.847386	-4.791051	5.789503	8.845838	1.381003	4.332053	-2.506422	0.549914	11.130467	14.186803	9.165671	12.116721	
87	-7.826498	-4.770162	5.998119	9.054454	1.673300	4.624350	-2.715038	0.341298	11.109579	14.165914	9.124112	12.075162	
88	-7.805932	-4.749596	6.203547	9.259883	1.961068	4.912118	-2.920466	0.135869	11.089013	14.145348	9.083216	12.034266	
89	-7.785700	-4.729365	6.405659	9.461995	2.244131	5.195181	-3.122578	-0.066243	11.068782	14.125117	9.043009	11.994059	
90	-7.765816	-4.709480	6.604328	9.660664	2.522317	5.473366	-3.321247	-0.264912	11.048897	14.105232	9.003516	11.954566	
91	-7.746290	-4.689954	6.799432	9.855767	2.795455	5.746505	-3.516351	-0.460015	11.029371	14.085706	8.964766	11.915816	
92	-7.727134	-4.670799	6.990849	10.047184	3.063378	6.014428	-3.707768	-0.651432	11.010216	14.066551	8.926783	11.877832	
93	-7.708361	-4.652026	7.178462	10.234798	3.325922	6.276972	-3.895381	-0.839046	10.991442	14.047778	8.889593	11.840643	
94	-7.689981	-4.633646	7.362156	10.418492	3.582925	6.533975	-4.079075	-1.022740	10.973062	14.029397	8.853224	11.804274	
95	-7.672005	-4.615670	7.541819	10.598155	3.834227	6.785277	-4.258738	-1.202403	10.955086	14.011422	8.817701	11.768751	
96	-7.654445	-4.598110	7.717341	10.773676	4.079672	7.030722	-4.434260	-1.377924	10.937526	13.993861	8.783050	11.734100	
97	-7.637310	-4.580975	7.888614	10.944949	4.319108	7.270158	-4.605533	-1.549197	10.920391	13.976727	8.749299	11.700348	
98	-7.620612	-4.564276	8.055534	11.111870	4.552382	7.503432	-4.772453	-1.716118	10.903693	13.960028	8.716473	11.667523	
99	-7.604360	-4.548024	8.218001	11.274336	4.779347	7.730397	-4.934920	-1.878584	10.887441	13.943776	8.684601	11.635650	
100	-7.588563	-4.532228	8.375914	11.432250	4.999857	7.950907	-5.092833	-2.036498	10.871644	13.927980	8.653710	11.604760	
101	-7.573233	-4.516897	8.529179	11.585514	5.213768	8.164818	-5.246098	-2.189762	10.856314	13.912649	8.623831	11.574880	
102	-7.558377	-4.502041	8.677702	11.734037	5.420939	8.371989	-5.394621	-2.338285	10.841458	13.897793	8.594993	11.546043	
103	-7.544004	-4.487669	8.821393	11.877728	5.621230	8.572280	-5.538312	-2.481976	10.827085	13.883421	8.567229	11.518279	
104	-7.530124	-4.473789	8.960165	12.016500	5.814502	8.765552	-5.677084	-2.620748	10.813205	13.869541	8.540575	11.491625	
105	-7.516745	-4.460409	9.093934	12.150269	6.000617	8.951667	-5.810853	-2.754517	10.799826	13.856161	8.515067	11.466117	
106	-7.503874	-4.447539	9.222619	12.278954	6.179436	9.130486	-5.939538	-2.883202	10.786955	13.843291	8.490749	11.441799	
107	-7.491520	-4.435185	9.346142	12.402477	6.350819	9.301868	-6.063061	-3.006725	10.774601	13.830936	8.467667	11.418717	
108	-7.479690	-4.423354	9.464428	12.520763	6.514622	9.465672	-6.181347	-3.125011	10.762771	13.819106	8.445875	11.396924	
109	-7.468391	-4.412055	9.577406	12.633741	6.670698	9.621748	-6.294325	-3.237989	10.751472	13.807807	8.425435	11.376485	
110	-7.457629	-4.401294	9.685007	12.741343	6.818891	9.769940	-6.401926	-3.345591	10.740710	13.797046	8.406422	11.357472	
111	-7.447412	-4.391077	9.787167	12.843503	6.959034	9.910084	-6.504086	-3.447751	10.730494	13.786829	8.388924	11.339974	
112	-7.437746	-4.381411	9.883824	12.940159	7.090948	10.041997	-6.600743	-3.544407	10.720827	13.777163	8.373048	11.324098	
113	-7.428636	-4.372301	9.974918	13.031254	7.214431	10.165480	-6.691837	-3.635502	10.711717	13.768052	8.358924	11.309974	
114	-7.420088	-4.363752	10.060396	13.116731	7.329258	10.280308	-6.777315	-3.720979	10.703169	13.759504	8.346712	11.297762	
115	-7.412106	-4.355771	10.140205	13.196540	7.435176	10.386226	-6.857124	-3.800788	10.695187	13.751523	8.336603	11.287653	
116	-7.404697	-4.348361	10.214297	13.270633	7.531899	10.482949	-6.931216	-3.874881	10.687778	13.744113	8.328826	11.279876	
117	-7.397863	-4.341528	10.282628	13.338963	7.619116	10.570166	-6.999547	-3.943211	10.680945	13.737280	8.323638	11.274688	
118	-7.391610	-4.335275	10.345156	13.401491	7.696516	10.647566	-7.062075	-4.005739	10.674692	13.731027	8.321300	11.272350	
119	-7.385942	-4.329606	10.401843	13.458179	7.763840	10.714889	-7.118762	-4.062427	10.669023	13.725358	8.322027	11.273077	
120	-7.380860	-4.324525	10.452656	13.508991	7.820969	10.772019	-7.169575	-4.113239	10.663941	13.720277	8.325896	11.276946	
121	-7.376369	-4.320034	10.497563	13.553898	7.868049	10.819099	-7.214482	-4.158146	10.659451	13.715786	8.332724	11.283774	
122	-7.372472	-4.316137	10.536537	13.592873	7.905591	10.856641	-7.253456	-4.197121	10.655553	13.711888	8.341968	11.293018	
123	-7.369170	-4.312835	10.569556	13.625891	7.934485	10.885534	-7.286475	-4.230139	10.652251	13.708587	8.352711	11.303761	
124	-7.366466	-4.310130	10.596598	13.652933	7.955886	10.906936	-7.313517	-4.257181	10.649547	13.705882	8.363772	11.314822	
125	-7.364361	-4.308025	10.617648	13.673983	7.971022	10.922072	-7.334567	-4.278231	10.647442	13.703777	8.373905	11.324955	
126	-7.362856	-4.306521	10.632692	13.689028	7.980990	10.932040	-7.349611	-4.293276	10.645938	13.702273	8.381997	11.333047	
127	-7.361953	-4.305618	10.641723	13.698058	7.986628	10.937677	-7.358642	-4.302306	10.645034	13.701370	8.387200	11.338250	
128	-7.361652	-4.305317	10.644733	13.701069	10.937677	10.939499	-7.361652	-4.305317	10.644733	13.701069	7.988449	11.340042	
129	-7.358642	-4.302306	10.645034	13.701370	8.387200	11.338250	-7.361953	-4.305618	10.641723	13.698058	7.986628	10.937677	
130	-7.349611	-4.293276	10.645938	13.702273	8.381997	11.333047	-7.362856	-4.306521	10.632692	13.689028	7.980990	10.932040	
131	-7.334567	-4.278231	10.647442	13.703777	8.373905	11.324955	-7.364361	-4.308025	10.617648	13.673983	7.971022	10.922072	
132	-7.313517	-4.257181	10.649547	13.705882	8.363772	11.314822	-7.366466	-4.310130	10.596598	13.652933	7.955886	10.906936	
133	-7.286475	-4.230139	10.652251	13.708587	8.352711	11.303761	-7.369170	-4.312835	10.569556	13.625891	7.934485	10.885534	
134	-7.253456	-4.197121	10.655553	13.711889	8.341968	11.293018	-7.372472	-4.316137	10.536537	13.592873	7.905591	10.856641	
135	-7.214482	-4.158146	10.659451	13.715786	8.332724	11.283774	-7.376369	-4.320034	10.497563	13.553898	7.868049	10.819099	
136	-7.169575	-4.113239	10.663941	13.720277	8.325896	11.276946	-7.380860	-4.324525	10.452656	13.508991	7.820969	10.772019	
137	-7.118762	-4.062427	10.669023	13.725358	8.322027	11.273077	-7.385942	-4.329606	10.401843	13.458179	7.763840	10.714889	
138	-7.062075	-4.005739	10.674692	13.731027	8.321300	11.272350	-7.391610	-4.335275	10.345156	13.401491	7.696516	10.647566	
139	-6.999547	-3.943211	10.680945	13.737280	8.323638	11.274688	-7.397863	-4.341528	10.282628	13.338963	7.619116	10.570166	
140	-6.931216	-3.874881	10.687778	13.744113	8.328826	11.279876	-7.404697	-4.348361	10.214297	13.270633	7.531899	10.482949	
141	-6.857124	-3.800788	10.695187	13.751523	8.336603	11.287653	-7.412106	-4.355771	10.140205	13.196540	7.435176	10.386226	
142	-6.777315	-3.720979	10.703169	13.759504	8.346712	11.297762	-7.420088	-4.363752	10.060396	13.116731	7.329258	10.280308	
143	-6.691837	-3.635502	10.711717	13.768052	8.358924	11.309974	-7.428636	-4.372300	9.974918	13.031254	7.214431	10.165480	
144	-6.600743	-3.544407	10.720827	13.777163	8.373048	11.324098	-7.437746	-4.381411	9.883824	12.940159	7.090948	10.041997	
145	-6.504086	-3.447751	10.730494	13.786829	8.388924	11.339974	-7.447412	-4.391077	9.787167	12.843503	6.959034	9.910084	
146	-6.401926	-3.345591	10.740710	13.797046	8.406422	11.357472	-7.457629	-4.401294	9.685007	12.741343	6.818891	9.769940	
147	-6.294325	-3.237990	10.751472	13.807807	8.425435	11.376485	-7.468391	-4.412055	9.577406	12.633741	6.670698	9.621748	
148	-6.181347	-3.125012	10.762771	13.819106	8.445875	11.396924	-7.479690	-4.423354	9.464428	12.520763	6.514622	9.465672	
149	-6.063061	-3.006725	10.774601	13.830936	8.467667	11.418717	-7.491520	-4.435184	9.346142	12.402477	6.350819	9.301868	
150	-5.939538	-2.883202	10.786955	13.843291	8.490749	11.441799	-7.503874	-4.447539	9.222619	12.278954	6.179436	9.130486	
151	-5.810853	-2.754517	10.799826	13.856161	8.515067	11.466117	-7.516745	-4.460409	9.093934	12.150269	6.000617	8.951667	
152	-5.677084	-2.620748	10.813205	13.869541	8.540575	11.491625	-7.530124	-4.473789	8.960165	12.016500	5.814502	8.765552	
153	-5.538312	-2.481976	10.827085	13.883421	8.567229	11.518279	-7.544004	-4.487669	8.821393	11.877728	5.621230	8.572280	
154	-5.394621	-2.338285	10.841458	13.897793	8.594993	11.546043	-7.558377	-4.502041	8.677702	11.734037	5.420939	8.371989	
155	-5.246098	-2.189762	10.856314	13.912649	8.623831	11.574880	-7.573233	-4.516897	8.529179	11.585514	5.213768	8.164818	
156	-5.092833	-2.036498	10.871644	13.927980	8.653710	11.604760	-7.588563	-4.532228	8.375914	11.432250	4.999857	7.950907	
157	-4.934920	-1.878584	10.887441	13.943776	8.684601	11.635650	-7.604360	-4.548024	8.218001	11.274336	4.779347	7.730397	
158	-4.772453	-1.716118	10.903693	13.960028	8.716473	11.667523	-7.620612	-4.564276	8.055534	11.111870	4.552382	7.503432	
159	-4.605533	-1.549197	10.920391	13.976727	8.749299	11.700348	-7.637310	-4.580975	7.888614	10.944949	4.319108	7.270158	
160	-4.434260	-1.377924	10.937526	13.993861	8.783050	11.734100	-7.654445	-4.598109	7.717341	10.773676	4.079672	7.030722	
161	-4.258738	-1.202403	10.955086	14.011422	8.817701	11.768751	-7.672005	-4.615670	7.541819	10.598155	3.834227	6.785277	
162	-4.079075	-1.022740	10.973062	14.029398	8.853224	11.804274	-7.689981	-4.633646	7.362156	10.418492	3.582925	6.533975	
163	-3.895381	-0.839046	10.991442	14.047778	8.889593	11.840643	-7.708361	-4.652026	7.178462	10.234798	3.325922	6.276972	
164	-3.707768	-0.651432	11.010216	14.066551	8.926783	11.877832	-7.727134	-4.670799	6.990849	10.047184	3.063378	6.014428	
165	-3.516351	-0.460015	11.029371	14.085706	8.964766	11.915816	-7.746290	-4.689954	6.799432	9.855767	2.795455	5.746505	
166	-3.321247	-0.264912	11.048897	14.105232	9.003516	11.954566	-7.765816	-4.709480	6.604328	9.660664	2.522317	5.473366	
167	-3.122578	-0.066243	11.068782	14.125117	9.043009	11.994059	-7.785700	-4.729365	6.405659	9.461994	2.244131	5.195181	
168	-2.920466	0.135869	11.089013	14.145348	9.083216	12.034266	-7.805932	-4.749596	6.203547	9.259883	1.961068	4.912118	
169	-2.715038	0.341298	11.109579	14.165914	9.124112	12.075162	-7.826498	-4.770162	5.998119	9.054454	1.673300	4.624350	
170	-2.506422	0.549914	11.130467	14.186803	9.165671	12.116721	-7.847386	-4.791051	5.789503	8.845838	1.381003	4.332053	
171	-2.294750	0.761586	11.151665	14.208000	9.207865	12.158914	-7.868584	-4.812248	5.577831	8.634166	1.084355	4.035405	
172	-2.080157	0.976178	11.173160	14.229495	9.250667	12.201717	-7.890079	-4.833743	5.363238	8.419574	0.783535	3.734585	
173	-1.862784	1.193551	11.194938	14.251274	9.294050	12.245100	-7.911857	-4.855522	5.145865	8.202200	0.478727	3.429777	
174	-1.642773	1.413562	11.216987	14.273323	9.337988	12.289037	-7.933906	-4.877571	4.925854	7.982190	0.170115	3.121165	
175	-1.420274	1.636061	11.239294	14.295630	9.382451	12.333501	-7.956213	-4.899878	4.703355	7.759690	-0.142114	2.808936	
176	-1.195443	1.860893	11.261845	14.318181	9.427413	12.378463	-7.978764	-4.922429	4.478524	7.534859	-0.457770	2.493279	
177	-0.968445	2.087890	11.284626	14.340962	9.472845	12.423895	-8.001545	-4.945210	4.251526	7.307862	-0.776664	2.174386	
178	-0.739460	2.316876	11.307625	14.363960	9.518720	12.469770	-8.024543	-4.968208	4.022541	7.078876	-1.098600	1.852449	
179	-0.508685	2.547650	11.330825	14.387161	9.565009	12.516058	-8.047744	-4.991409	3.791766	6.848102	-1.423386	1.527664	
180	-0.276351	2.779984	11.354215	14.410551	9.611682	12.562732	-8.071134	-5.014799	3.559432	6.615767	-1.750825	1.200225	
181	-0.042739	3.013597	11.377780	14.434116	9.658713	12.609763	-8.094699	-5.038364	3.325820	6.382155	-2.080718	0.870332	
182	0.191777	3.248112	11.401506	14.457841	9.706071	12.657121	-8.118425	-5.062089	3.091304	6.147640	-2.412867	0.538183	
183	0.426636	3.482972	11.425377	14.481713	9.753728	12.704777	-8.142296	-5.085961	2.856445	5.912780	-2.747071	0.203979	
184	0.660878	3.717214	11.449381	14.505717	9.801654	12.752703	-8.166300	-5.109965	2.622203	5.678538	-3.083128	-0.132079	
185	0.892514	3.948849	11.473502	14.529838	9.849820	12.800870	-8.190421	-5.134086	2.390567	5.446903	-3.420836	-0.469786	
186	1.116321	4.172656	11.497727	14.554062	9.898197	12.849247	-8.214645	-5.158310	2.166760	5.223096	-3.759990	-0.808940	
187	1.313355	4.369691	11.522039	14.578375	9.946755	12.897805	-8.238958	-5.182623	1.969726	5.026061	-4.100386	-1.149336	
188	1.882113	4.938448	11.546426	14.602761	9.995465	12.946515	-8.263344	-5.207009	1.400968	4.457304	-4.441818	-1.490768	
189	1.998423	5.054758	11.570871	14.627206	10.044297	12.995347	-8.287790	-5.231454	1.284658	4.340994	-4.784081	-1.833031	
190	2.204472	5.260808	11.595361	14.651696	10.093221	13.044271	-8.312280	-5.255944	1.078609	4.134944	-5.126968	-2.175918	
191	2.433301	5.489636	11.619880	14.676216	10.142208	13.093257	-8.336799	-5.280464	0.849780	3.906116	-5.470272	-2.519222	
192	2.669880	5.726215	11.644414	14.700750	10.191227	13.142277	-8.361333	-5.304998	0.613201	3.669537	-5.813786	-2.862736	
193	2.909820	5.966156	11.668948	14.725284	10.240250	13.191299	-8.385867	-5.329532	0.373261	3.429596	-6.157303	-3.206253	
194	3.151375	6.207710	11.693468	14.749803	10.289245	13.240295	-8.410387	-5.354051	0.131706	3.188042	-6.500616	-3.549566	
195	3.393667	6.450003	11.717958	14.774293	10.338185	13.289234	-8.434877	-5.378541	-0.110586	2.945749	-6.843518	-3.892468	
196	3.636173	6.692509	11.742403	14.798739	10.387038	13.338088	-8.459322	-5.402987	-0.353092	2.703243	-7.185802	-4.234752	
197	3.878532	6.934868	11.766790	14.823126	10.435775	13.386825	-8.483709	-5.427374	-0.595451	2.460884	-7.527262	-4.576212	
198	4.120467	7.176802	11.791103	14.847439	10.484367	13.435417	-8.508022	-5.451687	-0.837386	2.218950	-7.867692	-4.916642	
199	4.361746	7.418081	11.815328	14.871663	10.532785	13.483835	-8.532247	-5.475911	-1.078665	1.977671	-8.206886	-5.255836	
200	4.602167	7.658503	11.839450	14.895785	10.580999	13.532048	-8.556368	-5.500033	-1.319086	1.737249	-8.544641	-5.593591	
201	4.841547	7.897883	11.863454	14.919789	10.628979	13.580029	-8.580373	-5.524037	-1.558466	1.497869	-8.880753	-5.929703	
202	5.079712	8.136047	11.887326	14.943662	10.676698	13.627747	-8.604245	-5.547910	-1.796631	1.259705	-9.215018	-6.263969	
203	5.316497	8.372833	11.911052	14.967388	10.724125	13.675175	-8.627971	-5.571636	-2.033416	1.022919	-9.547237	-6.596187	
204	5.551744	8.608080	11.934618	14.990953	10.771233	13.722283	-8.651537	-5.595201	-2.268663	0.787672	-9.877207	-6.926158	
205	5.785300	8.841635	11.958009	15.014344	10.817992	13.769042	-8.674928	-5.618592	-2.502219	0.554117	-10.204732	-7.253682	
206	6.017013	9.073348	11.981210	15.037546	10.864375	13.815425	-8.698129	-5.641794	-2.733932	0.322404	-10.529612	-7.578562	
207	6.246736	9.303072	12.004209	15.060545	10.910354	13.861404	-8.721128	-5.664793	-2.963655	0.092680	-10.851653	-7.900603	
208	6.474326	9.530661	12.026992	15.083327	10.955900	13.906950	-8.743911	-5.687575	-3.191245	-0.134909	-11.170660	-8.219610	
209	6.699639	9.755974	12.049544	15.105879	11.000987	13.952037	-8.766463	-5.710127	-3.416558	-0.360223	-11.486441	-8.535392	
210	6.922537	9.978872	12.071852	15.128187	11.045587	13.996637	-8.788770	-5.732435	-3.639456	-0.583120	-11.798806	-8.847757	
211	7.142881	10.199216	12.093902	15.150237	11.089673	14.040722	-8.810821	-5.754485	-3.859800	-0.803464	-12.107567	-9.156517	
212	7.360536	10.416871	12.115682	15.172017	11.133218	14.084268	-8.832601	-5.776265	-4.077455	-1.021119	-12.412537	-9.461487	
213	7.575368	10.631703	12.137177	15.193513	11.176196	14.127246	-8.854096	-5.797761	-4.292287	-1.235952	-12.713533	-9.762483	
214	7.787246	10.843582	12.158376	15.214712	11.218582	14.169632	-8.875295	-5.818960	-4.504165	-1.447830	-13.010373	-10.059323	
215	7.996041	11.052377	12.179266	15.235601	11.260349	14.211399	-8.896185	-5.839849	-4.712960	-1.656625	-13.302879	-10.351829	
216	8.201626	11.257961	12.199833	15.256169	11.301473	14.252522	-8.916752	-5.860417	-4.918544	-1.862209	-13.590874	-10.639824	
217	8.403874	11.460209	12.220066	15.276401	11.341928	14.292978	-8.936985	-5.880649	-5.120793	-2.064457	-13.874185	-10.923135	
218	8.602664	11.658999	12.239952	15.296287	11.381690	14.332740	-8.956871	-5.900535	-5.319583	-2.263247	-14.152640	-11.201591	
219	8.797874	11.854209	12.259479	15.315815	11.420736	14.371786	-8.976398	-5.920063	-5.514793	-2.458457	-14.426073	-11.475024	
220	8.989386	12.045721	12.278636	15.334972	11.459041	14.410091	-8.995555	-5.939220	-5.706305	-2.649969	-14.694319	-11.743269	
221	9.177084	12.233419	12.297411	15.353746	11.496583	14.447632	-9.014330	-5.957994	-5.894003	-2.837667	-14.957215	-12.006166	
222	9.360854	12.417190	12.315792	15.372128	11.533338	14.484388	-9.032711	-5.976376	-6.077773	-3.021438	-15.214604	-12.263554	
223	9.540585	12.596921	12.333769	15.390105	11.569285	14.520335	-9.050688	-5.994353	-6.257504	-3.201169	-15.466331	-12.515281	
224	9.716169	12.772504	12.351331	15.407667	11.604403	14.555452	-9.068250	-6.011915	-6.433087	-3.376752	-15.712243	-12.761193	
225	9.887498	12.943833	12.368467	15.424803	11.638669	14.589718	-9.085386	-6.029051	-6.604416	-3.548081	-15.952192	-13.001142	
226	10.054469	13.110804	12.385167	15.441503	11.672063	14.623113	-9.102086	-6.045751	-6.771388	-3.715052	-16.186035	-13.234985	
227	10.216981	13.273317	12.401421	15.457756	11.704565	14.655615	-9.118340	-6.062004	-6.933900	-3.877565	-16.413630	-13.462580	
228	10.374937	13.431272	12.417219	15.473554	11.736155	14.687205	-9.134137	-6.077802	-7.091856	-4.035520	-16.634839	-13.683790	
229	10.528240	13.584575	12.432551	15.488886	11.766815	14.717865	-9.149470	-6.093134	-7.245158	-4.188823	-16.849531	-13.898481	
230	10.676797	13.733133	12.447408	15.503744	11.796526	14.747576	-9.164327	-6.107992	-7.393716	-4.337381	-17.057575	-14.106525	
231	10.820520	13.876856	12.461782	15.518117	11.825269	14.776319	-9.178701	-6.122365	-7.537439	-4.481104	-17.258846	-14.307796	
232	10.959322	14.015657	12.475663	15.531999	11.853029	14.804078	-9.192582	-6.136247	-7.676241	-4.619905	-17.453223	-14.502173	
233	11.093118	14.149453	12.489044	15.545379	11.879787	14.830836	-9.205963	-6.149627	-7.810036	-4.753701	-17.640588	-14.689538	
234	11.221827	14.278163	12.501916	15.558251	11.905527	14.856577	-9.218835	-6.162499	-7.938746	-4.882411	-17.820829	-14.869779	
235	11.345373	14.401708	12.514271	15.570607	11.930235	14.881285	-9.231190	-6.174855	-8.062292	-5.005956	-17.993838	-15.042788	
236	11.463680	14.520015	12.526103	15.582438	11.953895	14.904945	-9.243022	-6.186686	-8.180599	-5.124263	-18.159509	-15.208459	
237	11.576677	14.633012	12.537403	15.593738	11.976493	14.927543	-9.254322	-6.197986	-8.293596	-5.237260	-18.317744	-15.366694	
238	11.684296	14.740631	12.548165	15.604501	11.998016	14.949066	-9.265084	-6.208749	-8.401215	-5.344879	-18.468446	-15.517396	
239	11.786472	14.842807	12.558383	15.614719	12.018450	14.969500	-9.275302	-6.218967	-8.503390	-5.447055	-18.611525	-15.660476	
240	11.883143	14.939478	12.568051	15.624386	12.037783	14.988833	-9.284970	-6.228634	-8.600061	-5.543726	-18.746896	-15.795846	
241	11.974250	15.030586	12.577162	15.633497	12.056003	15.007053	-9.294081	-6.237745	-8.691169	-5.634834	-18.874475	-15.923425	
242	12.059740	15.116076	12.585711	15.642047	12.073100	15.024150	-9.302630	-6.246295	-8.776659	-5.720324	-18.994187	-16.043137	
243	12.139560	15.195896	12.593693	15.650029	12.089063	15.040113	-9.310612	-6.254277	-8.856479	-5.800144	-19.105960	-16.154910	
244	12.213663	15.269998	12.601104	15.657439	12.103882	15.054932	-9.318023	-6.261687	-8.930582	-5.874246	-19.209725	-16.258675	
245	12.282003	15.338338	12.607938	15.664273	12.117549	15.068599	-9.324857	-6.268521	-8.998922	-5.942586	-19.305421	-16.354371	
246	12.344539	15.400874	12.614191	15.670527	12.130056	15.081105	-9.331110	-6.274775	-9.061458	-6.005122	-19.392989	-16.441939	
247	12.401233	15.457569	12.619861	15.676196	12.141394	15.092444	-9.336780	-6.280444	-9.118152	-6.061817	-19.472378	-16.521328	
248	12.452052	15.508388	12.624943	15.681278	12.151557	15.102607	-9.341862	-6.285526	-9.168971	-6.112636	-19.543539	-16.592489	
249	12.496965	15.553300	12.629434	15.685770	12.160539	15.111588	-9.346353	-6.290018	-9.213884	-6.157548	-19.606429	-16.655379	
250	12.535944	15.592280	12.633332	15.689668	12.168334	15.119384	-9.350251	-6.293916	-9.252863	-6.196528	-19.661011	-16.709961	
251	12.568966	15.625302	12.636634	15.692970	12.174938	15.125988	-9.353553	-6.297218	-9.285885	-6.229550	-19.707251	-16.756201	
252	12.596012	15.652347	12.639339	15.695674	12.180347	15.131396	-9.356258	-6.299922	-9.312931	-6.256595	-19.745122	-16.794072	
253	12.617064	15.673399	12.641444	15.697780	12.184557	15.135606	-9.358363	-6.302028	-9.333983	-6.277648	-19.774601	-16.823551	
254	12.632110	15.688446	12.642949	15.699284	12.187566	15.138616	-9.359868	-6.303532	-9.349029	-6.292694	-19.795670	-16.844620	
255	12.641142	15.697477	12.643852	15.700187	12.189372	15.140422	-9.360771	-6.304435	-9.358061	-6.301725	-19.808316	-16.857266	
256	12.644153	15.700488	12.644153	15.700488	12.189974	15.141024	-9.361072	-6.304737	-9.361072	-6.304737	-19.812533	-16.861483	
257	12.638914	15.695249	12.642768	15.699104	12.188769	15.139819	-9.359687	-6.303352	-9.355832	-6.299497	-19.804100	-16.853051	
258	12.623202	15.679537	12.638611	15.694946	12.185149	15.136198	-9.355530	-6.299194	-9.340121	-6.283785	-19.778816	-16.827766	
259	12.597038	15.653373	12.631673	15.688008	12.179095	15.130145	-9.348592	-6.292256	-9.313957	-6.257621	-19.736713	-16.785663	
260	12.560454	15.616790	12.621941	15.678277	12.170580	15.121630	-9.338860	-6.282525	-9.277373	-6.221038	-19.677850	-16.726800	
261	12.513498	15.569833	12.609398	15.665733	12.159562	15.110612	-9.326317	-6.269981	-9.230417	-6.174081	-19.602308	-16.651259	
262	12.456228	15.512563	12.594019	15.650354	12.145991	15.097041	-9.310938	-6.254602	-9.173147	-6.116811	-19.510192	-16.559142	
263	12.388717	15.445052	12.575776	15.632111	12.129803	15.080853	-9.292695	-6.236359	-9.105636	-6.049300	-19.401626	-16.450576	
264	12.311050	15.367385	12.554635	15.610970	12.110924	15.061974	-9.271554	-6.215219	-9.027968	-5.971633	-19.276760	-16.325710	
265	12.223324	15.279660	12.530559	15.586894	12.089271	15.040321	-9.247478	-6.191142	-8.940243	-5.883908	-19.135766	-16.184716	
266	12.125652	15.181987	12.503503	15.559839	12.064749	15.015799	-9.220422	-6.164087	-8.842570	-5.786235	-18.978835	-16.027785	
267	12.018154	15.074489	12.473422	15.529758	12.037252	14.988302	-9.190341	-6.134006	-8.735073	-5.678737	-18.806183	-15.855133	
268	11.900966	14.957301	12.440263	15.496598	12.006667	14.957717	-9.157182	-6.100846	-8.617885	-5.561549	-18.618043	-15.666993	
269	11.774234	14.830569	12.403970	15.460305	11.972869	14.923919	-9.120889	-6.064553	-8.491153	-5.434817	-18.414673	-15.463623	
270	11.638117	14.694452	12.364483	15.420819	11.935726	14.886775	-9.081402	-6.025067	-8.355036	-5.298700	-18.196347	-15.245297	
271	11.492783	14.549119	12.321740	15.378075	11.895095	14.846145	-9.038659	-5.982323	-8.209702	-5.153367	-17.963361	-15.012311	
272	11.338414	14.394749	12.275672	15.332008	11.850829	14.801879	-8.992591	-5.936256	-8.055333	-4.998997	-17.716029	-14.764979	
273	11.175200	14.231535	12.226211	15.282547	11.802771	14.753821	-8.943130	-5.886795	-7.892119	-4.835783	-17.454683	-14.503633	
274	11.003342	14.059677	12.173283	15.229619	11.750756	14.701806	-8.890202	-5.833867	-7.720261	-4.663925	-17.179674	-14.228624	
275	10.823051	13.879387	12.116814	15.173149	11.694615	14.645665	-8.833733	-5.777397	-7.539970	-4.483635	-16.891369	-13.940319	
276	10.634549	13.690884	12.056724	15.113060	11.634171	14.585221	-8.773643	-5.717308	-7.351468	-4.295132	-16.590151	-13.639102	
277	10.438064	13.494400	11.992935	15.049271	11.569245	14.520295	-8.709854	-5.653519	-7.154983	-4.098648	-16.276420	-13.325370	
278	10.233836	13.290171	11.925366	14.981702	11.499649	14.450699	-8.642285	-5.585950	-6.950755	-3.894419	-15.950588	-12.999539	
279	10.022110	13.078445	11.853934	14.910269	11.425196	14.376246	-8.570853	-5.514517	-6.739029	-3.682693	-15.613085	-12.662035	
280	9.803142	12.859477	11.778555	14.834890	11.345692	14.296741	-8.495474	-5.439138	-6.520061	-3.463725	-15.264351	-12.313301	
281	9.577192	12.633528	11.699145	14.755480	11.260941	14.211991	-8.416064	-5.359728	-6.294111	-3.237776	-14.904839	-11.953789	
282	9.344531	12.400867	11.615620	14.671956	11.170748	14.121797	-8.332539	-5.276204	-6.061450	-3.005115	-14.535014	-11.583964	
283	9.105433	12.161769	11.527897	14.584232	11.074913	14.025963	-8.244816	-5.188480	-5.822352	-2.766017	-14.155352	-11.204303	
284	8.860179	11.916515	11.435890	14.492226	10.973238	13.924288	-8.152809	-5.096474	-5.577098	-2.520763	-13.766339	-10.815289	
285	8.609056	11.665392	11.339519	14.395854	10.865526	13.816576	-8.056438	-5.000102	-5.325975	-2.269640	-13.368467	-10.417418	
286	8.352356	11.408691	11.238701	14.295036	10.751579	13.702629	-7.955620	-4.899285	-5.069275	-2.012939	-12.962240	-10.011190	
287	8.090374	11.146709	11.133357	14.189692	10.631201	13.582251	-7.850276	-4.793940	-4.807292	-1.750957	-12.548166	-9.597116	
288	7.823409	10.879745	11.023409	14.079745	10.504202	13.455251	-7.740328	-4.683993	-4.540328	-1.483993	-12.126760	-9.175710	
289	7.551767	10.608102	10.908783	13.965119	10.370390	13.321440	-7.625702	-4.569367	-4.268685	-1.212350	-11.698543	-8.747493	
290	7.275751	10.332087	10.789406	13.845742	10.229582	13.180631	-7.506325	-4.449990	-3.992670	-0.936335	-11.264037	-8.312988	
291	6.995672	10.052008	10.665210	13.721545	10.081596	13.032646	-7.382129	-4.325793	-3.712591	-0.656256	-10.823772	-7.872722	
292	6.711840	9.768175	10.536129	13.592464	9.926260	12.877310	-7.253047	-4.196712	-3.428758	-0.372423	-10.378276	-7.427227	
293	6.424565	9.480901	10.402102	13.458437	9.763404	12.714454	-7.119021	-4.062685	-3.141484	-0.085149	-9.928081	-6.977031	
294	6.134162	9.190497	10.263073	13.319408	9.592867	12.543917	-6.979992	-3.923657	-2.851081	0.205254	-9.473718	-6.522668	
295	5.840943	8.897278	10.118990	13.175326	9.414498	12.365548	-6.835909	-3.779574	-2.557862	0.498474	-9.015717	-6.064667	
296	5.545221	8.601556	9.969808	13.026143	9.228150	12.179200	-6.686727	-3.630391	-2.262140	0.794196	-8.554608	-5.603559	
297	5.247308	8.303643	9.815484	12.871820	9.033690	11.984740	-6.532403	-3.476068	-1.964227	1.092109	-8.090918	-5.139869	
298	4.947516	8.003851	9.655985	12.712321	8.830992	11.782042	-6.372904	-3.316569	-1.664435	1.391901	-7.625171	-4.674121	
299	4.646155	7.702490	9.491283	12.547619	8.619943	11.570992	-6.208202	-3.151867	-1.363074	1.693262	-7.157885	-4.206835	
300	4.343532	7.399867	9.321357	12.377692	8.400438	11.351487	-6.038276	-2.981940	-1.060451	1.995885	-6.689575	-3.738525	
301	4.039954	7.096290	9.146192	12.202527	8.172387	11.123437	-5.863111	-2.806775	-0.756873	2.299462	-6.220750	-3.269700	
302	3.735724	6.792060	8.965783	12.022118	7.935713	10.886763	-5.682702	-2.626366	-0.452643	2.603692	-5.751912	-2.800862	
303	3.431144	6.487479	8.780132	11.836468	7.690351	10.641401	-5.497051	-2.440716	-0.148062	2.908273	-5.283556	-2.332506	
304	3.126510	6.182845	8.589251	11.645587	7.436250	10.387300	-5.306170	-2.249835	0.156572	3.212907	-4.816168	-1.865118	
305	2.822117	5.878453	8.393161	11.449496	7.173376	10.124426	-5.110080	-2.053745	0.460964	3.517299	-4.350228	-1.399178	
306	2.518260	5.574595	8.191893	11.248229	6.901709	9.852759	-4.908812	-1.852477	0.764821	3.821157	-3.886205	-0.935155	
307	2.215227	5.271563	7.985491	11.041827	6.621245	9.572295	-4.702410	-1.646075	1.067854	4.124189	-3.424559	-0.473509	
308	1.913309	4.969644	7.774012	10.830347	6.332000	9.283050	-4.490931	-1.434595	1.369772	4.426108	-2.965741	-0.014691	
309	1.612795	4.669131	7.557527	10.613862	6.034007	8.985057	-4.274446	-1.218110	1.670286	4.726621	-2.510194	0.440855	
310	1.313980	4.370316	7.336128	10.392464	5.727322	8.678372	-4.053047	-0.996712	1.969101	5.025436	-2.058353	0.892696	
311	1.017167	4.073503	7.109933	10.166268	5.412024	8.363074	-3.826852	-0.770516	2.265914	5.322249	-1.610647	1.340403	
312	0.722678	3.779014	6.879093	9.935428	5.088223	8.039272	-3.596012	-0.539676	2.560403	5.616738	-1.167504	1.783546	
313	0.430872	3.487208	6.643813	9.700149	4.756065	7.707115	-3.360732	-0.304397	2.852209	5.908544	-0.729359	2.221691	
314	0.142181	3.198516	6.404390	9.460725	4.415756	7.366806	-3.121309	-0.064973	3.140900	6.197236	-0.296673	2.654377	
315	-0.142814	2.913521	6.161286	9.217621	4.067598	7.018648	-2.878205	0.178130	3.425895	6.482230	0.130031	3.081081	
316	-0.423192	2.633143	5.915321	8.971656	3.712087	6.663136	-2.632240	0.424096	3.706273	6.762609	0.550066	3.501116	
317	-0.697161	2.359174	5.668203	8.724539	3.350200	6.301250	-2.385122	0.671213	3.980242	7.036578	0.962301	3.913351	
318	-0.960157	2.096178	5.424434	8.480769	2.984499	5.935549	-2.141353	0.914983	4.243238	7.299574	1.364050	4.315100	
319	-1.195483	1.860853	5.200663	8.256998	2.625891	5.576941	-1.917582	1.138754	4.478564	7.534899	1.744323	4.695373	
320	-1.318706	1.737630	5.081294	7.658122	2.388992	5.340042	-1.798213	1.258122	4.601787	8.137630	1.988449	4.939499	
321	-1.917582	1.138754	4.478564	7.534899	1.744323	4.695373	-1.195483	1.860853	5.200663	8.256998	2.625891	5.576941	
322	-2.141353	0.914983	4.243238	7.299574	1.364050	4.315100	-0.960157	2.096178	5.424434	8.480769	2.984499	5.935549	
323	-2.385122	0.671213	3.980242	7.036578	0.962301	3.913351	-0.697161	2.359174	5.668203	8.724539	3.350200	6.301250	
324	-2.632240	0.424096	3.706273	6.762609	0.550066	3.501116	-0.423192	2.633143	5.915321	8.971656	3.712087	6.663136	
325	-2.878205	0.178130	3.425895	6.482230	0.130031	3.081081	-0.142814	2.913521	6.161286	9.217621	4.067598	7.018648	
326	-3.121309	-0.064973	3.140900	6.197236	-0.296673	2.654377	0.142181	3.198516	6.404390	9.460725	4.415756	7.366806	
327	-3.360732	-0.304397	2.852209	5.908544	-0.729359	2.221691	0.430872	3.487208	6.643813	9.700149	4.756065	7.707115	
328	-3.596012	-0.539676	2.560403	5.616738	-1.167504	1.783546	0.722678	3.779014	6.879093	9.935428	5.088223	8.039272	
329	-3.826852	-0.770516	2.265914	5.322249	-1.610647	1.340403	1.017167	4.073503	7.109933	10.166268	5.412024	8.363074	
330	-4.053047	-0.996712	1.969101	5.025436	-2.058353	0.892696	1.313980	4.370316	7.336128	10.392464	5.727322	8.678372	
331	-4.274446	-1.218110	1.670286	4.726621	-2.510194	0.440855	1.612795	4.669131	7.557527	10.613862	6.034007	8.985057	
332	-4.490931	-1.434595	1.369772	4.426108	-2.965741	-0.014691	1.913309	4.969644	7.774012	10.830347	6.332000	9.283050	
333	-4.702410	-1.646075	1.067854	4.124189	-3.424559	-0.473509	2.215227	5.271563	7.985491	11.041827	6.621245	9.572295	
334	-4.908812	-1.852477	0.764821	3.821157	-3.886205	-0.935155	2.518260	5.574595	8.191893	11.248229	6.901709	9.852759	
335	-5.110080	-2.053745	0.460964	3.517299	-4.350228	-1.399178	2.822117	5.878453	8.393161	11.449496	7.173376	10.124426	
336	-5.306170	-2.249835	0.156572	3.212907	-4.816168	-1.865118	3.126510	6.182845	8.589251	11.645587	7.436250	10.387300	
337	-5.497051	-2.440716	-0.148062	2.908273	-5.283556	-2.332506	3.431144	6.487479	8.780132	11.836468	7.690351	10.641401	
338	-5.682702	-2.626366	-0.452643	2.603692	-5.751912	-2.800862	3.735724	6.792060	8.965783	12.022118	7.935713	10.886763	
339	-5.863111	-2.806775	-0.756873	2.299462	-6.220750	-3.269700	4.039954	7.096290	9.146192	12.202527	8.172387	11.123437	
340	-6.038276	-2.981940	-1.060451	1.995885	-6.689575	-3.738525	4.343532	7.399867	9.321357	12.377692	8.400438	11.351487	
341	-6.208202	-3.151867	-1.363074	1.693262	-7.157885	-4.206835	4.646155	7.702490	9.491283	12.547619	8.619943	11.570992	
342	-6.372904	-3.316569	-1.664435	1.391901	-7.625171	-4.674121	4.947516	8.003851	9.655985	12.712321	8.830992	11.782042	
343	-6.532403	-3.476068	-1.964227	1.092109	-8.090918	-5.139869	5.247308	8.303643	9.815484	12.871820	9.033690	11.984740	
344	-6.686727	-3.630391	-2.262140	0.794196	-8.554608	-5.603559	5.545221	8.601556	9.969808	13.026143	9.228150	12.179200	
345	-6.835909	-3.779574	-2.557862	0.498474	-9.015717	-6.064667	5.840943	8.897278	10.118990	13.175326	9.414498	12.365548	
346	-6.979992	-3.923657	-2.851081	0.205254	-9.473718	-6.522668	6.134162	9.190497	10.263073	13.319408	9.592867	12.543917	
347	-7.119021	-4.062685	-3.141484	-0.085149	-9.928081	-6.977031	6.424565	9.480901	10.402102	13.458437	9.763404	12.714454	
348	-7.253047	-4.196712	-3.428758	-0.372423	-10.378276	-7.427227	6.711840	9.768175	10.536129	13.592464	9.926260	12.877310	
349	-7.382129	-4.325793	-3.712591	-0.656256	-10.823772	-7.872722	6.995672	10.052008	10.665210	13.721545	10.081596	13.032646	
350	-7.506325	-4.449990	-3.992670	-0.936335	-11.264037	-8.312988	7.275751	10.332087	10.789406	13.845742	10.229582	13.180631	
351	-7.625702	-4.569367	-4.268685	-1.212350	-11.698543	-8.747493	7.551767	10.608102	10.908783	13.965119	10.370390	13.321440	
352	-7.740328	-4.683993	-4.540328	-1.483993	-12.126760	-9.175710	7.823409	10.879745	11.023409	14.079745	10.504202	13.455251	
353	-7.850276	-4.793940	-4.807292	-1.750957	-12.548166	-9.597116	8.090374	11.146709	11.133357	14.189692	10.631201	13.582251	
354	-7.955620	-4.899285	-5.069275	-2.012939	-12.962240	-10.011190	8.352356	11.408691	11.238701	14.295036	10.751579	13.702629	
355	-8.056438	-5.000102	-5.325975	-2.269640	-13.368467	-10.417418	8.609056	11.665392	11.339519	14.395854	10.865526	13.816576	
356	-8.152809	-5.096474	-5.577098	-2.520763	-13.766339	-10.815289	8.860179	11.916515	11.435890	14.492226	10.973238	13.924288	
357	-8.244816	-5.188480	-5.822352	-2.766017	-14.155352	-11.204303	9.105433	12.161769	11.527897	14.584232	11.074913	14.025963	
358	-8.332539	-5.276204	-6.061450	-3.005115	-14.535014	-11.583964	9.344531	12.400867	11.615620	14.671956	11.170748	14.121797	
359	-8.416064	-5.359728	-6.294111	-3.237776	-14.904839	-11.953789	9.577192	12.633528	11.699145	14.755480	11.260941	14.211991	
360	-8.495474	-5.439138	-6.520061	-3.463725	-15.264351	-12.313301	9.803142	12.859477	11.778555	14.834890	11.345692	14.296741	
361	-8.570853	-5.514517	-6.739029	-3.682693	-15.613085	-12.662035	10.022110	13.078445	11.853934	14.910269	11.425196	14.376246	
362	-8.642285	-5.585950	-6.950755	-3.894419	-15.950588	-12.999539	10.233836	13.290171	11.925366	14.981702	11.499649	14.450699	
363	-8.709854	-5.653519	-7.154983	-4.098648	-16.276420	-13.325370	10.438064	13.494400	11.992935	15.049271	11.569245	14.520295	
364	-8.773643	-5.717308	-7.351468	-4.295132	-16.590151	-13.639102	10.634549	13.690884	12.056724	15.113060	11.634171	14.585221	
365	-8.833733	-5.777397	-7.539970	-4.483635	-16.891369	-13.940319	10.823051	13.879387	12.116814	15.173149	11.694615	14.645665	
366	-8.890202	-5.833867	-7.720261	-4.663925	-17.179674	-14.228624	11.003342	14.059677	12.173283	15.229619	11.750756	14.701806	
367	-8.943130	-5.886795	-7.892119	-4.835783	-17.454683	-14.503633	11.175200	14.231535	12.226211	15.282547	11.802771	14.753821	
368	-8.992591	-5.936256	-8.055333	-4.998997	-17.716029	-14.764979	11.338414	14.394749	12.275672	15.332008	11.850829	14.801879	
369	-9.038659	-5.982323	-8.209702	-5.153367	-17.963361	-15.012311	11.492783	14.549119	12.321740	15.378075	11.895095	14.846145	
370	-9.081402	-6.025067	-8.355036	-5.298700	-18.196347	-15.245297	11.638117	14.694452	12.364483	15.420819	11.935726	14.886775	
371	-9.120889	-6.064553	-8.491153	-5.434817	-18.414673	-15.463623	11.774234	14.830569	12.403970	15.460305	11.972869	14.923919	
372	-9.157182	-6.100846	-8.617885	-5.561549	-18.618043	-15.666993	11.900966	14.957301	12.440263	15.496598	12.006667	14.957717	
373	-9.190341	-6.134006	-8.735073	-5.678737	-18.806183	-15.855133	12.018154	15.074489	12.473422	15.529758	12.037252	14.988302	
374	-9.220422	-6.164087	-8.842570	-5.786235	-18.978835	-16.027785	12.125652	15.181987	12.503503	15.559839	12.064749	15.015799	
375	-9.247478	-6.191142	-8.940243	-5.883908	-19.135766	-16.184716	12.223324	15.279660	12.530559	15.586894	12.089271	15.040321	
376	-9.271554	-6.215219	-9.027968	-5.971633	-19.276760	-16.325710	12.311050	15.367385	12.554635	15.610970	12.110924	15.061974	
377	-9.292695	-6.236359	-9.105636	-6.049300	-19.401626	-16.450576	12.388717	15.445052	12.575776	15.632111	12.129803	15.080853	
378	-9.310938	-6.254602	-9.173147	-6.116811	-19.510192	-16.559142	12.456228	15.512563	12.594019	15.650354	12.145991	15.097041	
379	-9.326317	-6.269981	-9.230417	-6.174081	-19.602308	-16.651259	12.513498	15.569833	12.609398	15.665733	12.159562	15.110612	
380	-9.338860	-6.282525	-9.277373	-6.221038	-19.677850	-16.726800	12.560454	15.616790	12.621941	15.678277	12.170580	15.121630	
381	-9.348592	-6.292256	-9.313957	-6.257621	-19.736713	-16.785663	12.597038	15.653373	12.631673	15.688008	12.179095	15.130145	
382	-9.355530	-6.299194	-9.340121	-6.283785	-19.778816	-16.827766	12.623202	15.679537	12.638611	15.694946	12.185149	15.136198	
383	-9.359687	-6.303352	-9.355832	-6.299497	-19.804100	-16.853051	12.638914	15.695249	12.642768	15.699104	12.188769	15.139819	
384	-9.361072	-6.304737	-9.361072	-6.304737	-19.812533	-16.861483	12.644153	15.700488	12.644153	15.700488	12.189974	15.141024	
