#p	a1_up	a1_dn	b1_up	b1_dn	c1_up	c1_dn	a2_up	a2_dn	b2_up	b2_dn	c2_up	c2_dn	NaN
0	28.654240	-7.459488	28.654327	-7.459240	17.780925	-17.925129	51.330908	15.217341	51.331228	15.217500	50.199543	14.493489	
1	28.654532	-7.459196	28.657249	-7.456318	17.785111	-17.920944	51.327986	15.214419	51.330936	15.217208	50.198972	14.492917	
2	28.655409	-7.458319	28.666013	-7.447554	17.797665	-17.908390	51.319222	15.205655	51.330059	15.216331	50.197259	14.491204	
3	28.656869	-7.456859	28.680612	-7.432955	17.818579	-17.887476	51.304623	15.191056	51.328599	15.214871	50.194405	14.488350	
4	28.658911	-7.454816	28.701037	-7.412530	17.847841	-17.858214	51.284198	15.170631	51.326556	15.212829	50.190411	14.484357	
5	28.661536	-7.452192	28.727273	-7.386294	17.885432	-17.820623	51.257962	15.144395	51.323932	15.210204	50.185282	14.479227	
6	28.664740	-7.448988	28.759302	-7.354265	17.931330	-17.774724	51.225933	15.112366	51.320728	15.207000	50.179020	14.472966	
7	28.668522	-7.445206	28.797101	-7.316466	17.985507	-17.720548	51.188134	15.074567	51.316946	15.203218	50.171631	14.465576	
8	28.672880	-7.440848	28.840644	-7.272923	18.047928	-17.658127	51.144591	15.031024	51.312588	15.198860	50.163118	14.457063	
9	28.677811	-7.435917	28.889900	-7.223667	18.118555	-17.587499	51.095335	14.981768	51.307657	15.193929	50.153488	14.447433	
10	28.683312	-7.430416	28.944834	-7.168733	18.197346	-17.508709	51.040401	14.926834	51.302156	15.188428	50.142748	14.436693	
11	28.689379	-7.424349	29.005408	-7.108159	18.284251	-17.421804	50.979827	14.866260	51.296089	15.182361	50.130905	14.424850	
12	28.696009	-7.417718	29.071578	-7.041989	18.379217	-17.326838	50.913658	14.800091	51.289459	15.175731	50.117968	14.411913	
13	28.703198	-7.410529	29.143297	-6.970271	18.482185	-17.223870	50.841939	14.728372	51.282269	15.168542	50.103946	14.397891	
14	28.710942	-7.402786	29.220513	-6.893054	18.593092	-17.112963	50.764722	14.651155	51.274526	15.160798	50.088848	14.382794	
15	28.719235	-7.394493	29.303172	-6.810395	18.711869	-16.994186	50.682063	14.568496	51.266233	15.152505	50.072686	14.366631	
16	28.728073	-7.385655	29.391214	-6.722353	18.838444	-16.867611	50.594021	14.480454	51.257395	15.143667	50.055471	14.349416	
17	28.737450	-7.376278	29.484575	-6.628993	18.972737	-16.733317	50.500661	14.387094	51.248018	15.134290	50.037214	14.331160	
18	28.747360	-7.366368	29.583186	-6.530382	19.114667	-16.591387	50.402050	14.288483	51.238108	15.124380	50.017930	14.311875	
19	28.757798	-7.355930	29.686975	-6.426592	19.264146	-16.441909	50.298261	14.184694	51.227670	15.113942	49.997631	14.291577	
20	28.768757	-7.344971	29.795865	-6.317702	19.421080	-16.284974	50.189370	14.075803	51.216711	15.102983	49.976333	14.270278	
21	28.780230	-7.333497	29.909776	-6.203792	19.585374	-16.120680	50.075460	13.961893	51.205237	15.091510	49.954050	14.247996	
22	28.792211	-7.321517	30.028621	-6.084946	19.756926	-15.949129	49.956615	13.843048	51.193257	15.079529	49.930799	14.224745	
23	28.804691	-7.309036	30.152310	-5.961257	19.935629	-15.770425	49.832925	13.719358	51.180776	15.067049	49.906596	14.200542	
24	28.817664	-7.296063	30.280749	-5.832818	20.121374	-15.584681	49.704486	13.590919	51.167803	15.054076	49.881460	14.175405	
25	28.831122	-7.282606	30.413838	-5.699729	20.314044	-15.392011	49.571397	13.457830	51.154346	15.040618	49.855407	14.149352	
26	28.845055	-7.268672	30.551473	-5.562094	20.513521	-15.192534	49.433762	13.320195	51.140413	15.026685	49.828457	14.122403	
27	28.859457	-7.254271	30.693544	-5.420023	20.719681	-14.986374	49.291691	13.178124	51.126011	15.012283	49.800631	14.094576	
28	28.874317	-7.239411	30.839938	-5.273630	20.932396	-14.773659	49.145298	13.031731	51.111151	14.997423	49.771947	14.065892	
29	28.889627	-7.224101	30.990533	-5.123034	21.151534	-14.554520	48.994702	12.881135	51.095841	14.982113	49.742428	14.036374	
30	28.905377	-7.208350	31.145205	-4.968362	21.376959	-14.329095	48.840030	12.726463	51.080091	14.966363	49.712096	14.006041	
31	28.921559	-7.192169	31.303823	-4.809744	21.608531	-14.097523	48.681412	12.567845	51.063909	14.950181	49.680972	13.974918	
32	28.938161	-7.175567	31.466249	-4.647318	21.846106	-13.859949	48.518986	12.405419	51.047307	14.933579	49.649082	13.943027	
33	28.955174	-7.158554	31.632339	-4.481228	22.089535	-13.616520	48.352896	12.239329	51.030294	14.916566	49.616447	13.910392	
34	28.972588	-7.141140	31.801943	-4.311624	22.338667	-13.367387	48.183292	12.069725	51.012880	14.899152	49.583094	13.877039	
35	28.990392	-7.123336	31.974902	-4.138665	22.593347	-13.112708	48.010333	11.896766	50.995076	14.881348	49.549047	13.842993	
36	29.008574	-7.105154	32.151050	-3.962517	22.853415	-12.852639	47.834185	11.720618	50.976894	14.863166	49.514334	13.808279	
37	29.027125	-7.086603	32.330213	-3.783354	23.118709	-12.587345	47.655023	11.541456	50.958343	14.844615	49.478980	13.772926	
38	29.046032	-7.067696	32.512205	-3.601363	23.389063	-12.316992	47.473031	11.359464	50.939436	14.825708	49.443014	13.736960	
39	29.065284	-7.048444	32.696831	-3.416736	23.664306	-12.041748	47.288404	11.174837	50.920184	14.806456	49.406464	13.700409	
40	29.084869	-7.028858	32.883886	-3.229681	23.944267	-11.761787	47.101349	10.987782	50.900598	14.786871	49.369359	13.663304	
41	29.104776	-7.008951	33.073151	-3.040417	24.228770	-11.477285	46.912085	10.798518	50.880691	14.766964	49.331728	13.625673	
42	29.124993	-6.988735	33.264390	-2.849177	24.517634	-11.188421	46.720845	10.607278	50.860475	14.746747	49.293602	13.587547	
43	29.145506	-6.968222	33.457355	-2.656212	24.810678	-10.895377	46.527880	10.414313	50.839962	14.726234	49.255013	13.548958	
44	29.166304	-6.947424	33.651778	-2.461789	25.107716	-10.598338	46.333458	10.219890	50.819164	14.705436	49.215991	13.509937	
45	29.187373	-6.926355	33.847368	-2.266199	25.408562	-10.297493	46.137867	10.024300	50.798095	14.684367	49.176571	13.470516	
46	29.208702	-6.905026	34.043814	-2.069753	25.713023	-9.993032	45.941421	9.827854	50.776766	14.663038	49.136785	13.430730	
47	29.230276	-6.883451	34.240774	-1.872793	26.020905	-9.685149	45.744461	9.630894	50.755191	14.641464	49.096668	13.390613	
48	29.252084	-6.861644	34.437876	-1.675691	26.332014	-9.374040	45.547359	9.433792	50.733384	14.619656	49.056253	13.350199	
49	29.274111	-6.839616	34.634710	-1.478857	26.646150	-9.059904	45.350525	9.236958	50.711357	14.597629	49.015578	13.309523	
50	29.296345	-6.817383	34.830825	-1.282742	26.963112	-8.742943	45.154410	9.040843	50.689123	14.575395	48.974678	13.268624	
51	29.318771	-6.794956	35.025719	-1.087848	27.282696	-8.423358	44.959517	8.845950	50.666696	14.552969	48.933592	13.227537	
52	29.341377	-6.772351	35.218831	-0.894736	27.604697	-8.101358	44.766404	8.652837	50.644091	14.530363	48.892356	13.186301	
53	29.364148	-6.749580	35.409534	-0.704033	27.928906	-7.777149	44.575701	8.462134	50.621320	14.507592	48.851010	13.144955	
54	29.387071	-6.726657	35.597124	-0.516443	28.255112	-7.450942	44.388112	8.274545	50.598397	14.484669	48.809594	13.103539	
55	29.410131	-6.703596	35.780802	-0.332765	28.583105	-7.122950	44.204433	8.090866	50.575336	14.461609	48.768149	13.062094	
56	29.433316	-6.680412	35.959671	-0.153896	28.912669	-6.793386	44.025564	7.911997	50.552152	14.438424	48.726716	13.020661	
57	29.456610	-6.657118	36.132713	0.019146	29.243588	-6.462467	43.852522	7.738955	50.528858	14.415130	48.685338	12.979283	
58	29.480000	-6.633728	36.298782	0.185215	29.575644	-6.130410	43.686453	7.572886	50.505468	14.391740	48.644059	12.938004	
59	29.503471	-6.610257	36.456592	0.343025	29.908618	-5.797437	43.528643	7.415076	50.481997	14.368269	48.602923	12.896868	
60	29.527009	-6.586719	36.604712	0.491145	30.242286	-5.463768	43.380523	7.266956	50.458459	14.344731	48.561977	12.855922	
61	29.550601	-6.563127	36.741573	0.628006	30.576427	-5.129627	43.243663	7.130095	50.434867	14.321139	48.521267	12.815212	
62	29.574231	-6.539497	36.865487	0.751920	30.910816	-4.795239	43.119748	7.006181	50.411237	14.297509	48.480841	12.774786	
63	29.597886	-6.515842	36.974691	0.861124	31.245225	-4.460830	43.010544	6.896977	50.387582	14.273854	48.440749	12.734695	
64	29.621551	-6.492177	37.067412	0.953845	31.579426	-4.126629	42.917823	6.804256	50.363917	14.250189	48.401043	12.694988	
65	29.645211	-6.468516	37.141963	1.028396	31.913191	-3.792864	42.843272	6.729705	50.340256	14.226529	48.361773	12.655718	
66	29.668854	-6.444874	37.196864	1.083297	32.246287	-3.459768	42.788371	6.674804	50.316614	14.202886	48.322994	12.616939	
67	29.692464	-6.421264	37.230968	1.117401	32.578483	-3.127571	42.754268	6.640700	50.293004	14.179276	48.284760	12.578706	
68	29.716027	-6.397701	37.243578	1.130011	32.909545	-2.796510	42.741658	6.628090	50.269441	14.155713	48.247129	12.541075	
69	29.739529	-6.374199	42.750706	6.637139	33.239237	-2.466818	37.234529	1.120962	50.245939	14.132211	48.210160	12.504105	
70	29.762956	-6.350772	42.781022	6.667455	33.567323	-2.138732	37.204213	1.090646	50.222512	14.108784	48.173911	12.467857	
71	29.786293	-6.327435	42.831700	6.718132	33.893565	-1.812490	37.153536	1.039969	50.199175	14.085447	48.138447	12.432392	
72	29.809527	-6.304201	42.901405	6.787838	34.217723	-1.488332	37.083830	0.970263	50.175941	14.062213	48.103830	12.397775	
73	29.832644	-6.281084	42.988504	6.874937	34.539557	-1.166498	36.996731	0.883164	50.152824	14.039096	48.070127	12.364072	
74	29.855630	-6.258098	43.091192	6.977624	34.858825	-0.847230	36.894044	0.780477	50.129838	14.016110	48.037406	12.331352	
75	29.878470	-6.235257	43.207605	7.094038	35.175283	-0.530772	36.777631	0.664064	50.106997	13.993270	48.005739	12.299684	
76	29.901152	-6.212575	43.335917	7.222350	35.488688	-0.217367	36.649318	0.535751	50.084315	13.970588	47.975197	12.269143	
77	29.923662	-6.190066	43.474401	7.360834	35.798793	0.092738	36.510834	0.397267	50.061806	13.948078	47.945857	12.239802	
78	29.945986	-6.167742	43.621461	7.507894	36.105351	0.399297	36.363774	0.250207	50.039482	13.925754	47.917796	12.211741	
79	29.968111	-6.145617	43.775655	7.662088	36.408116	0.702061	36.209580	0.096013	50.017357	13.903629	47.891094	12.185039	
80	29.990023	-6.123705	43.935690	7.822123	36.706837	1.000782	36.049545	-0.064022	49.995445	13.881717	47.865833	12.159778	
81	30.011710	-6.102018	44.100422	7.986854	37.001265	1.295210	35.884814	-0.228753	49.973758	13.860030	47.842099	12.136045	
82	30.033158	-6.080570	44.268838	8.155271	37.291150	1.585096	35.716397	-0.397170	49.952310	13.838582	47.819979	12.113925	
83	30.054355	-6.059372	44.440048	8.326481	37.576242	1.870188	35.545187	-0.568380	49.931113	13.817385	47.799562	12.093508	
84	30.075288	-6.038439	44.613265	8.499698	37.856290	2.150235	35.371970	-0.741597	49.910179	13.796452	47.780940	12.074885	
85	30.095945	-6.017783	44.787795	8.674228	38.131044	2.424989	35.197440	-0.916127	49.889523	13.775795	47.764203	12.058149	
86	30.116313	-5.997415	44.963024	8.849457	38.400255	2.694200	35.022212	-1.091355	49.869155	13.755427	47.749447	12.043392	
87	30.136380	-5.977348	45.138404	9.024837	38.663675	2.957621	34.846831	-1.266736	49.849088	13.735360	47.736765	12.030710	
88	30.156134	-5.957594	45.313449	9.199882	38.921061	3.215007	34.671786	-1.441781	49.829334	13.715606	47.726250	12.020195	
89	30.175563	-5.938164	45.487722	9.374155	39.172172	3.466117	34.497513	-1.616054	49.809904	13.696177	47.717995	12.011940	
90	30.194657	-5.919071	45.660828	9.547261	39.416771	3.710716	34.324407	-1.789160	49.790811	13.677083	47.712089	12.006035	
91	30.213402	-5.900325	45.832411	9.718844	39.654629	3.948574	34.152824	-1.960743	49.772065	13.658338	47.708619	12.002564	
92	30.231790	-5.881938	46.002147	9.888580	39.885524	4.179470	33.983088	-2.130479	49.753678	13.639950	47.707664	12.001609	
93	30.249807	-5.863921	46.169740	10.056173	40.109245	4.403191	33.815495	-2.298072	49.735661	13.621933	47.709297	12.003243	
94	30.267444	-5.846283	46.334919	10.221352	40.325593	4.619538	33.650316	-2.463251	49.718024	13.604296	47.713583	12.007529	
95	30.284691	-5.829037	46.497434	10.383867	40.534381	4.828327	33.487802	-2.625766	49.700777	13.587049	47.720574	12.014519	
96	30.301536	-5.812191	46.657052	10.543485	40.735443	5.029389	33.328183	-2.785384	49.683931	13.570204	47.730307	12.024252	
97	30.317971	-5.795757	46.813561	10.699994	40.928631	5.222576	33.171674	-2.941893	49.667497	13.553769	47.742803	12.036748	
98	30.333985	-5.779743	46.966760	10.853193	41.113818	5.407763	33.018475	-3.095092	49.651483	13.537755	47.758064	12.052009	
99	30.349569	-5.764159	47.116463	11.002896	41.290905	5.584851	32.868772	-3.244795	49.635899	13.522171	47.776070	12.070015	
100	30.364713	-5.749015	47.262496	11.148929	41.459820	5.753765	32.722739	-3.390828	49.620755	13.507027	47.796774	12.090720	
101	30.379409	-5.734318	47.404696	11.291129	41.620519	5.914465	32.580539	-3.533028	49.606058	13.492331	47.820106	12.114052	
102	30.393649	-5.720079	47.542910	11.429343	41.772994	6.066940	32.442326	-3.671242	49.591819	13.478091	47.845965	12.139910	
103	30.407423	-5.706305	47.676993	11.563426	41.917268	6.211213	32.308242	-3.805325	49.578045	13.464317	47.874219	12.168164	
104	30.420723	-5.693005	47.806810	11.693243	42.053397	6.347343	32.178425	-3.935142	49.564745	13.451017	47.904707	12.198652	
105	30.433542	-5.680186	47.932234	11.818667	42.181474	6.475419	32.053001	-4.060566	49.551926	13.438198	47.937237	12.231183	
106	30.445872	-5.667856	48.053144	11.939577	42.301623	6.595568	31.932091	-4.181476	49.539596	13.425868	47.971589	12.265535	
107	30.457706	-5.656022	48.169428	12.055861	42.413999	6.707945	31.815807	-4.297760	49.527762	13.414034	48.007513	12.301459	
108	30.469037	-5.644691	48.280978	12.167411	42.518789	6.812734	31.704258	-4.409310	49.516431	13.402703	48.044735	12.338681	
109	30.479858	-5.633870	48.387694	12.274127	42.616201	6.910146	31.597541	-4.516026	49.505610	13.391882	48.082960	12.376905	
110	30.490163	-5.623565	48.489482	12.375915	42.706468	7.000413	31.495753	-4.617814	49.495305	13.381577	48.121873	12.415818	
111	30.499946	-5.613782	48.586254	12.472687	42.789839	7.083785	31.398982	-4.714585	49.485522	13.371794	48.161146	12.455092	
112	30.509200	-5.604527	48.677926	12.564359	42.866578	7.160524	31.307310	-4.806257	49.476267	13.362540	48.200445	12.494390	
113	30.517922	-5.595806	48.764421	12.650854	42.936955	7.230900	31.220815	-4.892752	49.467546	13.353818	48.239428	12.533373	
114	30.526105	-5.587623	48.845666	12.732099	43.001244	7.295189	31.139569	-4.973998	49.459363	13.345635	48.277754	12.571699	
115	30.533744	-5.579984	48.921595	12.808028	43.059718	7.353663	31.063640	-5.049927	49.451724	13.337996	48.315089	12.609034	
116	30.540836	-5.572892	48.992145	12.878578	43.112647	7.406593	30.993090	-5.120477	49.444632	13.330904	48.351106	12.645051	
117	30.547376	-5.566352	49.057260	12.943693	43.160291	7.454237	30.927976	-5.185592	49.438092	13.324364	48.385490	12.679435	
118	30.553360	-5.560368	49.116886	13.003318	43.202899	7.496844	30.868350	-5.245217	49.432108	13.318380	48.417945	12.711890	
119	30.558785	-5.554943	49.170975	13.057408	43.240703	7.534649	30.814260	-5.299307	49.426683	13.312955	48.448191	12.742136	
120	30.563647	-5.550081	49.219486	13.105919	43.273922	7.567867	30.765749	-5.347818	49.421821	13.308093	48.475970	12.769915	
121	30.567944	-5.545784	49.262379	13.148812	43.302753	7.596698	30.722856	-5.390711	49.417524	13.303796	48.501048	12.794993	
122	30.571673	-5.542055	49.299621	13.186054	43.327372	7.621318	30.685614	-5.427953	49.413795	13.300067	48.523215	12.817160	
123	30.574832	-5.538895	49.331183	13.217616	43.347937	7.641882	30.654052	-5.459515	49.410635	13.296908	48.542286	12.836232	
124	30.577420	-5.536308	49.357039	13.243472	43.364579	7.658525	30.628196	-5.485371	49.408048	13.294320	48.558106	12.852052	
125	30.579434	-5.534294	49.377171	13.263604	43.377409	7.671354	30.608064	-5.505503	49.406034	13.292306	48.570545	12.864491	
126	30.580873	-5.532855	49.391562	13.277995	43.386512	7.680457	30.593673	-5.519894	49.404595	13.290867	48.579503	12.873448	
127	30.581737	-5.531991	49.400201	13.286634	43.391948	7.685894	30.585034	-5.528533	49.403731	13.290003	48.584906	12.878851	
128	30.582025	-5.531703	49.403081	13.289514	48.586712	12.880657	30.582154	-5.531413	49.403443	13.289715	43.393757	7.687702	
129	30.584905	-5.528823	49.403369	13.289802	48.584906	12.878851	30.581866	-5.531701	49.400563	13.286835	43.391948	7.685894	
130	30.593544	-5.520184	49.404233	13.290666	48.579503	12.873448	30.581002	-5.532565	49.391924	13.278196	43.386512	7.680457	
131	30.607934	-5.505793	49.405673	13.292106	48.570545	12.864491	30.579563	-5.534005	49.377533	13.263806	43.377409	7.671354	
132	30.628066	-5.485662	49.407687	13.294120	48.558106	12.852052	30.577549	-5.536019	49.357402	13.243675	43.364579	7.658525	
133	30.653922	-5.459806	49.410274	13.296707	48.542286	12.836232	30.574961	-5.538606	49.331546	13.217818	43.347937	7.641882	
134	30.685482	-5.428245	49.413433	13.299866	48.523215	12.817160	30.571802	-5.541765	49.299985	13.186258	43.327372	7.621318	
135	30.722723	-5.391004	49.417163	13.303595	48.501048	12.794993	30.568073	-5.545494	49.262744	13.149017	43.302753	7.596698	
136	30.765615	-5.348112	49.421460	13.307893	48.475970	12.769915	30.563776	-5.549791	49.219852	13.106125	43.273922	7.567867	
137	30.814125	-5.299603	49.426322	13.312755	48.448191	12.742136	30.558913	-5.554654	49.171343	13.057615	43.240703	7.534649	
138	30.868213	-5.245515	49.431747	13.318180	48.417945	12.711890	30.553488	-5.560079	49.117255	13.003527	43.202899	7.496844	
139	30.927837	-5.185891	49.437731	13.324164	48.385490	12.679435	30.547504	-5.566063	49.057631	12.943903	43.160291	7.454237	
140	30.992950	-5.120778	49.444271	13.330704	48.351106	12.645051	30.540964	-5.572603	48.992518	12.878790	43.112647	7.406593	
141	31.063498	-5.050230	49.451363	13.337796	48.315089	12.609034	30.533872	-5.579695	48.921970	12.808242	43.059718	7.353663	
142	31.139425	-4.974303	49.459003	13.345436	48.277754	12.571699	30.526232	-5.587335	48.846043	12.732315	43.001244	7.295189	
143	31.220668	-4.893060	49.467186	13.353619	48.239428	12.533373	30.518049	-5.595518	48.764800	12.651072	42.936955	7.230900	
144	31.307160	-4.806568	49.475908	13.362341	48.200445	12.494390	30.509328	-5.604239	48.678308	12.564580	42.866578	7.160524	
145	31.398829	-4.714899	49.485163	13.371596	48.161146	12.455092	30.500073	-5.613495	48.586639	12.472911	42.789839	7.083785	
146	31.495598	-4.618130	49.494946	13.381379	48.121873	12.415818	30.490290	-5.623277	48.489870	12.376142	42.706468	7.000413	
147	31.597383	-4.516345	49.505251	13.391684	48.082960	12.376905	30.479984	-5.633583	48.388085	12.274357	42.616201	6.910146	
148	31.704095	-4.409633	49.516072	13.402505	48.044735	12.338681	30.469163	-5.644404	48.281373	12.167645	42.518789	6.812734	
149	31.815641	-4.298086	49.527403	13.413836	48.007513	12.301459	30.457832	-5.655735	48.169826	12.056099	42.413999	6.707945	
150	31.931921	-4.181807	49.539238	13.425671	47.971589	12.265535	30.445998	-5.667569	48.053547	11.939819	42.301623	6.595568	
151	32.052827	-4.060901	49.551568	13.438001	47.937237	12.231183	30.433667	-5.679900	47.932641	11.818913	42.181474	6.475419	
152	32.178246	-3.935482	49.564387	13.450820	47.904707	12.198652	30.420848	-5.692719	47.807222	11.693494	42.053397	6.347343	
153	32.308058	-3.805670	49.577688	13.464121	47.874219	12.168164	30.407547	-5.706020	47.677410	11.563682	41.917268	6.211213	
154	32.442136	-3.671592	49.591462	13.477895	47.845965	12.139910	30.393773	-5.719794	47.543332	11.429604	41.772994	6.066940	
155	32.580344	-3.533384	49.605702	13.492135	47.820106	12.114052	30.379533	-5.734034	47.405124	11.291396	41.620519	5.914465	
156	32.722538	-3.391190	49.620398	13.506831	47.796774	12.090720	30.364837	-5.748730	47.262930	11.149202	41.459820	5.753765	
157	32.868564	-3.245163	49.635543	13.521976	47.776070	12.070015	30.349692	-5.763875	47.116903	11.003176	41.290905	5.584851	
158	33.018260	-3.095467	49.651128	13.537560	47.758064	12.052009	30.334108	-5.779459	46.967207	10.853480	41.113818	5.407763	
159	33.171452	-2.942276	49.667142	13.553575	47.742803	12.036748	30.318093	-5.795474	46.814016	10.700288	40.928631	5.222576	
160	33.327953	-2.785775	49.683577	13.570010	47.730307	12.024252	30.301658	-5.811909	46.657515	10.543787	40.735443	5.029389	
161	33.487563	-2.626165	49.700423	13.586856	47.720574	12.014519	30.284812	-5.828755	46.497905	10.384177	40.534381	4.828327	
162	33.650068	-2.463660	49.717670	13.604103	47.713583	12.007529	30.267565	-5.846002	46.335400	10.221672	40.325593	4.619538	
163	33.815237	-2.298491	49.735307	13.621740	47.709297	12.003243	30.249928	-5.863639	46.170231	10.056503	40.109245	4.403191	
164	33.982820	-2.130908	49.753325	13.639758	47.707664	12.001609	30.231910	-5.881657	46.002648	9.888920	39.885524	4.179470	
165	34.152545	-1.961183	49.771713	13.658146	47.708619	12.002564	30.213522	-5.900045	45.832923	9.719195	39.654629	3.948574	
166	34.324116	-1.789611	49.790459	13.676892	47.712089	12.006035	30.194776	-5.918791	45.661351	9.547624	39.416771	3.710716	
167	34.497210	-1.616518	49.809553	13.695986	47.717995	12.011940	30.175682	-5.937885	45.488258	9.374531	39.172172	3.466117	
168	34.671468	-1.442260	49.828983	13.715416	47.726250	12.020195	30.156252	-5.957315	45.314000	9.200272	38.921061	3.215007	
169	34.846499	-1.267229	49.848737	13.735170	47.736765	12.030710	30.136498	-5.977069	45.138969	9.025241	38.663675	2.957621	
170	35.021863	-1.091864	49.868805	13.755238	47.749447	12.043392	30.116430	-5.997137	44.963604	8.849877	38.400255	2.694200	
171	35.197075	-0.916653	49.889173	13.775606	47.764203	12.058149	30.096062	-6.017505	44.788393	8.674665	38.131044	2.424989	
172	35.371587	-0.742141	49.909830	13.796263	47.780940	12.074885	30.075405	-6.038162	44.613881	8.500153	37.856290	2.150235	
173	35.544785	-0.568943	49.930764	13.817197	47.799562	12.093508	30.054471	-6.059096	44.440683	8.326955	37.576242	1.870188	
174	35.715974	-0.397754	49.951961	13.838394	47.819979	12.113925	30.033274	-6.080293	44.269494	8.155766	37.291150	1.585096	
175	35.884368	-0.229360	49.973410	13.859843	47.842099	12.136045	30.011825	-6.101742	44.101100	7.987372	37.001265	1.295210	
176	36.049076	-0.064652	49.995098	13.881530	47.865833	12.159778	29.990138	-6.123429	43.936392	7.822664	36.706837	1.000782	
177	36.209086	0.095359	50.017010	13.903443	47.891094	12.185039	29.968225	-6.145342	43.776381	7.662654	36.408116	0.702061	
178	36.363254	0.249526	50.039136	13.925569	47.917796	12.211741	29.946100	-6.167468	43.622214	7.508486	36.105351	0.399297	
179	36.510287	0.396560	50.061460	13.947893	47.945857	12.239802	29.923775	-6.189792	43.475180	7.361453	35.798793	0.092738	
180	36.648744	0.535016	50.083970	13.970403	47.975197	12.269143	29.901265	-6.212302	43.336724	7.222996	35.488688	-0.217367	
181	36.777029	0.663301	50.106653	13.993086	48.005739	12.299684	29.878582	-6.234985	43.208439	7.094711	35.175283	-0.530772	
182	36.893415	0.779687	50.129494	14.015927	48.037406	12.331352	29.855741	-6.257826	43.092053	6.978325	34.858825	-0.847230	
183	36.996077	0.882349	50.152480	14.038913	48.070127	12.364072	29.832755	-6.280812	42.989391	6.875663	34.539557	-1.166498	
184	37.083153	0.969425	50.175598	14.062031	48.103830	12.397775	29.809638	-6.303929	42.902315	6.788587	34.217723	-1.488332	
185	37.152839	1.039111	50.198832	14.085265	48.138447	12.432392	29.786403	-6.327164	42.832629	6.718901	33.893565	-1.812490	
186	37.203501	1.089773	50.222170	14.108603	48.173911	12.467857	29.763065	-6.350502	42.781967	6.668239	33.567323	-2.138732	
187	37.233809	1.120081	50.245598	14.132031	48.210160	12.504105	29.739638	-6.373929	42.751659	6.637931	33.239237	-2.466818	
188	42.742614	6.628886	50.269100	14.155533	48.247129	12.541075	29.716135	-6.397432	37.242854	1.129126	32.909545	-2.796510	
189	42.755220	6.641492	50.292664	14.179097	48.284760	12.578706	29.692572	-6.420995	37.230248	1.116520	32.578483	-3.127571	
190	42.789313	6.675585	50.316274	14.202707	48.322994	12.616939	29.668961	-6.444606	37.196155	1.082427	32.246287	-3.459768	
191	42.844198	6.730470	50.339917	14.226350	48.361773	12.655718	29.645318	-6.468249	37.141270	1.027542	31.913191	-3.792864	
192	42.918729	6.805001	50.363578	14.250011	48.401043	12.694988	29.621657	-6.491910	37.066739	0.953011	31.579426	-4.126629	
193	43.011425	6.897697	50.387244	14.273677	48.440749	12.734695	29.597991	-6.515576	36.974043	0.860315	31.245225	-4.460830	
194	43.120603	7.006875	50.410899	14.297332	48.480841	12.774786	29.574336	-6.539231	36.864865	0.751137	30.910816	-4.795239	
195	43.244489	7.130761	50.434530	14.320963	48.521267	12.815212	29.550705	-6.562862	36.740979	0.627251	30.576427	-5.129627	
196	43.381321	7.267593	50.458122	14.344555	48.561977	12.855922	29.527113	-6.586454	36.604147	0.490419	30.242286	-5.463768	
197	43.529413	7.415685	50.481661	14.368094	48.602923	12.896868	29.503575	-6.609993	36.456055	0.342327	29.908618	-5.797437	
198	43.687194	7.573467	50.505132	14.391565	48.644059	12.938004	29.480103	-6.633464	36.298274	0.184546	29.575644	-6.130410	
199	43.853236	7.739509	50.528523	14.414955	48.685338	12.979283	29.456713	-6.656854	36.132231	0.018504	29.243588	-6.462467	
200	44.026253	7.912525	50.551817	14.438250	48.726716	13.020661	29.433418	-6.680149	35.959215	-0.154513	28.912669	-6.793386	
201	44.205097	8.091369	50.575002	14.461435	48.768149	13.062094	29.410233	-6.703334	35.780371	-0.333357	28.583105	-7.122950	
202	44.388753	8.275025	50.598063	14.484496	48.809594	13.103539	29.387172	-6.726395	35.596715	-0.517013	28.255112	-7.450942	
203	44.576321	8.462593	50.620986	14.507419	48.851010	13.144955	29.364249	-6.749318	35.409147	-0.704581	27.928906	-7.777149	
204	44.767004	8.653277	50.643758	14.530191	48.892356	13.186301	29.341478	-6.772090	35.218464	-0.895264	27.604697	-8.101358	
205	44.960098	8.846370	50.666364	14.552797	48.933592	13.227537	29.318871	-6.794696	35.025370	-1.088358	27.282696	-8.423358	
206	45.154974	9.041246	50.688791	14.575224	48.974678	13.268624	29.296445	-6.817123	34.830494	-1.283234	26.963112	-8.742943	
207	45.351072	9.237344	50.711025	14.597458	49.015578	13.309523	29.274210	-6.839357	34.634396	-1.479332	26.646150	-9.059904	
208	45.547891	9.434164	50.733053	14.619485	49.056253	13.350199	29.252183	-6.861384	34.437576	-1.676151	26.332014	-9.374040	
209	45.744979	9.631251	50.754861	14.641294	49.096668	13.390613	29.230375	-6.883192	34.240489	-1.873239	26.020905	-9.685149	
210	45.941926	9.828198	50.776436	14.662869	49.136785	13.430730	29.208800	-6.904768	34.043542	-2.070186	25.713023	-9.993032	
211	46.138359	10.024631	50.797765	14.684198	49.176571	13.470516	29.187471	-6.926097	33.847109	-2.266619	25.408562	-10.297493	
212	46.333938	10.220210	50.818835	14.705268	49.215991	13.509937	29.166401	-6.947167	33.651530	-2.462198	25.107716	-10.598338	
213	46.528350	10.414622	50.839633	14.726066	49.255013	13.548958	29.145602	-6.967965	33.457118	-2.656610	24.810678	-10.895377	
214	46.721305	10.607577	50.860147	14.746579	49.293602	13.587547	29.125089	-6.988478	33.264163	-2.849565	24.517634	-11.188421	
215	46.912535	10.798807	50.880363	14.766796	49.331728	13.625673	29.104872	-7.008695	33.072933	-3.040795	24.228770	-11.477285	
216	47.101790	10.988062	50.900270	14.786703	49.369359	13.663304	29.084965	-7.028602	32.883678	-3.230050	23.944267	-11.761787	
217	47.288837	11.175109	50.919856	14.806289	49.406464	13.700409	29.065379	-7.048188	32.696631	-3.417097	23.664306	-12.041748	
218	47.473456	11.359728	50.939109	14.825542	49.443014	13.736960	29.046126	-7.067441	32.512012	-3.601716	23.389063	-12.316992	
219	47.655440	11.541712	50.958016	14.844449	49.478980	13.772926	29.027219	-7.086348	32.330028	-3.783700	23.118709	-12.587345	
220	47.834596	11.720868	50.976567	14.863000	49.514334	13.808279	29.008668	-7.104899	32.150872	-3.962856	22.853415	-12.852639	
221	48.010737	11.897009	50.994750	14.881183	49.549047	13.842993	28.990485	-7.123082	31.974731	-4.138997	22.593347	-13.112708	
222	48.183690	12.069963	51.012554	14.898987	49.583094	13.877039	28.972681	-7.140886	31.801777	-4.311950	22.338667	-13.367387	
223	48.353288	12.239561	51.029968	14.916401	49.616447	13.910392	28.955267	-7.158300	31.632179	-4.481548	22.089535	-13.616520	
224	48.519373	12.405646	51.046982	14.933415	49.649082	13.943027	28.938254	-7.175313	31.466094	-4.647633	21.846106	-13.859949	
225	48.681794	12.568066	51.063584	14.950017	49.680972	13.974918	28.921651	-7.191916	31.303674	-4.810054	21.608531	-14.097523	
226	48.840407	12.726679	51.079766	14.966199	49.712096	14.006041	28.905469	-7.208098	31.145061	-4.968667	21.376959	-14.329095	
227	48.995075	12.881347	51.095517	14.981950	49.742428	14.036374	28.889719	-7.223849	30.990393	-5.123335	21.151534	-14.554520	
228	49.145666	13.031938	51.110827	14.997260	49.771947	14.065892	28.874408	-7.239159	30.839802	-5.273926	20.932396	-14.773659	
229	49.292056	13.178328	51.125688	15.012120	49.800631	14.094576	28.859548	-7.254019	30.693412	-5.420316	20.719681	-14.986374	
230	49.434123	13.320395	51.140089	15.026522	49.828457	14.122403	28.845146	-7.268421	30.551345	-5.562383	20.513521	-15.192534	
231	49.571754	13.458027	51.154023	15.040456	49.855407	14.149352	28.831212	-7.282355	30.413713	-5.700014	20.314044	-15.392011	
232	49.704840	13.591112	51.167481	15.053913	49.881460	14.175405	28.817755	-7.295812	30.280628	-5.833100	20.121374	-15.584681	
233	49.833276	13.719548	51.180454	15.066887	49.906596	14.200542	28.804782	-7.308786	30.152192	-5.961536	19.935629	-15.770425	
234	49.956963	13.843235	51.192934	15.079367	49.930799	14.224745	28.792301	-7.321266	30.028505	-6.085223	19.756926	-15.949129	
235	50.075805	13.962077	51.204915	15.091348	49.954050	14.247996	28.780320	-7.333247	29.909663	-6.204065	19.585374	-16.120680	
236	50.189713	14.075985	51.216389	15.102822	49.976333	14.270278	28.768847	-7.344721	29.795755	-6.317973	19.421080	-16.284974	
237	50.298601	14.184873	51.227348	15.113781	49.997631	14.291577	28.757887	-7.355680	29.686867	-6.426861	19.264146	-16.441909	
238	50.402388	14.288660	51.237786	15.124219	50.017930	14.311875	28.747449	-7.366118	29.583080	-6.530648	19.114667	-16.591387	
239	50.500997	14.387269	51.247697	15.134129	50.037214	14.331160	28.737539	-7.376028	29.484471	-6.629257	18.972737	-16.733317	
240	50.594355	14.480627	51.257074	15.143507	50.055471	14.349416	28.728162	-7.385406	29.391113	-6.722615	18.838444	-16.867611	
241	50.682395	14.568667	51.265912	15.152345	50.072686	14.366631	28.719324	-7.394244	29.303073	-6.810655	18.711869	-16.994186	
242	50.765053	14.651325	51.274205	15.160638	50.088848	14.382794	28.711030	-7.402537	29.220415	-6.893313	18.593092	-17.112963	
243	50.842268	14.728540	51.281949	15.168382	50.103946	14.397891	28.703287	-7.410280	29.143200	-6.970528	18.482185	-17.223870	
244	50.913985	14.800258	51.289138	15.175571	50.117968	14.411913	28.696097	-7.417470	29.071483	-7.042245	18.379217	-17.326838	
245	50.980154	14.866426	51.295768	15.182201	50.130905	14.424850	28.689467	-7.424100	29.005314	-7.108414	18.284251	-17.421804	
246	51.040726	14.926998	51.301836	15.188269	50.142748	14.436693	28.683400	-7.430168	28.944742	-7.168986	18.197346	-17.508709	
247	51.095659	14.981931	51.307337	15.193769	50.153488	14.447433	28.677899	-7.435668	28.889809	-7.223919	18.118555	-17.587499	
248	51.144914	15.031186	51.312267	15.198700	50.163118	14.457063	28.672968	-7.440599	28.840554	-7.273174	18.047928	-17.658127	
249	51.188456	15.074729	51.316625	15.203058	50.171631	14.465576	28.668610	-7.444957	28.797011	-7.316716	17.985507	-17.720548	
250	51.226255	15.112527	51.320408	15.206841	50.179020	14.472966	28.664828	-7.448740	28.759213	-7.354515	17.931330	-17.774724	
251	51.258283	15.144555	51.323612	15.210045	50.185282	14.479227	28.661623	-7.451944	28.727185	-7.386543	17.885432	-17.820623	
252	51.284519	15.170791	51.326236	15.212669	50.190411	14.484357	28.658999	-7.454568	28.700949	-7.412779	17.847841	-17.858214	
253	51.304943	15.191215	51.328279	15.214712	50.194405	14.488350	28.656956	-7.456611	28.680525	-7.433203	17.818579	-17.887476	
254	51.319542	15.205815	51.329739	15.216172	50.197259	14.491204	28.655496	-7.458071	28.665925	-7.447802	17.797665	-17.908390	
255	51.328306	15.214578	51.330616	15.217049	50.198972	14.492917	28.654620	-7.458948	28.657162	-7.456566	17.785111	-17.920944	
256	51.330908	15.217341	51.331228	15.217500	50.199543	14.493489	28.654240	-7.459488	28.654327	-7.459240	17.780925	-17.925129	
257	51.325920	15.212277	51.329788	15.216135	50.198400	14.492346	28.655570	-7.458081	28.659426	-7.454218	17.789296	-17.916759	
258	51.310508	15.196862	51.325920	15.212271	50.194966	14.488911	28.659433	-7.454215	28.674842	-7.438804	17.814395	-17.891660	
259	51.284836	15.171190	51.319473	15.205825	50.189222	14.483168	28.665879	-7.447769	28.700514	-7.413133	17.856187	-17.849867	
260	51.248944	15.135297	51.310432	15.196784	50.181143	14.475088	28.674920	-7.438728	28.736407	-7.377240	17.914614	-17.791440	
261	51.202879	15.089232	51.298780	15.185132	50.170687	14.464633	28.686572	-7.427076	28.782472	-7.331175	17.989594	-17.716461	
262	51.146704	15.033057	51.284496	15.170848	50.157807	14.451752	28.700856	-7.412791	28.838647	-7.275000	18.081020	-17.625035	
263	51.080495	14.966847	51.267554	15.153906	50.142440	14.436385	28.717798	-7.395850	28.904857	-7.208790	18.188765	-17.517290	
264	51.004339	14.890692	51.247925	15.134277	50.124515	14.418461	28.737427	-7.376221	28.981012	-7.132635	18.312676	-17.393378	
265	50.918341	14.804693	51.225575	15.111927	50.103952	14.397897	28.759777	-7.353871	29.067011	-7.046636	18.452581	-17.253474	
266	50.822614	14.708967	51.200466	15.086819	50.080659	14.374604	28.784885	-7.328762	29.162737	-6.950910	18.608282	-17.097772	
267	50.717289	14.603641	51.172557	15.058910	50.054534	14.348480	28.812794	-7.300853	29.268063	-6.845585	18.779563	-16.926492	
268	50.602505	14.488858	51.141803	15.028155	50.025468	14.319414	28.843549	-7.270099	29.382846	-6.730801	18.966183	-16.739872	
269	50.478418	14.364771	51.108154	14.994507	49.993342	14.287288	28.877197	-7.236450	29.506933	-6.606714	19.167881	-16.538173	
270	50.345194	14.231547	51.071561	14.957914	49.958029	14.251974	28.913791	-7.199857	29.640157	-6.473490	19.384377	-16.321677	
271	50.203012	14.089364	51.031968	14.918321	49.919392	14.213337	28.953383	-7.160264	29.782340	-6.331308	19.615370	-16.090685	
272	50.052061	13.938414	50.989320	14.875672	49.877291	14.171236	28.996032	-7.117616	29.933290	-6.180357	19.860538	-15.845517	
273	49.892546	13.778898	50.943557	14.829909	49.831575	14.125520	29.041795	-7.071853	30.092806	-6.020841	20.119540	-15.586514	
274	49.724678	13.611030	50.894619	14.780972	49.782089	14.076034	29.090732	-7.022915	30.260674	-5.852974	20.392020	-15.314035	
275	49.548684	13.435036	50.842446	14.728798	49.728673	14.022618	29.142906	-6.970742	30.436668	-5.676980	20.677600	-15.028455	
276	49.364799	13.251151	50.786974	14.673327	49.671161	13.965106	29.198378	-6.915270	30.620553	-5.493095	20.975887	-14.730168	
277	49.173270	13.059622	50.728141	14.614493	49.609383	13.903328	29.257211	-6.856437	30.812082	-5.301566	21.286470	-14.419585	
278	48.974354	12.860706	50.665884	14.552237	49.543166	13.837111	29.319467	-6.794180	31.010998	-5.102650	21.608923	-14.097132	
279	48.768318	12.654670	50.600142	14.486494	49.472334	13.766279	29.385210	-6.728438	31.217034	-4.896614	21.942804	-13.763250	
280	48.555440	12.441792	50.530853	14.417205	49.396710	13.690655	29.454499	-6.659149	31.429912	-4.683736	22.287658	-13.418397	
281	48.336006	12.222358	50.457958	14.344311	49.316116	13.610061	29.527393	-6.586254	31.649346	-4.464301	22.643014	-13.063041	
282	48.110312	11.996665	50.381401	14.267754	49.230373	13.524319	29.603950	-6.509697	31.875039	-4.238608	23.008387	-12.697667	
283	47.878665	11.765018	50.301129	14.187481	49.139305	13.433250	29.684223	-6.429425	32.106686	-4.006961	23.383283	-12.322772	
284	47.641380	11.527733	50.217091	14.103444	49.042734	13.336680	29.768261	-6.345387	32.343971	-3.769676	23.767192	-11.938862	
285	47.398780	11.285133	50.129243	14.015595	48.940491	13.234436	29.856109	-6.257539	32.586571	-3.527076	24.159595	-11.546460	
286	47.151199	11.037552	50.037544	13.923897	48.832405	13.126351	29.947807	-6.165840	32.834152	-3.279495	24.559961	-11.146094	
287	46.898979	10.785332	49.941963	13.828315	48.718315	13.012260	30.043389	-6.070259	33.086372	-3.027275	24.967748	-10.738307	
288	46.642472	10.528824	49.842472	13.728824	48.598063	12.892009	30.142880	-5.970768	33.342880	-2.770768	25.382405	-10.323649	
289	46.382038	10.268391	49.739055	13.625408	48.471503	12.765448	30.246297	-5.867351	33.603313	-2.510334	25.803372	-9.902683	
290	46.118050	10.004402	49.631705	13.518057	48.338493	12.632439	30.353647	-5.760001	33.867302	-2.246346	26.230078	-9.475976	
291	45.850887	9.737240	49.520425	13.406777	48.198907	12.492853	30.464927	-5.648721	34.134464	-1.979183	26.661944	-9.044110	
292	45.580943	9.467295	49.405232	13.291584	48.052630	12.346575	30.580120	-5.533528	34.404409	-1.709239	27.098381	-8.607674	
293	45.308621	9.194973	49.286157	13.172510	47.899560	12.193505	30.699194	-5.414453	34.676731	-1.436917	27.538790	-8.167265	
294	45.034338	8.920691	49.163249	13.049602	47.739613	12.033559	30.822102	-5.291545	34.951013	-1.162634	27.982563	-7.723491	
295	44.758527	8.644880	49.036575	12.922927	47.572727	11.866672	30.948777	-5.164871	35.226824	-0.886823	28.429081	-7.276974	
296	44.481635	8.367988	48.906222	12.792575	47.398858	11.692803	31.079130	-5.034518	35.503717	-0.609931	28.877711	-6.828343	
297	44.204129	8.090481	48.772305	12.658657	47.217990	11.511935	31.213047	-4.900601	35.781223	-0.332425	29.327809	-6.378246	
298	43.926496	7.812848	48.634965	12.521318	47.030137	11.324082	31.350386	-4.763261	36.058856	-0.054792	29.778712	-5.927342	
299	43.649249	7.535602	48.494378	12.380731	46.835346	11.129291	31.490973	-4.622674	36.336102	0.222455	30.229739	-5.476316	
300	43.372932	7.259284	48.350756	12.237109	46.633705	10.927651	31.634595	-4.479052	36.612420	0.498772	30.680185	-5.025870	
301	43.098119	6.984472	48.204357	12.090710	46.425351	10.719296	31.780995	-4.332653	36.887232	0.773585	31.129314	-4.576741	
302	42.825430	6.711782	48.055488	11.941841	46.210473	10.504419	31.929863	-4.183784	37.159922	1.046274	31.576355	-4.129700	
303	42.555530	6.441882	47.904519	11.790871	45.989333	10.283279	32.080833	-4.032815	37.429822	1.316174	32.020489	-3.685565	
304	42.289145	6.175498	47.751887	11.638239	45.762271	10.056216	32.233465	-3.880183	37.696207	1.582559	32.460838	-3.245216	
305	42.027070	5.913423	47.598114	11.484466	45.529729	9.823674	32.387238	-3.726410	37.958281	1.844634	32.896447	-2.809608	
306	41.770185	5.656538	47.443818	11.330171	45.292272	9.586217	32.541533	-3.572114	38.215167	2.101519	33.326260	-2.379795	
307	41.519469	5.405821	47.289733	11.176085	45.050621	9.344566	32.695619	-3.418029	38.465883	2.352236	33.749093	-1.956962	
308	41.276019	5.162372	47.136722	11.023075	44.805694	9.099640	32.848630	-3.265018	38.709332	2.595685	34.163592	-1.542463	
309	41.041076	4.927428	46.985807	10.872160	44.558661	8.852607	32.999545	-3.114103	38.944276	2.830629	34.568179	-1.137876	
310	40.816038	4.702390	46.838186	10.724538	44.311014	8.604959	33.147166	-2.966482	39.169314	3.055666	34.960982	-0.745073	
311	40.602491	4.488843	46.695257	10.581609	44.064663	8.358609	33.290095	-2.823553	39.382861	3.269213	35.339741	-0.366314	
312	40.402222	4.288575	46.558637	10.444989	43.822060	8.116005	33.426715	-2.686932	39.583130	3.469482	35.701686	-0.004368	
313	40.217229	4.103582	46.430170	10.316523	43.586346	7.880291	33.555181	-2.558466	39.768122	3.654475	36.043387	0.337333	
314	40.049713	3.936066	46.311922	10.198274	43.361532	7.655477	33.673430	-2.440218	39.935639	3.821991	36.360579	0.654524	
315	39.902038	3.788390	46.206138	10.092491	43.152665	7.446610	33.779213	-2.334434	40.083314	3.969666	36.647991	0.941936	
316	39.776659	3.663012	46.115172	10.001525	42.965935	7.259880	33.870179	-2.243468	40.208692	4.095045	36.899245	1.193191	
317	39.675993	3.562346	46.041358	9.927711	42.808571	7.102517	33.943993	-2.169654	40.309358	4.195711	37.106956	1.400902	
318	39.602247	3.488600	45.986839	9.873191	42.688361	6.982307	33.998513	-2.115134	40.383104	4.269457	37.263216	1.557161	
319	39.557212	3.443565	45.953358	9.839710	42.612621	6.906566	34.031994	-2.081654	40.428139	4.314492	37.360620	1.654566	
320	40.443288	3.428417	45.942064	4.329640	42.586712	6.880657	34.043287	-2.070360	39.542064	9.828417	37.393757	1.687702	
321	34.031994	-2.081654	40.428139	4.314492	37.360620	1.654566	39.557212	3.443565	45.953358	9.839710	42.612621	6.906566	
322	33.998513	-2.115134	40.383104	4.269457	37.263216	1.557161	39.602247	3.488600	45.986839	9.873191	42.688361	6.982307	
323	33.943993	-2.169654	40.309358	4.195711	37.106956	1.400902	39.675993	3.562346	46.041358	9.927711	42.808571	7.102517	
324	33.870179	-2.243468	40.208692	4.095045	36.899245	1.193191	39.776659	3.663012	46.115172	10.001525	42.965935	7.259880	
325	33.779213	-2.334434	40.083314	3.969666	36.647991	0.941936	39.902038	3.788390	46.206138	10.092491	43.152665	7.446610	
326	33.673430	-2.440218	39.935639	3.821991	36.360579	0.654524	40.049713	3.936066	46.311922	10.198274	43.361532	7.655477	
327	33.555181	-2.558466	39.768122	3.654475	36.043387	0.337333	40.217229	4.103582	46.430170	10.316523	43.586346	7.880291	
328	33.426715	-2.686932	39.583130	3.469482	35.701686	-0.004368	40.402222	4.288575	46.558637	10.444989	43.822060	8.116005	
329	33.290095	-2.823553	39.382861	3.269213	35.339741	-0.366314	40.602491	4.488843	46.695257	10.581609	44.064663	8.358609	
330	33.147166	-2.966482	39.169314	3.055666	34.960982	-0.745073	40.816038	4.702390	46.838186	10.724538	44.311014	8.604959	
331	32.999545	-3.114103	38.944276	2.830629	34.568179	-1.137876	41.041076	4.927428	46.985807	10.872160	44.558661	8.852607	
332	32.848630	-3.265018	38.709332	2.595685	34.163592	-1.542463	41.276019	5.162372	47.136722	11.023075	44.805694	9.099640	
333	32.695619	-3.418029	38.465883	2.352236	33.749093	-1.956962	41.519469	5.405821	47.289733	11.176085	45.050621	9.344566	
334	32.541533	-3.572114	38.215167	2.101519	33.326260	-2.379795	41.770185	5.656538	47.443818	11.330171	45.292272	9.586217	
335	32.387238	-3.726410	37.958281	1.844634	32.896447	-2.809608	42.027070	5.913423	47.598114	11.484466	45.529729	9.823674	
336	32.233465	-3.880183	37.696207	1.582559	32.460838	-3.245216	42.289145	6.175498	47.751887	11.638239	45.762271	10.056216	
337	32.080833	-4.032815	37.429822	1.316174	32.020489	-3.685565	42.555530	6.441882	47.904519	11.790871	45.989333	10.283279	
338	31.929863	-4.183784	37.159922	1.046274	31.576355	-4.129700	42.825430	6.711782	48.055488	11.941841	46.210473	10.504419	
339	31.780995	-4.332653	36.887232	0.773585	31.129314	-4.576741	43.098119	6.984472	48.204357	12.090710	46.425351	10.719296	
340	31.634595	-4.479052	36.612420	0.498772	30.680185	-5.025870	43.372932	7.259284	48.350756	12.237109	46.633705	10.927651	
341	31.490973	-4.622674	36.336102	0.222455	30.229739	-5.476316	43.649249	7.535602	48.494378	12.380731	46.835346	11.129291	
342	31.350386	-4.763261	36.058856	-0.054792	29.778712	-5.927342	43.926496	7.812848	48.634965	12.521318	47.030137	11.324082	
343	31.213047	-4.900601	35.781223	-0.332425	29.327809	-6.378246	44.204129	8.090481	48.772305	12.658657	47.217990	11.511935	
344	31.079130	-5.034518	35.503717	-0.609931	28.877711	-6.828343	44.481635	8.367988	48.906222	12.792575	47.398858	11.692803	
345	30.948777	-5.164871	35.226824	-0.886823	28.429081	-7.276974	44.758527	8.644880	49.036575	12.922927	47.572727	11.866672	
346	30.822102	-5.291545	34.951013	-1.162634	27.982563	-7.723491	45.034338	8.920691	49.163249	13.049602	47.739613	12.033559	
347	30.699194	-5.414453	34.676731	-1.436917	27.538790	-8.167265	45.308621	9.194973	49.286157	13.172510	47.899560	12.193505	
348	30.580120	-5.533528	34.404409	-1.709239	27.098381	-8.607674	45.580943	9.467295	49.405232	13.291584	48.052630	12.346575	
349	30.464927	-5.648721	34.134464	-1.979183	26.661944	-9.044110	45.850887	9.737240	49.520425	13.406777	48.198907	12.492853	
350	30.353647	-5.760001	33.867302	-2.246346	26.230078	-9.475976	46.118050	10.004402	49.631705	13.518057	48.338493	12.632439	
351	30.246297	-5.867351	33.603313	-2.510334	25.803372	-9.902683	46.382038	10.268391	49.739055	13.625408	48.471503	12.765448	
352	30.142880	-5.970768	33.342880	-2.770768	25.382405	-10.323649	46.642472	10.528824	49.842472	13.728824	48.598063	12.892009	
353	30.043389	-6.070259	33.086372	-3.027275	24.967748	-10.738307	46.898979	10.785332	49.941963	13.828315	48.718315	13.012260	
354	29.947807	-6.165840	32.834152	-3.279495	24.559961	-11.146094	47.151199	11.037552	50.037544	13.923897	48.832405	13.126351	
355	29.856109	-6.257539	32.586571	-3.527076	24.159595	-11.546460	47.398780	11.285133	50.129243	14.015595	48.940491	13.234436	
356	29.768261	-6.345387	32.343971	-3.769676	23.767192	-11.938862	47.641380	11.527733	50.217091	14.103444	49.042734	13.336680	
357	29.684223	-6.429425	32.106686	-4.006961	23.383283	-12.322772	47.878665	11.765018	50.301129	14.187481	49.139305	13.433250	
358	29.603950	-6.509697	31.875039	-4.238608	23.008387	-12.697667	48.110312	11.996665	50.381401	14.267754	49.230373	13.524319	
359	29.527393	-6.586254	31.649346	-4.464301	22.643014	-13.063041	48.336006	12.222358	50.457958	14.344311	49.316116	13.610061	
360	29.454499	-6.659149	31.429912	-4.683736	22.287658	-13.418397	48.555440	12.441792	50.530853	14.417205	49.396710	13.690655	
361	29.385210	-6.728438	31.217034	-4.896614	21.942804	-13.763250	48.768318	12.654670	50.600142	14.486494	49.472334	13.766279	
362	29.319467	-6.794180	31.010998	-5.102650	21.608923	-14.097132	48.974354	12.860706	50.665884	14.552237	49.543166	13.837111	
363	29.257211	-6.856437	30.812082	-5.301566	21.286470	-14.419585	49.173270	13.059622	50.728141	14.614493	49.609383	13.903328	
364	29.198378	-6.915270	30.620553	-5.493095	20.975887	-14.730168	49.364799	13.251151	50.786974	14.673327	49.671161	13.965106	
365	29.142906	-6.970742	30.436668	-5.676980	20.677600	-15.028455	49.548684	13.435036	50.842446	14.728798	49.728673	14.022618	
366	29.090732	-7.022915	30.260674	-5.852974	20.392020	-15.314035	49.724678	13.611030	50.894619	14.780972	49.782089	14.076034	
367	29.041795	-7.071853	30.092806	-6.020841	20.119540	-15.586514	49.892546	13.778898	50.943557	14.829909	49.831575	14.125520	
368	28.996032	-7.117616	29.933290	-6.180357	19.860538	-15.845517	50.052061	13.938414	50.989320	14.875672	49.877291	14.171236	
369	28.953383	-7.160264	29.782340	-6.331308	19.615370	-16.090685	50.203012	14.089364	51.031968	14.918321	49.919392	14.213337	
370	28.913791	-7.199857	29.640157	-6.473490	19.384377	-16.321677	50.345194	14.231547	51.071561	14.957914	49.958029	14.251974	
371	28.877197	-7.236450	29.506933	-6.606714	19.167881	-16.538173	50.478418	14.364771	51.108154	14.994507	49.993342	14.287288	
372	28.843549	-7.270099	29.382846	-6.730801	18.966183	-16.739872	50.602505	14.488858	51.141803	15.028155	50.025468	14.319414	
373	28.812794	-7.300853	29.268063	-6.845585	18.779563	-16.926492	50.717289	14.603641	51.172557	15.058910	50.054534	14.348480	
374	28.784885	-7.328762	29.162737	-6.950910	18.608282	-17.097772	50.822614	14.708967	51.200466	15.086819	50.080659	14.374604	
375	28.759777	-7.353871	29.067011	-7.046636	18.452581	-17.253474	50.918341	14.804693	51.225575	15.111927	50.103952	14.397897	
376	28.737427	-7.376221	28.981012	-7.132635	18.312676	-17.393378	51.004339	14.890692	51.247925	15.134277	50.124515	14.418461	
377	28.717798	-7.395850	28.904857	-7.208790	18.188765	-17.517290	51.080495	14.966847	51.267554	15.153906	50.142440	14.436385	
378	28.700856	-7.412791	28.838647	-7.275000	18.081020	-17.625035	51.146704	15.033057	51.284496	15.170848	50.157807	14.451752	
379	28.686572	-7.427076	28.782472	-7.331175	17.989594	-17.716461	51.202879	15.089232	51.298780	15.185132	50.170687	14.464633	
380	28.674920	-7.438728	28.736407	-7.377240	17.914614	-17.791440	51.248944	15.135297	51.310432	15.196784	50.181143	14.475088	
381	28.665879	-7.447769	28.700514	-7.413133	17.856187	-17.849867	51.284836	15.171190	51.319473	15.205825	50.189222	14.483168	
382	28.659433	-7.454215	28.674842	-7.438804	17.814395	-17.891660	51.310508	15.196862	51.325920	15.212271	50.194966	14.488911	
383	28.655570	-7.458081	28.659426	-7.454218	17.789296	-17.916759	51.325920	15.212277	51.329788	15.216135	50.198400	14.492346	
384	28.654240	-7.459488	28.654327	-7.459240	17.780925	-17.925129	51.330908	15.217341	51.331228	15.217500	50.199543	14.493489	
