#p	a1_up	a1_dn	b1_up	b1_dn	c1_up	c1_dn	a2_up	a2_dn	b2_up	b2_dn	c2_up	c2_dn	NaN
0	-1.475906	-1.469315	-1.475906	-1.469315	-12.559265	-12.550476	20.524094	20.530685	20.524094	20.530685	19.440735	19.449524	
1	-1.475605	-1.469013	-1.472895	-1.466303	-12.555049	-12.546260	20.521082	20.527674	20.523792	20.530384	19.440133	19.448922	
2	-1.474702	-1.468110	-1.463861	-1.457269	-12.542402	-12.533613	20.512048	20.518640	20.522889	20.529481	19.438326	19.447115	
3	-1.473197	-1.466605	-1.448811	-1.442219	-12.521332	-12.512543	20.496998	20.503590	20.521384	20.527976	19.435316	19.444105	
4	-1.471091	-1.464499	-1.427754	-1.421162	-12.491851	-12.483062	20.475941	20.482533	20.519278	20.525870	19.431104	19.439893	
5	-1.468386	-1.461794	-1.400702	-1.394110	-12.453979	-12.445190	20.448889	20.455481	20.516573	20.523165	19.425694	19.434483	
6	-1.465083	-1.458491	-1.367671	-1.361080	-12.407736	-12.398947	20.415859	20.422451	20.513270	20.519862	19.419088	19.427877	
7	-1.461184	-1.454592	-1.328683	-1.322091	-12.353152	-12.344363	20.376870	20.383462	20.509371	20.515963	19.411290	19.420079	
8	-1.456692	-1.450100	-1.283759	-1.277167	-12.290259	-12.281470	20.331946	20.338538	20.504879	20.511471	19.402305	19.411095	
9	-1.451609	-1.445017	-1.232928	-1.226336	-12.219095	-12.210306	20.281115	20.287707	20.499796	20.506388	19.392139	19.400928	
10	-1.445938	-1.439346	-1.176219	-1.169627	-12.139703	-12.130914	20.224406	20.230998	20.494125	20.500717	19.380797	19.389587	
11	-1.439682	-1.433091	-1.113667	-1.107075	-12.052130	-12.043341	20.161854	20.168446	20.487870	20.494461	19.368287	19.377076	
12	-1.432847	-1.426255	-1.045310	-1.038718	-11.956430	-11.947641	20.093497	20.100089	20.481034	20.487626	19.354616	19.363405	
13	-1.425435	-1.418843	-0.971188	-0.964596	-11.852660	-11.843871	20.019375	20.025967	20.473622	20.480214	19.339791	19.348580	
14	-1.417450	-1.410859	-0.891347	-0.884755	-11.740882	-11.732093	19.939534	19.946126	20.465638	20.472229	19.323823	19.332612	
15	-1.408899	-1.402307	-0.805834	-0.799243	-11.621164	-11.612375	19.854022	19.860613	20.457086	20.463678	19.306721	19.315510	
16	-1.399786	-1.393194	-0.714702	-0.708110	-11.493579	-11.484790	19.762889	19.769481	20.447973	20.454565	19.288494	19.297283	
17	-1.390116	-1.383524	-0.618004	-0.611412	-11.358202	-11.349413	19.666191	19.672783	20.438303	20.444895	19.269154	19.277944	
18	-1.379896	-1.373304	-0.515799	-0.509208	-11.215115	-11.206326	19.563987	19.570578	20.428083	20.434675	19.248714	19.257503	
19	-1.369131	-1.362539	-0.408149	-0.401558	-11.064405	-11.055616	19.456337	19.462928	20.417318	20.423910	19.227184	19.235973	
20	-1.357828	-1.351236	-0.295119	-0.288527	-10.906163	-10.897374	19.343306	19.349898	20.406015	20.412607	19.204577	19.213367	
21	-1.345993	-1.339402	-0.176776	-0.170184	-10.740483	-10.731694	19.224964	19.231555	20.394181	20.400772	19.180909	19.189698	
22	-1.333635	-1.327043	-0.053192	-0.046601	-10.567466	-10.558677	19.101380	19.107972	20.381822	20.388414	19.156192	19.164981	
23	-1.320760	-1.314168	0.075558	0.082150	-10.387215	-10.378426	18.972629	18.979221	20.368947	20.375539	19.130442	19.139231	
24	-1.307376	-1.300784	0.209397	0.215989	-10.199840	-10.191051	18.838790	18.845382	20.355563	20.362155	19.103674	19.112463	
25	-1.293491	-1.286899	0.348245	0.354837	-10.005453	-9.996664	18.699942	18.706534	20.341678	20.348270	19.075905	19.084694	
26	-1.279114	-1.272522	0.492018	0.498610	-9.804171	-9.795382	18.556169	18.562761	20.327301	20.333893	19.047150	19.055939	
27	-1.264253	-1.257661	0.640629	0.647221	-9.596115	-9.587326	18.407558	18.414150	20.312440	20.319032	19.017428	19.026217	
28	-1.248917	-1.242325	0.793989	0.800581	-9.381412	-9.372622	18.254198	18.260790	20.297104	20.303696	18.986756	18.995545	
29	-1.233115	-1.226523	0.952005	0.958597	-9.160189	-9.151400	18.096182	18.102774	20.281302	20.287894	18.955153	18.963942	
30	-1.216858	-1.210266	1.114582	1.121174	-8.932581	-8.923792	17.933605	17.940197	20.265045	20.271637	18.922637	18.931426	
31	-1.200153	-1.193562	1.281623	1.288215	-8.698724	-8.689935	17.766564	17.773156	20.248341	20.254933	18.889229	18.898018	
32	-1.183013	-1.176421	1.453026	1.459618	-8.458760	-8.449971	17.595161	17.601753	20.231200	20.237792	18.854949	18.863738	
33	-1.165447	-1.158855	1.628688	1.635280	-8.212833	-8.204044	17.419499	17.426091	20.213634	20.220226	18.819816	18.828605	
34	-1.147465	-1.140874	1.808504	1.815096	-7.961091	-7.952302	17.239683	17.246275	20.195653	20.202244	18.783853	18.792642	
35	-1.129079	-1.122487	1.992365	1.998957	-7.703685	-7.694896	17.055822	17.062414	20.177266	20.183858	18.747081	18.755870	
36	-1.110300	-1.103708	2.180161	2.186753	-7.440771	-7.431982	16.868026	16.874618	20.158487	20.165079	18.709522	18.718311	
37	-1.091138	-1.084546	2.371778	2.378370	-7.172507	-7.163718	16.676410	16.683001	20.139325	20.145917	18.671198	18.679987	
38	-1.071606	-1.065014	2.567101	2.573692	-6.899055	-6.890266	16.481087	16.487678	20.119793	20.126385	18.632134	18.640923	
39	-1.051715	-1.045123	2.766012	2.772604	-6.620580	-6.611791	16.282176	16.288767	20.099902	20.106494	18.592351	18.601140	
40	-1.031477	-1.024885	2.968391	2.974983	-6.337248	-6.328459	16.079796	16.086388	20.079664	20.086256	18.551875	18.560664	
41	-1.010904	-1.004312	3.174117	3.180709	-6.049232	-6.040443	15.874070	15.880662	20.059091	20.065683	18.510730	18.519519	
42	-0.990009	-0.983417	3.383066	3.389658	-5.756704	-5.747915	15.665121	15.671713	20.038196	20.044788	18.468940	18.477730	
43	-0.968805	-0.962213	3.595112	3.601703	-5.459840	-5.451051	15.453076	15.459667	20.016992	20.023584	18.426531	18.435320	
44	-0.947303	-0.940711	3.810126	3.816718	-5.158820	-5.150030	15.238061	15.244653	19.995490	20.002082	18.383528	18.392317	
45	-0.925518	-0.918926	4.027980	4.034572	-4.853824	-4.845035	15.020207	15.026799	19.973705	19.980297	18.339958	18.348747	
46	-0.903461	-0.896870	4.248543	4.255134	-4.545037	-4.536247	14.799645	14.806236	19.951649	19.958241	18.295845	18.304634	
47	-0.881148	-0.874556	4.471680	4.478272	-4.232644	-4.223855	14.576507	14.583099	19.929335	19.935927	18.251218	18.260007	
48	-0.858590	-0.851998	4.697259	4.703851	-3.916833	-3.908044	14.350928	14.357520	19.906777	19.913369	18.206102	18.214891	
49	-0.835801	-0.829210	4.925143	4.931735	-3.597796	-3.589007	14.123044	14.129636	19.883989	19.890580	18.160525	18.169314	
50	-0.812796	-0.806204	5.155195	5.161787	-3.275723	-3.266934	13.892992	13.899584	19.860983	19.867575	18.114515	18.123304	
51	-0.789588	-0.782996	5.387276	5.393868	-2.950810	-2.942021	13.660911	13.667503	19.837775	19.844367	18.068098	18.076888	
52	-0.766191	-0.759599	5.621247	5.627839	-2.623251	-2.614462	13.426940	13.433532	19.814378	19.820970	18.021304	18.030093	
53	-0.742619	-0.736027	5.856966	5.863558	-2.293244	-2.284455	13.191221	13.197813	19.790806	19.797398	17.974160	17.982950	
54	-0.718887	-0.712295	6.094292	6.100884	-1.960988	-1.952199	12.953895	12.960487	19.767074	19.773666	17.926695	17.935484	
55	-0.695008	-0.688416	6.333081	6.339673	-1.626683	-1.617894	12.715106	12.721698	19.743195	19.749787	17.878937	17.887727	
56	-0.670997	-0.664405	6.573190	6.579782	-1.290530	-1.281741	12.474997	12.481589	19.719184	19.725776	17.830916	17.839705	
57	-0.646868	-0.640276	6.814475	6.821067	-0.952732	-0.943943	12.233713	12.240304	19.695056	19.701647	17.782659	17.791448	
58	-0.622637	-0.616045	7.056789	7.063381	-0.613492	-0.604703	11.991398	11.997990	19.670824	19.677416	17.734196	17.742985	
59	-0.598317	-0.591725	7.299987	7.306579	-0.273015	-0.264226	11.748200	11.754792	19.646504	19.653096	17.685556	17.694345	
60	-0.573924	-0.567332	7.543922	7.550514	0.068495	0.077284	11.504265	11.510857	19.622111	19.628703	17.636769	17.645558	
61	-0.549471	-0.542879	7.788448	7.795040	0.410831	0.419620	11.259739	11.266331	19.597658	19.604250	17.587864	17.596653	
62	-0.524974	-0.518382	8.033417	8.040009	0.753787	0.762576	11.014770	11.021362	19.573161	19.579753	17.538870	17.547659	
63	-0.500448	-0.493856	8.278681	8.285273	1.097158	1.105947	10.769506	10.776098	19.548635	19.555227	17.489817	17.498607	
64	-0.475906	-0.469315	8.524094	8.530685	1.440735	1.449524	10.524094	10.530685	19.524094	19.530685	17.440735	17.449524	
65	-0.451365	-0.444773	8.769506	8.776098	1.784312	1.793101	10.278681	10.285273	19.499552	19.506144	17.391653	17.400442	
66	-0.426839	-0.420247	9.014770	9.021362	2.127682	2.136471	10.033417	10.040009	19.475026	19.481618	17.342600	17.351389	
67	-0.402342	-0.395750	9.259739	9.266331	2.470639	2.479428	9.788448	9.795040	19.450529	19.457121	17.293606	17.302395	
68	-0.377889	-0.371297	9.504262	9.510853	2.812975	2.821764	9.543926	9.550517	19.426076	19.432668	17.244701	17.253490	
69	-0.353496	-0.346904	9.748201	9.754792	3.154484	3.163273	9.299987	9.306578	19.401683	19.408275	17.195914	17.204703	
70	-0.329176	-0.322584	9.991399	9.997990	3.494961	3.503750	9.056789	9.063381	19.377363	19.383955	17.147274	17.156063	
71	-0.304944	-0.298353	10.233713	10.240304	3.834201	3.842990	8.814475	8.821066	19.353132	19.359724	17.098811	17.107600	
72	-0.280816	-0.274224	10.474997	10.481589	4.171999	4.180788	8.573190	8.579782	19.329003	19.335595	17.050554	17.059343	
73	-0.256805	-0.250213	10.715106	10.721698	4.508152	4.516941	8.333081	8.339673	19.304992	19.311584	17.002533	17.011322	
74	-0.232926	-0.226334	10.953895	10.960487	4.842457	4.851246	8.094292	8.100884	19.281113	19.287705	16.954775	16.963564	
75	-0.209194	-0.202602	11.191221	11.197813	5.174713	5.183502	7.856966	7.863558	19.257381	19.263973	16.907310	16.916099	
76	-0.185622	-0.179030	11.426940	11.433532	5.504720	5.513509	7.621247	7.627839	19.233809	19.240401	16.860166	16.868955	
77	-0.162225	-0.155633	11.660911	11.667503	5.832279	5.841068	7.387276	7.393868	19.210412	19.217004	16.813372	16.822161	
78	-0.139017	-0.132425	11.892992	11.899584	6.157193	6.165982	7.155195	7.161787	19.187204	19.193796	16.766955	16.775744	
79	-0.116011	-0.109420	12.123044	12.129636	6.479265	6.488054	6.925143	6.931735	19.164199	19.170790	16.720945	16.729734	
80	-0.093223	-0.086631	12.350928	12.357520	6.798303	6.807092	6.697259	6.703851	19.141410	19.148002	16.675368	16.684157	
81	-0.070665	-0.064073	12.576507	12.583099	7.114113	7.122902	6.471680	6.478272	19.118852	19.125444	16.630252	16.639042	
82	-0.048351	-0.041759	12.799645	12.806236	7.426506	7.435295	6.248543	6.255134	19.096539	19.103130	16.585625	16.594414	
83	-0.026295	-0.019703	13.020207	13.026799	7.735293	7.744082	6.027980	6.034572	19.074482	19.081074	16.541512	16.550302	
84	-0.004510	0.002082	13.238061	13.244653	8.040289	8.049078	5.810126	5.816718	19.052697	19.059289	16.497942	16.506731	
85	0.016992	0.023584	13.453076	13.459667	8.341309	8.350098	5.595112	5.601703	19.031195	19.037787	16.454939	16.463728	
86	0.038196	0.044788	13.665121	13.671713	8.638173	8.646962	5.383066	5.389658	19.009991	19.016583	16.412530	16.421319	
87	0.059091	0.065683	13.874070	13.880662	8.930701	8.939490	5.174117	5.180709	18.989096	18.995688	16.370740	16.379529	
88	0.079664	0.086256	14.079796	14.086388	9.218718	9.227507	4.968391	4.974983	18.968523	18.975115	16.329595	16.338384	
89	0.099902	0.106494	14.282176	14.288767	9.502049	9.510838	4.766012	4.772603	18.948285	18.954877	16.289119	16.297908	
90	0.119793	0.126385	14.481087	14.487678	9.780525	9.789314	4.567101	4.573692	18.928394	18.934986	16.249337	16.258126	
91	0.139325	0.145917	14.676410	14.683001	10.053977	10.062766	4.371778	4.378370	18.908862	18.915454	16.210272	16.219061	
92	0.158487	0.165079	14.868026	14.874618	10.322240	10.331030	4.180161	4.186753	18.889700	18.896292	16.171949	16.180738	
93	0.177266	0.183858	15.055822	15.062414	10.585154	10.593943	3.992365	3.998957	18.870921	18.877513	16.134390	16.143179	
94	0.195653	0.202244	15.239683	15.246275	10.842560	10.851349	3.808504	3.815096	18.852535	18.859126	16.097617	16.106406	
95	0.213634	0.220226	15.419499	15.426091	11.094302	11.103091	3.628688	3.635280	18.834553	18.841145	16.061654	16.070443	
96	0.231200	0.237792	15.595161	15.601753	11.340229	11.349018	3.453026	3.459618	18.816987	18.823579	16.026522	16.035311	
97	0.248341	0.254933	15.766564	15.773156	11.580194	11.588983	3.281623	3.288215	18.799847	18.806438	15.992241	16.001030	
98	0.265045	0.271637	15.933605	15.940197	11.814050	11.822839	3.114582	3.121174	18.783143	18.789734	15.958833	15.967622	
99	0.281302	0.287894	16.096182	16.102774	12.041658	12.050447	2.952005	2.958597	18.766885	18.773477	15.926318	15.935107	
100	0.297104	0.303696	16.254198	16.260790	12.262881	12.271670	2.793989	2.800581	18.751083	18.757675	15.894715	15.903504	
101	0.312440	0.319032	16.407558	16.414150	12.477584	12.486373	2.640629	2.647221	18.735747	18.742339	15.864043	15.872832	
102	0.327301	0.333893	16.556169	16.562761	12.685640	12.694429	2.492018	2.498610	18.720886	18.727478	15.834320	15.843110	
103	0.341678	0.348270	16.699942	16.706534	12.886922	12.895711	2.348245	2.354837	18.706509	18.713101	15.805566	15.814355	
104	0.355563	0.362155	16.838790	16.845382	13.081309	13.090098	2.209397	2.215989	18.692624	18.699216	15.777796	15.786585	
105	0.368947	0.375539	16.972629	16.979221	13.268684	13.277473	2.075558	2.082150	18.679240	18.685832	15.751029	15.759818	
106	0.381822	0.388414	17.101380	17.107972	13.448934	13.457724	1.946808	1.953399	18.666365	18.672957	15.725279	15.734068	
107	0.394181	0.400772	17.224964	17.231555	13.621952	13.630741	1.823224	1.829816	18.654007	18.660598	15.700562	15.709351	
108	0.406015	0.412607	17.343306	17.349898	13.787631	13.796420	1.704881	1.711473	18.642172	18.648764	15.676893	15.685683	
109	0.417318	0.423910	17.456337	17.462928	13.945874	13.954663	1.591851	1.598442	18.630869	18.637461	15.654288	15.663077	
110	0.428083	0.434675	17.563987	17.570578	14.096584	14.105373	1.484201	1.490792	18.620104	18.626696	15.632758	15.641547	
111	0.438303	0.444895	17.666191	17.672783	14.239670	14.248459	1.381996	1.388588	18.609884	18.616476	15.612317	15.621106	
112	0.447973	0.454565	17.762889	17.769481	14.375047	14.383836	1.285298	1.291890	18.600214	18.606806	15.592978	15.601767	
113	0.457086	0.463678	17.854022	17.860613	14.502632	14.511421	1.194166	1.200757	18.591101	18.597693	15.574751	15.583540	
114	0.465638	0.472229	17.939534	17.946126	14.622349	14.631139	1.108653	1.115245	18.582550	18.589141	15.557649	15.566438	
115	0.473622	0.480214	18.019375	18.025967	14.734127	14.742916	1.028812	1.035404	18.574565	18.581157	15.541681	15.550470	
116	0.481034	0.487626	18.093497	18.100089	14.837896	14.846686	0.954690	0.961282	18.567153	18.573745	15.526857	15.535646	
117	0.487870	0.494461	18.161854	18.168446	14.933596	14.942385	0.886333	0.892925	18.560318	18.566909	15.513186	15.521975	
118	0.494125	0.500717	18.224406	18.230998	15.021168	15.029957	0.823781	0.830373	18.554062	18.560654	15.500677	15.509466	
119	0.499796	0.506388	18.281115	18.287707	15.100559	15.109348	0.767072	0.773664	18.548392	18.554983	15.489336	15.498125	
120	0.504879	0.511471	18.331946	18.338538	15.171722	15.180511	0.716241	0.722833	18.543308	18.549900	15.479171	15.487960	
121	0.509371	0.515963	18.376870	18.383462	15.234613	15.243402	0.671317	0.677909	18.538816	18.545408	15.470189	15.478978	
122	0.513270	0.519862	18.415859	18.422451	15.289194	15.297983	0.632329	0.638920	18.534917	18.541509	15.462394	15.471183	
123	0.516573	0.523165	18.448889	18.455481	15.335431	15.344220	0.599298	0.605890	18.531614	18.538206	15.455794	15.464583	
124	0.519278	0.525870	18.475941	18.482533	15.373293	15.382082	0.572246	0.578838	18.528909	18.535501	15.450393	15.459182	
125	0.521384	0.527976	18.496998	18.503590	15.402752	15.411541	0.551189	0.557781	18.526803	18.533395	15.446203	15.454992	
126	0.522889	0.529481	18.512048	18.518640	15.423761	15.432550	0.536139	0.542731	18.525298	18.531890	15.443255	15.452044	
127	0.523792	0.530384	18.521082	18.527674	15.436108	15.444897	0.527105	0.533697	18.524395	18.530987	15.441748	15.450537	
128	0.524094	0.530685	18.524094	18.530685	15.444897	15.444897	0.524094	0.530685	18.524094	18.530685	15.439270	15.448059	
129	0.527105	0.533697	18.524395	18.530987	15.441748	15.450537	0.523792	0.530384	18.521082	18.527674	15.436108	15.444897	
130	0.536139	0.542731	18.525298	18.531890	15.443255	15.452044	0.522889	0.529481	18.512048	18.518640	15.423761	15.432550	
131	0.551189	0.557781	18.526803	18.533395	15.446203	15.454992	0.521384	0.527976	18.496998	18.503590	15.402752	15.411541	
132	0.572246	0.578838	18.528909	18.535501	15.450393	15.459182	0.519278	0.525870	18.475941	18.482533	15.373293	15.382082	
133	0.599298	0.605890	18.531614	18.538206	15.455794	15.464583	0.516573	0.523165	18.448889	18.455481	15.335431	15.344220	
134	0.632329	0.638920	18.534917	18.541509	15.462394	15.471183	0.513270	0.519862	18.415859	18.422451	15.289194	15.297983	
135	0.671317	0.677909	18.538816	18.545408	15.470189	15.478978	0.509371	0.515963	18.376870	18.383462	15.234613	15.243402	
136	0.716241	0.722833	18.543308	18.549900	15.479171	15.487960	0.504879	0.511471	18.331946	18.338538	15.171722	15.180511	
137	0.767072	0.773664	18.548392	18.554983	15.489336	15.498125	0.499796	0.506388	18.281115	18.287707	15.100559	15.109348	
138	0.823781	0.830373	18.554062	18.560654	15.500677	15.509466	0.494125	0.500717	18.224406	18.230998	15.021168	15.029957	
139	0.886333	0.892925	18.560318	18.566909	15.513186	15.521975	0.487870	0.494461	18.161854	18.168446	14.933596	14.942385	
140	0.954690	0.961282	18.567153	18.573745	15.526857	15.535646	0.481034	0.487626	18.093497	18.100089	14.837896	14.846686	
141	1.028812	1.035404	18.574565	18.581157	15.541681	15.550470	0.473622	0.480214	18.019375	18.025967	14.734127	14.742916	
142	1.108653	1.115245	18.582550	18.589141	15.557649	15.566438	0.465638	0.472229	17.939534	17.946126	14.622349	14.631139	
143	1.194166	1.200757	18.591101	18.597693	15.574751	15.583540	0.457086	0.463678	17.854022	17.860613	14.502632	14.511421	
144	1.285298	1.291890	18.600214	18.606806	15.592978	15.601767	0.447973	0.454565	17.762889	17.769481	14.375047	14.383836	
145	1.381996	1.388588	18.609884	18.616476	15.612317	15.621106	0.438303	0.444895	17.666191	17.672783	14.239670	14.248459	
146	1.484201	1.490792	18.620104	18.626696	15.632758	15.641547	0.428083	0.434675	17.563987	17.570578	14.096584	14.105373	
147	1.591851	1.598442	18.630869	18.637461	15.654288	15.663077	0.417318	0.423910	17.456337	17.462928	13.945874	13.954663	
148	1.704881	1.711473	18.642172	18.648764	15.676893	15.685683	0.406015	0.412607	17.343306	17.349898	13.787631	13.796420	
149	1.823224	1.829816	18.654007	18.660598	15.700562	15.709351	0.394181	0.400772	17.224964	17.231555	13.621952	13.630741	
150	1.946808	1.953399	18.666365	18.672957	15.725279	15.734068	0.381822	0.388414	17.101380	17.107972	13.448934	13.457724	
151	2.075558	2.082150	18.679240	18.685832	15.751029	15.759818	0.368947	0.375539	16.972629	16.979221	13.268684	13.277473	
152	2.209397	2.215989	18.692624	18.699216	15.777796	15.786585	0.355563	0.362155	16.838790	16.845382	13.081309	13.090098	
153	2.348245	2.354837	18.706509	18.713101	15.805566	15.814355	0.341678	0.348270	16.699942	16.706534	12.886922	12.895711	
154	2.492018	2.498610	18.720886	18.727478	15.834320	15.843110	0.327301	0.333893	16.556169	16.562761	12.685640	12.694429	
155	2.640629	2.647221	18.735747	18.742339	15.864043	15.872832	0.312440	0.319032	16.407558	16.414150	12.477584	12.486373	
156	2.793989	2.800581	18.751083	18.757675	15.894715	15.903504	0.297104	0.303696	16.254198	16.260790	12.262881	12.271670	
157	2.952005	2.958597	18.766885	18.773477	15.926318	15.935107	0.281302	0.287894	16.096182	16.102774	12.041658	12.050447	
158	3.114582	3.121174	18.783143	18.789734	15.958833	15.967622	0.265045	0.271637	15.933605	15.940197	11.814050	11.822839	
159	3.281623	3.288215	18.799847	18.806438	15.992241	16.001030	0.248341	0.254933	15.766564	15.773156	11.580194	11.588983	
160	3.453026	3.459618	18.816987	18.823579	16.026522	16.035311	0.231200	0.237792	15.595161	15.601753	11.340229	11.349018	
161	3.628688	3.635280	18.834553	18.841145	16.061654	16.070443	0.213634	0.220226	15.419499	15.426091	11.094302	11.103091	
162	3.808504	3.815096	18.852535	18.859126	16.097617	16.106406	0.195653	0.202244	15.239683	15.246275	10.842560	10.851349	
163	3.992365	3.998957	18.870921	18.877513	16.134390	16.143179	0.177266	0.183858	15.055822	15.062414	10.585154	10.593943	
164	4.180161	4.186753	18.889700	18.896292	16.171949	16.180738	0.158487	0.165079	14.868026	14.874618	10.322240	10.331030	
165	4.371778	4.378370	18.908862	18.915454	16.210272	16.219061	0.139325	0.145917	14.676410	14.683001	10.053977	10.062766	
166	4.567101	4.573692	18.928394	18.934986	16.249337	16.258126	0.119793	0.126385	14.481087	14.487678	9.780525	9.789314	
167	4.766012	4.772603	18.948285	18.954877	16.289119	16.297908	0.099902	0.106494	14.282176	14.288767	9.502049	9.510838	
168	4.968391	4.974983	18.968523	18.975115	16.329595	16.338384	0.079664	0.086256	14.079796	14.086388	9.218718	9.227507	
169	5.174117	5.180709	18.989096	18.995688	16.370740	16.379529	0.059091	0.065683	13.874070	13.880662	8.930701	8.939490	
170	5.383066	5.389658	19.009991	19.016583	16.412530	16.421319	0.038196	0.044788	13.665121	13.671713	8.638173	8.646962	
171	5.595112	5.601703	19.031195	19.037787	16.454939	16.463728	0.016992	0.023584	13.453076	13.459667	8.341309	8.350098	
172	5.810126	5.816718	19.052697	19.059289	16.497942	16.506731	-0.004510	0.002082	13.238061	13.244653	8.040289	8.049078	
173	6.027980	6.034572	19.074482	19.081074	16.541512	16.550302	-0.026295	-0.019703	13.020207	13.026799	7.735293	7.744082	
174	6.248543	6.255134	19.096539	19.103130	16.585625	16.594414	-0.048351	-0.041759	12.799645	12.806236	7.426506	7.435295	
175	6.471680	6.478272	19.118852	19.125444	16.630252	16.639042	-0.070665	-0.064073	12.576507	12.583099	7.114113	7.122902	
176	6.697259	6.703851	19.141410	19.148002	16.675368	16.684157	-0.093223	-0.086631	12.350928	12.357520	6.798303	6.807092	
177	6.925143	6.931735	19.164199	19.170790	16.720945	16.729734	-0.116011	-0.109420	12.123044	12.129636	6.479265	6.488054	
178	7.155195	7.161787	19.187204	19.193796	16.766955	16.775744	-0.139017	-0.132425	11.892992	11.899584	6.157193	6.165982	
179	7.387276	7.393868	19.210412	19.217004	16.813372	16.822161	-0.162225	-0.155633	11.660911	11.667503	5.832279	5.841068	
180	7.621247	7.627839	19.233809	19.240401	16.860166	16.868955	-0.185622	-0.179030	11.426940	11.433532	5.504720	5.513509	
181	7.856966	7.863558	19.257381	19.263973	16.907310	16.916099	-0.209194	-0.202602	11.191221	11.197813	5.174713	5.183502	
182	8.094292	8.100884	19.281113	19.287705	16.954775	16.963564	-0.232926	-0.226334	10.953895	10.960487	4.842457	4.851246	
183	8.333081	8.339673	19.304992	19.311584	17.002533	17.011322	-0.256805	-0.250213	10.715106	10.721698	4.508152	4.516941	
184	8.573190	8.579782	19.329003	19.335595	17.050554	17.059343	-0.280816	-0.274224	10.474997	10.481589	4.171999	4.180788	
185	8.814475	8.821066	19.353132	19.359724	17.098811	17.107600	-0.304944	-0.298353	10.233713	10.240304	3.834201	3.842990	
186	9.056789	9.063381	19.377363	19.383955	17.147274	17.156063	-0.329176	-0.322584	9.991399	9.997990	3.494961	3.503750	
187	9.299987	9.306578	19.401683	19.408275	17.195914	17.204703	-0.353496	-0.346904	9.748201	9.754792	3.154484	3.163273	
188	9.543926	9.550517	19.426076	19.432668	17.244701	17.253490	-0.377889	-0.371297	9.504262	9.510853	2.812975	2.821764	
189	9.788448	9.795040	19.450529	19.457121	17.293606	17.302395	-0.402342	-0.395750	9.259739	9.266331	2.470639	2.479428	
190	10.033417	10.040009	19.475026	19.481618	17.342600	17.351389	-0.426839	-0.420247	9.014770	9.021362	2.127682	2.136471	
191	10.278681	10.285273	19.499552	19.506144	17.391653	17.400442	-0.451365	-0.444773	8.769506	8.776098	1.784312	1.793101	
192	10.524094	10.530685	19.524094	19.530685	17.440735	17.449524	-0.475906	-0.469315	8.524094	8.530685	1.440735	1.449524	
193	10.769506	10.776098	19.548635	19.555227	17.489817	17.498607	-0.500448	-0.493856	8.278681	8.285273	1.097158	1.105947	
194	11.014770	11.021362	19.573161	19.579753	17.538870	17.547659	-0.524974	-0.518382	8.033417	8.040009	0.753787	0.762576	
195	11.259739	11.266331	19.597658	19.604250	17.587864	17.596653	-0.549471	-0.542879	7.788448	7.795040	0.410831	0.419620	
196	11.504265	11.510857	19.622111	19.628703	17.636769	17.645558	-0.573924	-0.567332	7.543922	7.550514	0.068495	0.077284	
197	11.748200	11.754792	19.646504	19.653096	17.685556	17.694345	-0.598317	-0.591725	7.299987	7.306579	-0.273015	-0.264226	
198	11.991398	11.997990	19.670824	19.677416	17.734196	17.742985	-0.622637	-0.616045	7.056789	7.063381	-0.613492	-0.604703	
199	12.233713	12.240304	19.695056	19.701647	17.782659	17.791448	-0.646868	-0.640276	6.814475	6.821067	-0.952732	-0.943943	
200	12.474997	12.481589	19.719184	19.725776	17.830916	17.839705	-0.670997	-0.664405	6.573190	6.579782	-1.290530	-1.281741	
201	12.715106	12.721698	19.743195	19.749787	17.878937	17.887727	-0.695008	-0.688416	6.333081	6.339673	-1.626683	-1.617894	
202	12.953895	12.960487	19.767074	19.773666	17.926695	17.935484	-0.718887	-0.712295	6.094292	6.100884	-1.960988	-1.952199	
203	13.191221	13.197813	19.790806	19.797398	17.974160	17.982950	-0.742619	-0.736027	5.856966	5.863558	-2.293244	-2.284455	
204	13.426940	13.433532	19.814378	19.820970	18.021304	18.030093	-0.766191	-0.759599	5.621247	5.627839	-2.623251	-2.614462	
205	13.660911	13.667503	19.837775	19.844367	18.068098	18.076888	-0.789588	-0.782996	5.387276	5.393868	-2.950810	-2.942021	
206	13.892992	13.899584	19.860983	19.867575	18.114515	18.123304	-0.812796	-0.806204	5.155195	5.161787	-3.275723	-3.266934	
207	14.123044	14.129636	19.883989	19.890580	18.160525	18.169314	-0.835801	-0.829210	4.925143	4.931735	-3.597796	-3.589007	
208	14.350928	14.357520	19.906777	19.913369	18.206102	18.214891	-0.858590	-0.851998	4.697259	4.703851	-3.916833	-3.908044	
209	14.576507	14.583099	19.929335	19.935927	18.251218	18.260007	-0.881148	-0.874556	4.471680	4.478272	-4.232644	-4.223855	
210	14.799645	14.806236	19.951649	19.958241	18.295845	18.304634	-0.903461	-0.896870	4.248543	4.255134	-4.545037	-4.536247	
211	15.020207	15.026799	19.973705	19.980297	18.339958	18.348747	-0.925518	-0.918926	4.027980	4.034572	-4.853824	-4.845035	
212	15.238061	15.244653	19.995490	20.002082	18.383528	18.392317	-0.947303	-0.940711	3.810126	3.816718	-5.158820	-5.150030	
213	15.453076	15.459667	20.016992	20.023584	18.426531	18.435320	-0.968805	-0.962213	3.595112	3.601703	-5.459840	-5.451051	
214	15.665121	15.671713	20.038196	20.044788	18.468940	18.477730	-0.990009	-0.983417	3.383066	3.389658	-5.756704	-5.747915	
215	15.874070	15.880662	20.059091	20.065683	18.510730	18.519519	-1.010904	-1.004312	3.174117	3.180709	-6.049232	-6.040443	
216	16.079796	16.086388	20.079664	20.086256	18.551875	18.560664	-1.031477	-1.024885	2.968391	2.974983	-6.337248	-6.328459	
217	16.282176	16.288767	20.099902	20.106494	18.592351	18.601140	-1.051715	-1.045123	2.766012	2.772604	-6.620580	-6.611791	
218	16.481087	16.487678	20.119793	20.126385	18.632134	18.640923	-1.071606	-1.065014	2.567101	2.573692	-6.899055	-6.890266	
219	16.676410	16.683001	20.139325	20.145917	18.671198	18.679987	-1.091138	-1.084546	2.371778	2.378370	-7.172507	-7.163718	
220	16.868026	16.874618	20.158487	20.165079	18.709522	18.718311	-1.110300	-1.103708	2.180161	2.186753	-7.440771	-7.431982	
221	17.055822	17.062414	20.177266	20.183858	18.747081	18.755870	-1.129079	-1.122487	1.992365	1.998957	-7.703685	-7.694896	
222	17.239683	17.246275	20.195653	20.202244	18.783853	18.792642	-1.147465	-1.140874	1.808504	1.815096	-7.961091	-7.952302	
223	17.419499	17.426091	20.213634	20.220226	18.819816	18.828605	-1.165447	-1.158855	1.628688	1.635280	-8.212833	-8.204044	
224	17.595161	17.601753	20.231200	20.237792	18.854949	18.863738	-1.183013	-1.176421	1.453026	1.459618	-8.458760	-8.449971	
225	17.766564	17.773156	20.248341	20.254933	18.889229	18.898018	-1.200153	-1.193562	1.281623	1.288215	-8.698724	-8.689935	
226	17.933605	17.940197	20.265045	20.271637	18.922637	18.931426	-1.216858	-1.210266	1.114582	1.121174	-8.932581	-8.923792	
227	18.096182	18.102774	20.281302	20.287894	18.955153	18.963942	-1.233115	-1.226523	0.952005	0.958597	-9.160189	-9.151400	
228	18.254198	18.260790	20.297104	20.303696	18.986756	18.995545	-1.248917	-1.242325	0.793989	0.800581	-9.381412	-9.372622	
229	18.407558	18.414150	20.312440	20.319032	19.017428	19.026217	-1.264253	-1.257661	0.640629	0.647221	-9.596115	-9.587326	
230	18.556169	18.562761	20.327301	20.333893	19.047150	19.055939	-1.279114	-1.272522	0.492018	0.498610	-9.804171	-9.795382	
231	18.699942	18.706534	20.341678	20.348270	19.075905	19.084694	-1.293491	-1.286899	0.348245	0.354837	-10.005453	-9.996664	
232	18.838790	18.845382	20.355563	20.362155	19.103674	19.112463	-1.307376	-1.300784	0.209397	0.215989	-10.199840	-10.191051	
233	18.972629	18.979221	20.368947	20.375539	19.130442	19.139231	-1.320760	-1.314168	0.075558	0.082150	-10.387215	-10.378426	
234	19.101380	19.107972	20.381822	20.388414	19.156192	19.164981	-1.333635	-1.327043	-0.053192	-0.046601	-10.567466	-10.558677	
235	19.224964	19.231555	20.394181	20.400772	19.180909	19.189698	-1.345993	-1.339402	-0.176776	-0.170184	-10.740483	-10.731694	
236	19.343306	19.349898	20.406015	20.412607	19.204577	19.213367	-1.357828	-1.351236	-0.295119	-0.288527	-10.906163	-10.897374	
237	19.456337	19.462928	20.417318	20.423910	19.227184	19.235973	-1.369131	-1.362539	-0.408149	-0.401558	-11.064405	-11.055616	
238	19.563987	19.570578	20.428083	20.434675	19.248714	19.257503	-1.379896	-1.373304	-0.515799	-0.509208	-11.215115	-11.206326	
239	19.666191	19.672783	20.438303	20.444895	19.269154	19.277944	-1.390116	-1.383524	-0.618004	-0.611412	-11.358202	-11.349413	
240	19.762889	19.769481	20.447973	20.454565	19.288494	19.297283	-1.399786	-1.393194	-0.714702	-0.708110	-11.493579	-11.484790	
241	19.854022	19.860613	20.457086	20.463678	19.306721	19.315510	-1.408899	-1.402307	-0.805834	-0.799243	-11.621164	-11.612375	
242	19.939534	19.946126	20.465638	20.472229	19.323823	19.332612	-1.417450	-1.410859	-0.891347	-0.884755	-11.740882	-11.732093	
243	20.019375	20.025967	20.473622	20.480214	19.339791	19.348580	-1.425435	-1.418843	-0.971188	-0.964596	-11.852660	-11.843871	
244	20.093497	20.100089	20.481034	20.487626	19.354616	19.363405	-1.432847	-1.426255	-1.045310	-1.038718	-11.956430	-11.947641	
245	20.161854	20.168446	20.487870	20.494461	19.368287	19.377076	-1.439682	-1.433091	-1.113667	-1.107075	-12.052130	-12.043341	
246	20.224406	20.230998	20.494125	20.500717	19.380797	19.389587	-1.445938	-1.439346	-1.176219	-1.169627	-12.139703	-12.130914	
247	20.281115	20.287707	20.499796	20.506388	19.392139	19.400928	-1.451609	-1.445017	-1.232928	-1.226336	-12.219095	-12.210306	
248	20.331946	20.338538	20.504879	20.511471	19.402305	19.411095	-1.456692	-1.450100	-1.283759	-1.277167	-12.290259	-12.281470	
249	20.376870	20.383462	20.509371	20.515963	19.411290	19.420079	-1.461184	-1.454592	-1.328683	-1.322091	-12.353152	-12.344363	
250	20.415859	20.422451	20.513270	20.519862	19.419088	19.427877	-1.465083	-1.458491	-1.367671	-1.361080	-12.407736	-12.398947	
251	20.448889	20.455481	20.516573	20.523165	19.425694	19.434483	-1.468386	-1.461794	-1.400702	-1.394110	-12.453979	-12.445190	
252	20.475941	20.482533	20.519278	20.525870	19.431104	19.439893	-1.471091	-1.464499	-1.427754	-1.421162	-12.491851	-12.483062	
253	20.496998	20.503590	20.521384	20.527976	19.435316	19.444105	-1.473197	-1.466605	-1.448811	-1.442219	-12.521332	-12.512543	
254	20.512048	20.518640	20.522889	20.529481	19.438326	19.447115	-1.474702	-1.468110	-1.463861	-1.457269	-12.542402	-12.533613	
255	20.521082	20.527674	20.523792	20.530384	19.440133	19.448922	-1.475605	-1.469013	-1.472895	-1.466303	-12.555049	-12.546260	
256	20.524094	20.530685	20.524094	20.530685	19.440735	19.449524	-1.475906	-1.469315	-1.475906	-1.469315	-12.559265	-12.550476	
257	20.518853	20.525445	20.522708	20.529300	19.439530	19.448319	-1.474521	-1.467929	-1.470666	-1.464074	-12.550833	-12.542044	
258	20.503139	20.509731	20.518548	20.525140	19.435908	19.444697	-1.470361	-1.463769	-1.454952	-1.448360	-12.525547	-12.516758	
259	20.476971	20.483563	20.511606	20.518198	19.429853	19.438642	-1.463419	-1.456827	-1.428784	-1.422192	-12.483442	-12.474653	
260	20.440382	20.446974	20.501869	20.508461	19.421335	19.430124	-1.453682	-1.447090	-1.392195	-1.385603	-12.424577	-12.415788	
261	20.393419	20.400010	20.489319	20.495910	19.410314	19.419103	-1.441131	-1.434539	-1.345231	-1.338639	-12.349032	-12.340242	
262	20.336140	20.342732	20.473931	20.480523	19.396738	19.405527	-1.425743	-1.419152	-1.287953	-1.281361	-12.256910	-12.248121	
263	20.268618	20.275210	20.455677	20.462269	19.380545	19.389334	-1.407490	-1.400898	-1.220431	-1.213839	-12.148340	-12.139551	
264	20.190939	20.197531	20.434524	20.441116	19.361661	19.370450	-1.386337	-1.379745	-1.142752	-1.136160	-12.023468	-12.014679	
265	20.103200	20.109792	20.410434	20.417026	19.340001	19.348790	-1.362247	-1.355655	-1.055013	-1.048421	-11.882467	-11.873678	
266	20.005511	20.012103	20.383363	20.389955	19.315471	19.324260	-1.335176	-1.328584	-0.957324	-0.950732	-11.725529	-11.716740	
267	19.897996	19.904588	20.353265	20.359856	19.287966	19.296755	-1.305077	-1.298486	-0.849809	-0.843217	-11.552868	-11.544079	
268	19.780789	19.787381	20.320086	20.326678	19.257371	19.266161	-1.271899	-1.265307	-0.732601	-0.726010	-11.364719	-11.355930	
269	19.654036	19.660627	20.283772	20.290363	19.223563	19.232352	-1.235584	-1.228993	-0.605848	-0.599257	-11.161339	-11.152550	
270	19.517895	19.524487	20.244262	20.250853	19.186409	19.195198	-1.196074	-1.189483	-0.469708	-0.463116	-10.943002	-10.934213	
271	19.372536	19.379128	20.201493	20.208084	19.145766	19.154555	-1.153305	-1.146714	-0.324349	-0.317757	-10.710003	-10.701214	
272	19.218139	19.224731	20.155398	20.161989	19.101487	19.110276	-1.107210	-1.100619	-0.169952	-0.163360	-10.462658	-10.453869	
273	19.054895	19.061487	20.105907	20.112498	19.053414	19.062203	-1.057719	-1.051128	-0.006708	-0.000116	-10.201298	-10.192509	
274	18.883005	18.889597	20.052947	20.059538	19.001384	19.010173	-1.004759	-0.998168	0.165182	0.171774	-9.926274	-9.917485	
275	18.702680	18.709272	19.996442	20.003034	18.945226	18.954015	-0.948255	-0.941663	0.345507	0.352099	-9.637952	-9.629163	
276	18.514140	18.520732	19.936315	19.942907	18.884764	18.893554	-0.888128	-0.881536	0.534047	0.540639	-9.336716	-9.327927	
277	18.317615	18.324207	19.872486	19.879078	18.819819	18.828608	-0.824299	-0.817707	0.730572	0.737164	-9.022965	-9.014176	
278	18.113343	18.119935	19.804874	19.811465	18.750202	18.758992	-0.756686	-0.750095	0.934844	0.941436	-8.697113	-8.688324	
279	17.901571	17.908163	19.733395	19.739987	18.675727	18.684516	-0.685207	-0.678616	1.146616	1.153208	-8.359588	-8.350798	
280	17.682553	17.689145	19.657966	19.664558	18.596198	18.604988	-0.609779	-0.603187	1.365634	1.372226	-8.010829	-8.002040	
281	17.456550	17.463142	19.578503	19.585095	18.511422	18.520211	-0.530316	-0.523724	1.591637	1.598229	-7.651292	-7.642503	
282	17.223832	17.230424	19.494921	19.501513	18.421201	18.429990	-0.446734	-0.440142	1.824355	1.830947	-7.281440	-7.272651	
283	16.984673	16.991264	19.407136	19.413728	18.325337	18.334126	-0.358949	-0.352357	2.063515	2.070106	-6.901749	-6.892960	
284	16.739353	16.745945	19.315064	19.321656	18.223631	18.232420	-0.266877	-0.260285	2.308834	2.315426	-6.512703	-6.503914	
285	16.488160	16.494752	19.218622	19.225214	18.115885	18.124674	-0.170435	-0.163843	2.560028	2.566619	-6.114798	-6.106009	
286	16.231383	16.237975	19.117729	19.124320	18.001902	18.010691	-0.069541	-0.062950	2.816804	2.823396	-5.708535	-5.699746	
287	15.969320	15.975912	19.012303	19.018895	17.881485	17.890274	0.035884	0.042476	3.078867	3.085459	-5.294422	-5.285633	
288	15.702268	15.708860	18.902268	18.908860	17.754443	17.763233	0.145919	0.152511	3.345919	3.352511	-4.872974	-4.864185	
289	15.430531	15.437123	18.787548	18.794140	17.620587	17.629376	0.260639	0.267231	3.617656	3.624248	-4.444711	-4.435922	
290	15.154415	15.161007	18.668070	18.674661	17.479730	17.488519	0.380118	0.386709	3.893773	3.900364	-4.010157	-4.001368	
291	14.874226	14.880818	18.543764	18.550355	17.331692	17.340481	0.504424	0.511015	4.173961	4.180553	-3.569839	-3.561050	
292	14.590275	14.596867	18.414564	18.421156	17.176298	17.185088	0.633623	0.640215	4.457912	4.464504	-3.124287	-3.115498	
293	14.302873	14.309465	18.280409	18.287001	17.013381	17.022170	0.767778	0.774370	4.745314	4.751906	-2.674030	-2.665241	
294	14.012331	14.018922	18.141241	18.147833	16.842778	16.851567	0.906946	0.913538	5.035857	5.042449	-2.219600	-2.210811	
295	13.718960	13.725552	17.997008	18.003599	16.664336	16.673125	1.051180	1.057772	5.329227	5.335819	-1.761527	-1.752738	
296	13.423073	13.429665	17.847660	17.854251	16.477909	16.486698	1.200528	1.207119	5.625115	5.631706	-1.300339	-1.291550	
297	13.124979	13.131571	17.693156	17.699747	16.283362	16.292151	1.355032	1.361623	5.923208	5.929800	-0.836562	-0.827773	
298	12.824989	12.831581	17.533459	17.540050	16.080569	16.089358	1.514729	1.521320	6.223198	6.229790	-0.370719	-0.361930	
299	12.523409	12.530001	17.368538	17.375130	15.869414	15.878203	1.679649	1.686241	6.524778	6.531370	0.096672	0.105461	
300	12.220545	12.227137	17.198370	17.204962	15.649793	15.658583	1.849817	1.856409	6.827642	6.834234	0.565098	0.573887	
301	11.916699	11.923291	17.022937	17.029529	15.421614	15.430403	2.025250	2.031842	7.131488	7.138080	1.034051	1.042840	
302	11.612170	11.618762	16.842229	16.848821	15.184796	15.193585	2.205958	2.212550	7.436017	7.442609	1.503033	1.511822	
303	11.307254	11.313846	16.656242	16.662834	14.939273	14.948062	2.391945	2.398537	7.740933	7.747525	1.971551	1.980340	
304	11.002241	11.008832	16.464982	16.471574	14.684990	14.693779	2.583205	2.589797	8.045947	8.052539	2.439120	2.447909	
305	10.697417	10.704009	16.268461	16.275053	14.421909	14.430698	2.779726	2.786318	8.350770	8.357362	2.905267	2.914057	
306	10.393065	10.399657	16.066699	16.073291	14.150004	14.158793	2.981488	2.988080	8.655122	8.661714	3.369528	3.378317	
307	10.089461	10.096053	15.859725	15.866317	13.869266	13.878055	3.188462	3.195054	8.958727	8.965318	3.831449	3.840238	
308	9.786874	9.793466	15.647576	15.654168	13.579699	13.588488	3.400611	3.407203	9.261314	9.267905	4.290589	4.299378	
309	9.485568	9.492160	15.430300	15.436892	13.281325	13.290114	3.617887	3.624479	9.562619	9.569211	4.746516	4.755305	
310	9.185802	9.192393	15.207950	15.214541	12.974182	12.982971	3.840238	3.846829	9.862386	9.868977	5.198816	5.207605	
311	8.887824	8.894416	14.980590	14.987182	12.658323	12.667112	4.067597	4.074189	10.160363	10.166955	5.647083	5.655872	
312	8.591880	8.598472	14.748294	14.754886	12.333819	12.342608	4.299893	4.306485	10.456307	10.462899	6.090928	6.099717	
313	8.298204	8.304796	14.511145	14.517737	12.000758	12.009547	4.537042	4.543634	10.749983	10.756575	6.529976	6.538766	
314	8.007024	8.013616	14.269233	14.275825	11.659244	11.668033	4.778954	4.785546	11.041163	11.047755	6.963868	6.972657	
315	7.718561	7.725153	14.022661	14.029253	11.309400	11.318189	5.025526	5.032118	11.329626	11.336218	7.392257	7.401046	
316	7.433026	7.439618	13.771539	13.778130	10.951366	10.960155	5.276649	5.283240	11.615161	11.621753	7.814816	7.823605	
317	7.150621	7.157213	13.515986	13.522578	10.585298	10.594087	5.532201	5.538793	11.897566	11.904158	8.231230	8.240020	
318	6.871543	6.878134	13.256134	13.262726	10.211373	10.220162	5.792054	5.798645	12.176645	12.183236	8.641205	8.649994	
319	6.595975	6.602566	12.992120	12.998712	9.829784	9.838573	6.056067	6.062659	12.452213	12.458804	9.044459	9.053248	
320	6.324460	6.331052	12.724460	12.731052	9.442200	9.450989	6.323727	6.330319	12.723727	12.730319	9.439270	9.448059	
321	6.056067	6.062659	12.452213	12.458804	9.044459	9.053248	6.595975	6.602566	12.992120	12.998712	9.829784	9.838573	
322	5.792054	5.798645	12.176645	12.183236	8.641205	8.649994	6.871543	6.878134	13.256134	13.262726	10.211373	10.220162	
323	5.532201	5.538793	11.897566	11.904158	8.231230	8.240020	7.150621	7.157213	13.515986	13.522578	10.585298	10.594087	
324	5.276649	5.283240	11.615161	11.621753	7.814816	7.823605	7.433026	7.439618	13.771539	13.778130	10.951366	10.960155	
325	5.025526	5.032118	11.329626	11.336218	7.392257	7.401046	7.718561	7.725153	14.022661	14.029253	11.309400	11.318189	
326	4.778954	4.785546	11.041163	11.047755	6.963868	6.972657	8.007024	8.013616	14.269233	14.275825	11.659244	11.668033	
327	4.537042	4.543634	10.749983	10.756575	6.529976	6.538766	8.298204	8.304796	14.511145	14.517737	12.000758	12.009547	
328	4.299893	4.306485	10.456307	10.462899	6.090928	6.099717	8.591880	8.598472	14.748294	14.754886	12.333819	12.342608	
329	4.067597	4.074189	10.160363	10.166955	5.647083	5.655872	8.887824	8.894416	14.980590	14.987182	12.658323	12.667112	
330	3.840238	3.846829	9.862386	9.868977	5.198816	5.207605	9.185802	9.192393	15.207950	15.214541	12.974182	12.982971	
331	3.617887	3.624479	9.562619	9.569211	4.746516	4.755305	9.485568	9.492160	15.430300	15.436892	13.281325	13.290114	
332	3.400611	3.407203	9.261314	9.267905	4.290589	4.299378	9.786874	9.793466	15.647576	15.654168	13.579699	13.588488	
333	3.188462	3.195054	8.958727	8.965318	3.831449	3.840238	10.089461	10.096053	15.859725	15.866317	13.869266	13.878055	
334	2.981488	2.988080	8.655122	8.661714	3.369528	3.378317	10.393065	10.399657	16.066699	16.073291	14.150004	14.158793	
335	2.779726	2.786318	8.350770	8.357362	2.905267	2.914057	10.697417	10.704009	16.268461	16.275053	14.421909	14.430698	
336	2.583205	2.589797	8.045947	8.052539	2.439120	2.447909	11.002241	11.008832	16.464982	16.471574	14.684990	14.693779	
337	2.391945	2.398537	7.740933	7.747525	1.971551	1.980340	11.307254	11.313846	16.656242	16.662834	14.939273	14.948062	
338	2.205958	2.212550	7.436017	7.442609	1.503033	1.511822	11.612170	11.618762	16.842229	16.848821	15.184796	15.193585	
339	2.025250	2.031842	7.131488	7.138080	1.034051	1.042840	11.916699	11.923291	17.022937	17.029529	15.421614	15.430403	
340	1.849817	1.856409	6.827642	6.834234	0.565098	0.573887	12.220545	12.227137	17.198370	17.204962	15.649793	15.658583	
341	1.679649	1.686241	6.524778	6.531370	0.096672	0.105461	12.523409	12.530001	17.368538	17.375130	15.869414	15.878203	
342	1.514729	1.521320	6.223198	6.229790	-0.370719	-0.361930	12.824989	12.831581	17.533459	17.540050	16.080569	16.089358	
343	1.355032	1.361623	5.923208	5.929800	-0.836562	-0.827773	13.124979	13.131571	17.693156	17.699747	16.283362	16.292151	
344	1.200528	1.207119	5.625115	5.631706	-1.300339	-1.291550	13.423073	13.429665	17.847660	17.854251	16.477909	16.486698	
345	1.051180	1.057772	5.329227	5.335819	-1.761527	-1.752738	13.718960	13.725552	17.997008	18.003599	16.664336	16.673125	
346	0.906946	0.913538	5.035857	5.042449	-2.219600	-2.210811	14.012331	14.018922	18.141241	18.147833	16.842778	16.851567	
347	0.767778	0.774370	4.745314	4.751906	-2.674030	-2.665241	14.302873	14.309465	18.280409	18.287001	17.013381	17.022170	
348	0.633623	0.640215	4.457912	4.464504	-3.124287	-3.115498	14.590275	14.596867	18.414564	18.421156	17.176298	17.185088	
349	0.504424	0.511015	4.173961	4.180553	-3.569839	-3.561050	14.874226	14.880818	18.543764	18.550355	17.331692	17.340481	
350	0.380118	0.386709	3.893773	3.900364	-4.010157	-4.001368	15.154415	15.161007	18.668070	18.674661	17.479730	17.488519	
351	0.260639	0.267231	3.617656	3.624248	-4.444711	-4.435922	15.430531	15.437123	18.787548	18.794140	17.620587	17.629376	
352	0.145919	0.152511	3.345919	3.352511	-4.872974	-4.864185	15.702268	15.708860	18.902268	18.908860	17.754443	17.763233	
353	0.035884	0.042476	3.078867	3.085459	-5.294422	-5.285633	15.969320	15.975912	19.012303	19.018895	17.881485	17.890274	
354	-0.069541	-0.062950	2.816804	2.823396	-5.708535	-5.699746	16.231383	16.237975	19.117729	19.124320	18.001902	18.010691	
355	-0.170435	-0.163843	2.560028	2.566619	-6.114798	-6.106009	16.488160	16.494752	19.218622	19.225214	18.115885	18.124674	
356	-0.266877	-0.260285	2.308834	2.315426	-6.512703	-6.503914	16.739353	16.745945	19.315064	19.321656	18.223631	18.232420	
357	-0.358949	-0.352357	2.063515	2.070106	-6.901749	-6.892960	16.984673	16.991264	19.407136	19.413728	18.325337	18.334126	
358	-0.446734	-0.440142	1.824355	1.830947	-7.281440	-7.272651	17.223832	17.230424	19.494921	19.501513	18.421201	18.429990	
359	-0.530316	-0.523724	1.591637	1.598229	-7.651292	-7.642503	17.456550	17.463142	19.578503	19.585095	18.511422	18.520211	
360	-0.609779	-0.603187	1.365634	1.372226	-8.010829	-8.002040	17.682553	17.689145	19.657966	19.664558	18.596198	18.604988	
361	-0.685207	-0.678616	1.146616	1.153208	-8.359588	-8.350798	17.901571	17.908163	19.733395	19.739987	18.675727	18.684516	
362	-0.756686	-0.750095	0.934844	0.941436	-8.697113	-8.688324	18.113343	18.119935	19.804874	19.811465	18.750202	18.758992	
363	-0.824299	-0.817707	0.730572	0.737164	-9.022965	-9.014176	18.317615	18.324207	19.872486	19.879078	18.819819	18.828608	
364	-0.888128	-0.881536	0.534047	0.540639	-9.336716	-9.327927	18.514140	18.520732	19.936315	19.942907	18.884764	18.893554	
365	-0.948255	-0.941663	0.345507	0.352099	-9.637952	-9.629163	18.702680	18.709272	19.996442	20.003034	18.945226	18.954015	
366	-1.004759	-0.998168	0.165182	0.171774	-9.926274	-9.917485	18.883005	18.889597	20.052947	20.059538	19.001384	19.010173	
367	-1.057719	-1.051128	-0.006708	-0.000116	-10.201298	-10.192509	19.054895	19.061487	20.105907	20.112498	19.053414	19.062203	
368	-1.107210	-1.100619	-0.169952	-0.163360	-10.462658	-10.453869	19.218139	19.224731	20.155398	20.161989	19.101487	19.110276	
369	-1.153305	-1.146714	-0.324349	-0.317757	-10.710003	-10.701214	19.372536	19.379128	20.201493	20.208084	19.145766	19.154555	
370	-1.196074	-1.189483	-0.469708	-0.463116	-10.943002	-10.934213	19.517895	19.524487	20.244262	20.250853	19.186409	19.195198	
371	-1.235584	-1.228993	-0.605848	-0.599257	-11.161339	-11.152550	19.654036	19.660627	20.283772	20.290363	19.223563	19.232352	
372	-1.271899	-1.265307	-0.732601	-0.726010	-11.364719	-11.355930	19.780789	19.787381	20.320086	20.326678	19.257371	19.266161	
373	-1.305077	-1.298486	-0.849809	-0.843217	-11.552868	-11.544079	19.897996	19.904588	20.353265	20.359856	19.287966	19.296755	
374	-1.335176	-1.328584	-0.957324	-0.950732	-11.725529	-11.716740	20.005511	20.012103	20.383363	20.389955	19.315471	19.324260	
375	-1.362247	-1.355655	-1.055013	-1.048421	-11.882467	-11.873678	20.103200	20.109792	20.410434	20.417026	19.340001	19.348790	
376	-1.386337	-1.379745	-1.142752	-1.136160	-12.023468	-12.014679	20.190939	20.197531	20.434524	20.441116	19.361661	19.370450	
377	-1.407490	-1.400898	-1.220431	-1.213839	-12.148340	-12.139551	20.268618	20.275210	20.455677	20.462269	19.380545	19.389334	
378	-1.425743	-1.419152	-1.287953	-1.281361	-12.256910	-12.248121	20.336140	20.342732	20.473931	20.480523	19.396738	19.405527	
379	-1.441131	-1.434539	-1.345231	-1.338639	-12.349032	-12.340242	20.393419	20.400010	20.489319	20.495910	19.410314	19.419103	
380	-1.453682	-1.447090	-1.392195	-1.385603	-12.424577	-12.415788	20.440382	20.446974	20.501869	20.508461	19.421335	19.430124	
381	-1.463419	-1.456827	-1.428784	-1.422192	-12.483442	-12.474653	20.476971	20.483563	20.511606	20.518198	19.429853	19.438642	
382	-1.470361	-1.463769	-1.454952	-1.448360	-12.525547	-12.516758	20.503139	20.509731	20.518548	20.525140	19.435908	19.444697	
383	-1.474521	-1.467929	-1.470666	-1.464074	-12.550833	-12.542044	20.518853	20.525445	20.522708	20.529300	19.439530	19.448319	
384	-1.475906	-1.469315	-1.475906	-1.469315	-12.559265	-12.550476	20.524094	20.530685	20.524094	20.530685	19.440735	19.449524	
