#p	a1_up	a1_dn	b1_up	b1_dn	c1_up	c1_dn	a2_up	a2_dn	b2_up	b2_dn	c2_up	c2_dn	NaN
0	-2.067855	-10.001586	-2.067728	-10.001551	-13.309407	-20.648640	19.971083	12.037318	19.971141	12.037352	18.702229	11.362996	
1	-2.067555	-10.001285	-2.064721	-9.998544	-13.305191	-20.644425	19.968134	12.034311	19.970783	12.037052	18.701628	11.362394	
2	-2.066653	-10.000383	-2.055704	-9.989527	-13.292547	-20.631780	19.959116	12.025293	19.969881	12.036150	18.699824	11.360590	
3	-2.065150	-9.998881	-2.040680	-9.974503	-13.271481	-20.610715	19.944093	12.010270	19.968378	12.034648	18.696818	11.357585	
4	-2.063048	-9.996779	-2.019661	-9.953484	-13.242007	-20.581241	19.923073	11.989250	19.966276	12.032546	18.692613	11.353379	
5	-2.060348	-9.994079	-1.992657	-9.926480	-13.204142	-20.543376	19.896070	11.962246	19.963576	12.029845	18.687210	11.347977	
6	-2.057051	-9.990782	-1.959686	-9.893509	-13.157910	-20.497143	19.863099	11.929275	19.960279	12.026548	18.680614	11.341380	
7	-2.053159	-9.986890	-1.920768	-9.854591	-13.103337	-20.442570	19.824180	11.890357	19.956387	12.022656	18.672828	11.333594	
8	-2.048675	-9.982405	-1.875926	-9.809749	-13.040457	-20.379691	19.779338	11.845515	19.951902	12.018172	18.663856	11.324623	
9	-2.043600	-9.977331	-1.825187	-9.759010	-12.969308	-20.308542	19.728600	11.794777	19.946828	12.013098	18.653705	11.314472	
10	-2.037940	-9.971670	-1.768584	-9.702407	-12.889933	-20.229166	19.671996	11.738173	19.941168	12.007437	18.642380	11.303147	
11	-2.031695	-9.965426	-1.706149	-9.639972	-12.802379	-20.141613	19.609562	11.675739	19.934923	12.001193	18.629889	11.290655	
12	-2.024872	-9.958603	-1.637922	-9.571745	-12.706700	-20.045933	19.541334	11.607511	19.928100	11.994369	18.616238	11.277004	
13	-2.017473	-9.951204	-1.563943	-9.497766	-12.602952	-19.942185	19.467355	11.533532	19.920701	11.986970	18.601436	11.262203	
14	-2.009503	-9.943234	-1.484257	-9.418080	-12.491199	-19.830432	19.387670	11.453847	19.912731	11.979000	18.585492	11.246259	
15	-2.000967	-9.934698	-1.398914	-9.332737	-12.371508	-19.710741	19.302327	11.368504	19.904195	11.970464	18.568416	11.229183	
16	-1.991870	-9.925601	-1.307965	-9.241788	-12.243950	-19.583184	19.211378	11.277555	19.895098	11.961367	18.550218	11.210985	
17	-1.982218	-9.915948	-1.211466	-9.145289	-12.108604	-19.447838	19.114879	11.181056	19.885446	11.951715	18.530909	11.191676	
18	-1.972016	-9.905746	-1.109476	-9.043299	-11.965550	-19.304784	19.012888	11.079065	19.875244	11.941513	18.510501	11.171268	
19	-1.961270	-9.895001	-1.002056	-8.935879	-11.814875	-19.154109	18.905469	10.971646	19.864498	11.930767	18.489006	11.149772	
20	-1.949987	-9.883718	-0.889273	-8.823096	-11.656670	-18.995903	18.792685	10.858862	19.853215	11.919485	18.466437	11.127203	
21	-1.938174	-9.871905	-0.771195	-8.705018	-11.491029	-18.830262	18.674608	10.740785	19.841402	11.907672	18.442807	11.103574	
22	-1.925838	-9.859569	-0.647895	-8.581718	-11.318053	-18.657286	18.551307	10.617484	19.829066	11.895336	18.418132	11.078898	
23	-1.912987	-9.846717	-0.519448	-8.453271	-11.137846	-18.477079	18.422860	10.489037	19.816215	11.882484	18.392425	11.053192	
24	-1.899627	-9.833358	-0.385932	-8.319755	-10.950517	-18.289750	18.289345	10.355522	19.802855	11.869124	18.365704	11.026470	
25	-1.885768	-9.819498	-0.247431	-8.181254	-10.756178	-18.095411	18.150843	10.217020	19.788996	11.855265	18.337982	10.998749	
26	-1.871417	-9.805147	-0.104028	-8.037851	-10.554947	-17.894180	18.007440	10.073617	19.774645	11.840914	18.309279	10.970046	
27	-1.856583	-9.790314	0.044189	-7.889634	-10.346945	-17.686179	17.859224	9.925401	19.759811	11.826080	18.279610	10.940377	
28	-1.841275	-9.775006	0.197127	-7.736696	-10.132298	-17.471531	17.706286	9.772463	19.744503	11.810772	18.248995	10.909761	
29	-1.825503	-9.759233	0.354693	-7.579130	-9.911134	-17.250368	17.548719	9.614896	19.728731	11.795000	18.217450	10.878217	
30	-1.809275	-9.743006	0.516790	-7.417033	-9.683588	-17.022821	17.386623	9.452800	19.712503	11.778772	18.184997	10.845763	
31	-1.792602	-9.726333	0.683317	-7.250506	-9.449796	-16.789030	17.220095	9.286272	19.695830	11.762099	18.151653	10.812420	
32	-1.775494	-9.709224	0.854172	-7.079651	-9.209900	-16.549133	17.049241	9.115418	19.678722	11.744991	18.117441	10.778207	
33	-1.757960	-9.691691	1.029247	-6.904576	-8.964043	-16.303277	16.874166	8.940342	19.661188	11.727457	18.082379	10.743145	
34	-1.740012	-9.673743	1.208435	-6.725388	-8.712375	-16.051608	16.694978	8.761155	19.643240	11.709510	18.046490	10.707256	
35	-1.721661	-9.655391	1.391623	-6.542200	-8.455047	-15.794280	16.511790	8.577967	19.624889	11.691158	18.009795	10.670561	
36	-1.702917	-9.636647	1.578696	-6.355127	-8.192214	-15.531447	16.324717	8.390894	19.606145	11.672414	17.972317	10.633083	
37	-1.683791	-9.617522	1.769537	-6.164286	-7.924034	-15.263268	16.133876	8.200053	19.587019	11.653288	17.934078	10.594844	
38	-1.664296	-9.598027	1.964025	-5.969798	-7.650671	-14.989904	15.939387	8.005564	19.567524	11.633793	17.895101	10.555868	
39	-1.644443	-9.578174	2.162037	-5.771786	-7.372287	-14.711520	15.741375	7.807552	19.547671	11.613940	17.855411	10.516178	
40	-1.624244	-9.557974	2.363447	-5.570376	-7.089052	-14.428285	15.539966	7.606143	19.527472	11.593741	17.815031	10.475798	
41	-1.603711	-9.537441	2.568124	-5.365700	-6.801135	-14.140369	15.335289	7.401466	19.506939	11.573208	17.773986	10.434753	
42	-1.582856	-9.516587	2.775935	-5.157888	-6.508711	-13.847945	15.127478	7.193655	19.486084	11.552353	17.732301	10.393067	
43	-1.561693	-9.495423	2.986745	-4.947078	-6.211957	-13.551190	14.916667	6.982844	19.464920	11.531190	17.690001	10.350767	
44	-1.540233	-9.473964	3.200415	-4.733408	-5.911050	-13.250284	14.702998	6.769175	19.443461	11.509730	17.647112	10.307878	
45	-1.518490	-9.452221	3.416800	-4.517024	-5.606173	-12.945407	14.486613	6.552790	19.421718	11.487987	17.603660	10.264426	
46	-1.496477	-9.430208	3.635752	-4.298071	-5.297510	-12.636743	14.267661	6.333838	19.399705	11.465974	17.559671	10.220438	
47	-1.474207	-9.407938	3.857120	-4.076703	-4.985246	-12.324480	14.046293	6.112470	19.377435	11.443705	17.515173	10.175939	
48	-1.451694	-9.385425	4.080745	-3.853078	-4.669571	-12.008804	13.822667	5.888844	19.354922	11.421191	17.470192	10.130959	
49	-1.428951	-9.362682	4.306464	-3.627359	-4.350674	-11.689908	13.596949	5.663126	19.332179	11.398448	17.424756	10.085523	
50	-1.405992	-9.339722	4.534104	-3.399719	-4.028749	-11.367982	13.369308	5.435485	19.309220	11.375489	17.378893	10.039659	
51	-1.382830	-9.316561	4.763486	-3.170337	-3.703989	-11.043222	13.139927	5.206104	19.286058	11.352327	17.332630	9.993397	
52	-1.359480	-9.293211	4.994416	-2.939407	-3.376590	-10.715824	12.908996	4.975173	19.262708	11.328977	17.285996	9.946763	
53	-1.335956	-9.269686	5.226689	-2.707134	-3.046751	-10.385984	12.676724	4.742901	19.239184	11.305453	17.239020	9.899787	
54	-1.312271	-9.246002	5.460077	-2.473746	-2.714670	-10.053904	12.443335	4.509512	19.215499	11.281769	17.191730	9.852497	
55	-1.288441	-9.222172	5.694331	-2.239492	-2.380548	-9.719782	12.209081	4.275258	19.191669	11.257939	17.144156	9.804922	
56	-1.264480	-9.198210	5.929164	-2.004659	-2.044587	-9.383820	11.974249	4.040426	19.167708	11.233977	17.096325	9.757092	
57	-1.240401	-9.174132	6.164240	-1.769583	-1.706989	-9.046222	11.739172	3.805349	19.143629	11.209898	17.048269	9.709035	
58	-1.216220	-9.149950	6.399154	-1.534669	-1.367959	-8.707192	11.504259	3.570436	19.119448	11.185717	17.000016	9.660782	
59	-1.191950	-9.125681	6.633392	-1.300431	-1.027701	-8.366935	11.270021	3.336198	19.095178	11.161448	16.951595	9.612362	
60	-1.167608	-9.101339	6.866278	-1.067545	-0.686422	-8.025655	11.037135	3.103312	19.070836	11.137105	16.903038	9.563805	
61	-1.143207	-9.076937	7.096875	-0.836948	-0.344327	-7.683560	10.806537	2.872714	19.046435	11.112704	16.854374	9.515141	
62	-1.118762	-9.052492	7.323809	-0.610014	-0.001623	-7.340856	10.579604	2.645780	19.021989	11.088259	16.805633	9.466400	
63	-1.094287	-9.028018	7.544943	-0.388880	0.341482	-6.997751	10.358470	2.424647	18.997515	11.063784	16.756845	9.417612	
64	-1.069798	-9.003529	7.756745	-0.177078	0.684781	-6.654452	10.146667	2.212844	18.973026	11.039295	16.708041	9.368808	
65	-1.045309	-8.979040	7.953040	0.019217	1.028066	-6.311167	9.950373	2.016550	18.948537	11.014807	16.659251	9.320017	
66	-1.020836	-8.954567	8.122645	0.188822	1.371130	-5.968104	9.780767	1.846944	18.924064	10.990333	16.610505	9.271271	
67	-0.996392	-8.930123	8.246146	0.312323	1.713763	-5.625470	9.657267	1.723444	18.899620	10.965889	16.561834	9.222600	
68	-0.971993	-8.905723	8.297241	0.363418	2.055760	-5.283474	9.606172	1.672349	18.875220	10.941490	16.513268	9.174035	
69	-0.947652	-8.881383	9.643194	1.709371	2.396912	-4.942322	8.260218	0.326395	18.850880	10.917150	16.464839	9.125605	
70	-0.923386	-8.857117	9.755638	1.821815	2.737012	-4.602222	8.147775	0.213952	18.826614	10.892883	16.416576	9.077343	
71	-0.899208	-8.832939	9.916844	1.983021	3.075854	-4.263379	7.986569	0.052745	18.802436	10.868705	16.368511	9.029277	
72	-0.875133	-8.808864	10.105894	2.172071	3.413233	-3.926001	7.797519	-0.136304	18.778361	10.844630	16.320673	8.981440	
73	-0.851176	-8.784906	10.310545	2.376722	3.748943	-3.590291	7.592868	-0.340955	18.754403	10.820673	16.273095	8.933861	
74	-0.827350	-8.761081	10.524050	2.590227	4.082779	-3.256454	7.379362	-0.554461	18.730578	10.796847	16.225805	8.886572	
75	-0.803671	-8.737402	10.742585	2.808762	4.414540	-2.924694	7.160828	-0.772995	18.706899	10.773168	16.178836	8.839602	
76	-0.780152	-8.713883	10.963859	3.030036	4.744022	-2.595212	6.939554	-0.994269	18.683380	10.749649	16.132217	8.792983	
77	-0.756808	-8.690539	11.186415	3.252591	5.071024	-2.268209	6.716998	-1.216825	18.660036	10.726306	16.085979	8.746746	
78	-0.733653	-8.667384	11.409269	3.475446	5.395347	-1.943886	6.494144	-1.439679	18.636881	10.703150	16.040153	8.700920	
79	-0.710701	-8.644431	11.631720	3.697897	5.716792	-1.622441	6.271692	-1.662131	18.613929	10.680198	15.994771	8.655537	
80	-0.687965	-8.621695	11.853245	3.919422	6.035162	-1.304071	6.050168	-1.883655	18.591193	10.657462	15.949861	8.610628	
81	-0.665459	-8.599190	12.073430	4.139607	6.350262	-0.988972	5.829983	-2.103840	18.568687	10.634956	15.905456	8.566223	
82	-0.643197	-8.576928	12.291941	4.358118	6.661897	-0.677337	5.611472	-2.322351	18.546425	10.612695	15.861587	8.522353	
83	-0.621193	-8.554923	12.508494	4.574671	6.969875	-0.369359	5.394918	-2.538905	18.524421	10.590690	15.818283	8.479050	
84	-0.599458	-8.533189	12.722845	4.789022	7.274006	-0.065228	5.180568	-2.753255	18.502686	10.568956	15.775578	8.436344	
85	-0.578008	-8.511738	12.934774	5.000951	7.574100	0.234867	4.968638	-2.965185	18.481235	10.547505	15.733501	8.394267	
86	-0.556853	-8.490584	13.144085	5.210262	7.869971	0.530737	4.759328	-3.174496	18.460081	10.526350	15.692084	8.352851	
87	-0.536008	-8.469739	13.350595	5.416772	8.161433	0.822200	4.552817	-3.381006	18.439236	10.505505	15.651361	8.312127	
88	-0.515485	-8.449215	13.554136	5.620313	8.448303	1.109070	4.349277	-3.584546	18.418713	10.484982	15.611362	8.272128	
89	-0.495295	-8.429026	13.754547	5.820724	8.730400	1.391166	4.148866	-3.784957	18.398523	10.464792	15.572121	8.232888	
90	-0.475452	-8.409183	13.951678	6.017855	9.007542	1.668309	3.951735	-3.982088	18.378680	10.444949	15.533672	8.194438	
91	-0.455967	-8.389698	14.145384	6.211561	9.279553	1.940320	3.758028	-4.175795	18.359195	10.425464	15.496048	8.156815	
92	-0.436852	-8.370583	14.335529	6.401706	9.546256	2.207022	3.567883	-4.365940	18.340080	10.406349	15.459286	8.120052	
93	-0.418118	-8.351849	14.521980	6.588157	9.807475	2.468242	3.381432	-4.552391	18.321346	10.387615	15.423421	8.084188	
94	-0.399777	-8.333508	14.704610	6.770787	10.063038	2.723804	3.198803	-4.735020	18.303005	10.369274	15.388492	8.049259	
95	-0.381840	-8.315570	14.883294	6.949471	10.312770	2.973537	3.020118	-4.913705	18.285068	10.351337	15.354538	8.015305	
96	-0.364317	-8.298047	15.057916	7.124093	10.556502	3.217269	2.845497	-5.088326	18.267545	10.333814	15.321602	7.982368	
97	-0.347219	-8.280950	15.228359	7.294536	10.794061	3.454828	2.675053	-5.258770	18.250447	10.316716	15.289726	7.950493	
98	-0.330556	-8.264287	15.394514	7.460691	11.025277	3.686043	2.508899	-5.424924	18.233784	10.300054	15.258959	7.919726	
99	-0.314339	-8.248070	15.556271	7.622448	11.249977	3.910744	2.347141	-5.586682	18.217567	10.283837	15.229351	7.890118	
100	-0.298577	-8.232308	15.713529	7.779705	11.467990	4.128756	2.189884	-5.743939	18.201805	10.268075	15.200958	7.861725	
101	-0.283280	-8.217010	15.866185	7.932362	11.679139	4.339906	2.037228	-5.896595	18.186508	10.252777	15.173840	7.834607	
102	-0.268456	-8.202187	16.014143	8.080320	11.883248	4.544015	1.889269	-6.044554	18.171684	10.237953	15.148065	7.808831	
103	-0.254115	-8.187846	16.157310	8.223487	12.080135	4.740901	1.746102	-6.187721	18.157343	10.223612	15.123705	7.784472	
104	-0.240266	-8.173996	16.295596	8.361773	12.269612	4.930379	1.607817	-6.326006	18.143494	10.209763	15.100846	7.761612	
105	-0.226916	-8.160646	16.428913	8.495090	12.451486	5.112253	1.474500	-6.459323	18.130144	10.196413	15.079579	7.740346	
106	-0.214074	-8.147804	16.557178	8.623355	12.625554	5.286321	1.346235	-6.587588	18.117301	10.183571	15.060011	7.720778	
107	-0.201747	-8.135477	16.680311	8.746488	12.791604	5.452371	1.223102	-6.710721	18.104975	10.171244	15.042262	7.703028	
108	-0.189943	-8.123674	16.798235	8.864412	12.949412	5.610179	1.105177	-6.828646	18.093171	10.159440	15.026465	7.687232	
109	-0.178669	-8.112400	16.910878	8.977055	13.098741	5.759508	0.992535	-6.941288	18.081897	10.148166	15.012772	7.673539	
110	-0.167932	-8.101662	17.018168	9.084345	13.239343	5.900110	0.885244	-7.048579	18.071160	10.137429	15.001350	7.662117	
111	-0.157738	-8.091468	17.120041	9.186218	13.370960	6.031727	0.783372	-7.150451	18.060966	10.127235	14.992379	7.653145	
112	-0.148093	-8.081824	17.216431	9.282608	13.493332	6.154098	0.686981	-7.246842	18.051321	10.117590	14.986045	7.646812	
113	-0.139003	-8.072734	17.307281	9.373458	13.606204	6.266971	0.596131	-7.337692	18.042231	10.108500	14.982532	7.643298	
114	-0.130474	-8.064205	17.392534	9.458711	13.709354	6.370120	0.510879	-7.422944	18.033702	10.099971	14.981998	7.642764	
115	-0.122511	-8.056242	17.472137	9.538314	13.802610	6.463377	0.431275	-7.502548	18.025739	10.092008	14.984550	7.645317	
116	-0.115118	-8.048849	17.546042	9.612219	13.885897	6.546664	0.357371	-7.576452	18.018346	10.084615	14.990209	7.650976	
117	-0.108300	-8.042031	17.614203	9.680380	13.959269	6.620035	0.289210	-7.644613	18.011528	10.077797	14.998866	7.659633	
118	-0.102061	-8.035792	17.676577	9.742754	14.022947	6.683714	0.226836	-7.706987	18.005289	10.071559	15.010250	7.671017	
119	-0.096405	-8.030136	17.733127	9.799304	14.077341	6.738108	0.170285	-7.763538	17.999633	10.065903	15.023906	7.684673	
120	-0.091336	-8.025066	17.783818	9.849995	14.123039	6.783806	0.119594	-7.814229	17.994563	10.060833	15.039207	7.699973	
121	-0.086855	-8.020586	17.828619	9.894796	14.160770	6.821537	0.074793	-7.859030	17.990083	10.056352	15.055384	7.716150	
122	-0.082966	-8.016697	17.867502	9.933679	14.191346	6.852113	0.035910	-7.897913	17.986194	10.052464	15.071594	7.732361	
123	-0.079672	-8.013403	17.900444	9.966621	14.215592	6.876359	0.002969	-7.930854	17.982900	10.049169	15.086985	7.747751	
124	-0.076974	-8.010705	17.927424	9.993601	14.234281	6.895048	-0.024011	-7.957834	17.980202	10.046471	15.100758	7.761524	
125	-0.074874	-8.008604	17.948425	10.014602	14.248087	6.908854	-0.045012	-7.978835	17.978102	10.044371	15.112220	7.772987	
126	-0.073373	-8.007103	17.963435	10.029612	14.257554	6.918321	-0.060023	-7.993846	17.976601	10.042870	15.120814	7.781580	
127	-0.072472	-8.006202	17.972445	10.038622	14.263075	6.923842	-0.069032	-8.002855	17.975700	10.041969	15.126133	7.786900	
128	-0.072171	-8.005902	17.975449	10.041626	15.127933	6.925655	-0.072036	-8.005859	17.975399	10.041669	14.264889	7.788700	
129	-0.069167	-8.002898	17.975749	10.041926	15.126133	7.786900	-0.072337	-8.006160	17.972395	10.038665	14.263075	6.923842	
130	-0.060158	-7.993888	17.976650	10.042827	15.120814	7.781580	-0.073238	-8.007061	17.963386	10.029655	14.257554	6.918321	
131	-0.045148	-7.978878	17.978151	10.044328	15.112220	7.772987	-0.074739	-8.008562	17.948375	10.014645	14.248087	6.908854	
132	-0.024146	-7.957877	17.980252	10.046429	15.100758	7.761524	-0.076839	-8.010662	17.927374	9.993643	14.234281	6.895048	
133	0.002833	-7.930897	17.982950	10.049127	15.086985	7.747751	-0.079537	-8.013360	17.900395	9.966664	14.215592	6.876359	
134	0.035775	-7.897956	17.986244	10.052421	15.071594	7.732361	-0.082831	-8.016654	17.867453	9.933722	14.191346	6.852113	
135	0.074658	-7.859073	17.990133	10.056310	15.055384	7.716150	-0.086720	-8.020543	17.828570	9.894840	14.160770	6.821537	
136	0.119458	-7.814272	17.994613	10.060790	15.039207	7.699973	-0.091201	-8.025024	17.783770	9.850039	14.123039	6.783806	
137	0.170149	-7.763581	17.999683	10.065860	15.023906	7.684673	-0.096270	-8.030093	17.733079	9.799348	14.077341	6.738108	
138	0.226699	-7.707032	18.005339	10.071516	15.010250	7.671017	-0.101927	-8.035750	17.676529	9.742798	14.022947	6.683714	
139	0.289073	-7.644657	18.011578	10.077755	14.998866	7.659633	-0.108165	-8.041988	17.614155	9.680424	13.959269	6.620035	
140	0.357234	-7.576497	18.018396	10.084573	14.990209	7.650976	-0.114983	-8.048806	17.545994	9.612264	13.885897	6.546664	
141	0.431138	-7.502593	18.025789	10.091966	14.984550	7.645317	-0.122376	-8.056199	17.472090	9.538359	13.802610	6.463377	
142	0.510741	-7.422990	18.033752	10.099929	14.981998	7.642764	-0.130339	-8.064163	17.392487	9.458757	13.709354	6.370120	
143	0.595993	-7.337738	18.042281	10.108458	14.982532	7.643298	-0.138869	-8.072692	17.307235	9.373504	13.606204	6.266971	
144	0.686842	-7.246888	18.051371	10.117548	14.986045	7.646812	-0.147958	-8.081781	17.216386	9.282655	13.493332	6.154098	
145	0.783233	-7.150498	18.061016	10.127193	14.992379	7.653145	-0.157603	-8.091426	17.119995	9.186265	13.370960	6.031727	
146	0.885104	-7.048626	18.071210	10.137387	15.001350	7.662117	-0.167797	-8.101620	17.018124	9.084393	13.239343	5.900110	
147	0.992394	-6.941337	18.081947	10.148124	15.012772	7.673539	-0.178534	-8.112357	16.910834	8.977103	13.098741	5.759508	
148	1.105036	-6.828695	18.093221	10.159398	15.026465	7.687232	-0.189808	-8.123631	16.798192	8.864461	12.949412	5.610179	
149	1.222960	-6.710771	18.105025	10.171202	15.042262	7.703028	-0.201612	-8.135435	16.680268	8.746538	12.791604	5.452371	
150	1.346092	-6.587639	18.117352	10.183529	15.060011	7.720778	-0.213939	-8.147762	16.557136	8.623405	12.625554	5.286321	
151	1.474356	-6.459375	18.130194	10.196371	15.079579	7.740346	-0.226781	-8.160604	16.428872	8.495141	12.451486	5.112253	
152	1.607672	-6.326058	18.143544	10.209721	15.100846	7.761612	-0.240131	-8.173954	16.295556	8.361825	12.269612	4.930379	
153	1.745957	-6.187774	18.157394	10.223571	15.123705	7.784472	-0.253981	-8.187804	16.157271	8.223541	12.080135	4.740901	
154	1.889123	-6.044608	18.171735	10.237912	15.148065	7.808831	-0.268322	-8.202145	16.014105	8.080375	11.883248	4.544015	
155	2.037080	-5.896651	18.186558	10.252735	15.173840	7.834607	-0.283146	-8.216969	15.866148	7.932417	11.679139	4.339906	
156	2.189735	-5.743996	18.201856	10.268033	15.200958	7.861725	-0.298443	-8.232266	15.713493	7.779762	11.467990	4.128756	
157	2.346991	-5.586740	18.217618	10.283795	15.229351	7.890118	-0.314205	-8.248028	15.556237	7.622507	11.249977	3.910744	
158	2.508747	-5.424984	18.233835	10.300012	15.258959	7.919726	-0.330423	-8.264246	15.394481	7.460750	11.025277	3.686043	
159	2.674900	-5.258831	18.250498	10.316675	15.289726	7.950493	-0.347085	-8.280908	15.228328	7.294598	10.794061	3.454828	
160	2.845341	-5.088389	18.267596	10.333773	15.321602	7.982368	-0.364183	-8.298006	15.057887	7.124156	10.556502	3.217269	
161	3.019961	-4.913770	18.285119	10.351296	15.354538	8.015305	-0.381706	-8.315529	14.883267	6.949536	10.312770	2.973537	
162	3.198644	-4.735087	18.303056	10.369233	15.388492	8.049259	-0.399644	-8.333467	14.704584	6.770853	10.063038	2.723804	
163	3.381271	-4.552460	18.321397	10.387574	15.423421	8.084188	-0.417985	-8.351808	14.521957	6.588226	9.807475	2.468242	
164	3.567720	-4.366011	18.340131	10.406308	15.459286	8.120052	-0.436719	-8.370542	14.335508	6.401778	9.546256	2.207022	
165	3.757862	-4.175869	18.359246	10.425423	15.496048	8.156815	-0.455834	-8.389657	14.145366	6.211635	9.279553	1.940320	
166	3.951566	-3.982165	18.378732	10.444908	15.533672	8.194438	-0.475319	-8.409142	13.951662	6.017931	9.007542	1.668309	
167	4.148694	-3.785037	18.398575	10.464752	15.572121	8.232888	-0.495162	-8.428985	13.754534	5.820804	8.730400	1.391166	
168	4.349101	-3.584630	18.418764	10.484941	15.611362	8.272128	-0.515352	-8.449175	13.554127	5.620396	8.448303	1.109070	
169	4.552637	-3.381093	18.439288	10.505465	15.651361	8.312127	-0.535875	-8.469698	13.350590	5.416860	8.161433	0.822200	
170	4.759143	-3.174587	18.460133	10.526310	15.692084	8.352851	-0.556720	-8.490543	13.144085	5.210354	7.869971	0.530737	
171	4.968449	-2.965281	18.481287	10.547464	15.733501	8.394267	-0.577875	-8.511698	12.934779	5.001048	7.574100	0.234867	
172	5.180373	-2.753357	18.502738	10.568915	15.775578	8.436344	-0.599326	-8.533149	12.722854	4.789124	7.274006	-0.065228	
173	5.394718	-2.539013	18.524473	10.590650	15.818283	8.479050	-0.621060	-8.554883	12.508510	4.574779	6.969875	-0.369359	
174	5.611264	-2.322466	18.546477	10.612654	15.861587	8.522353	-0.643065	-8.576888	12.291964	4.358233	6.661897	-0.677337	
175	5.829767	-2.103963	18.568739	10.634916	15.905456	8.566223	-0.665327	-8.599150	12.073461	4.139730	6.350262	-0.988972	
176	6.049943	-1.883787	18.591245	10.657422	15.949861	8.610628	-0.687833	-8.621656	11.853285	3.919554	6.035162	-1.304071	
177	6.271456	-1.662274	18.613981	10.680158	15.994771	8.655537	-0.710569	-8.644392	11.631771	3.698041	5.716792	-1.622441	
178	6.493895	-1.439835	18.636934	10.703111	16.040153	8.700920	-0.733521	-8.667344	11.409333	3.475602	5.395347	-1.943886	
179	6.716734	-1.216997	18.660089	10.726266	16.085979	8.746746	-0.756676	-8.690499	11.186494	3.252764	5.071024	-2.268209	
180	6.939270	-0.994460	18.683433	10.749610	16.132217	8.792983	-0.780020	-8.713843	10.963958	3.030227	4.744022	-2.595212	
181	7.160521	-0.773210	18.706952	10.773129	16.178836	8.839602	-0.803539	-8.737362	10.742707	2.808977	4.414540	-2.924694	
182	7.379026	-0.554705	18.730631	10.796808	16.225805	8.886572	-0.827218	-8.761041	10.524202	2.590472	4.082779	-3.256454	
183	7.592492	-0.341238	18.754457	10.820634	16.273095	8.933861	-0.851044	-8.784867	10.310736	2.377005	3.748943	-3.590291	
184	7.797093	-0.136637	18.778414	10.844591	16.320673	8.981440	-0.875001	-8.808824	10.106135	2.172404	3.413233	-3.926001	
185	7.986078	0.052347	18.802489	10.868666	16.368511	9.029277	-0.899076	-8.832900	9.917150	1.983419	3.075854	-4.263379	
186	8.147204	0.213474	18.826667	10.892844	16.416576	9.077343	-0.923255	-8.857078	9.756024	1.822293	2.737012	-4.602222	
187	8.259570	0.325839	18.850934	10.917111	16.464839	9.125605	-0.947521	-8.881344	9.643658	1.709927	2.396912	-4.942322	
188	9.606667	1.672936	18.875274	10.941451	16.513268	9.174035	-0.971861	-8.905684	8.296561	0.362830	2.055760	-5.283474	
189	9.657719	1.723988	18.899674	10.965851	16.561834	9.222600	-0.996261	-8.930084	8.245509	0.311778	1.713763	-5.625470	
190	9.781139	1.847408	18.924118	10.990295	16.610505	9.271271	-1.020705	-8.954528	8.122089	0.188359	1.371130	-5.968104	
191	9.950665	2.016935	18.948591	11.014768	16.659251	9.320017	-1.045179	-8.979002	7.952563	0.018832	1.028066	-6.311167	
192	10.146897	2.213166	18.973080	11.039257	16.708041	9.368808	-1.069667	-9.003490	7.756331	-0.177400	0.684781	-6.654452	
193	10.358651	2.424920	18.997569	11.063746	16.756845	9.417612	-1.094156	-9.027979	7.544577	-0.389154	0.341482	-6.997751	
194	10.579747	2.646017	19.022044	11.088221	16.805633	9.466400	-1.118631	-9.052454	7.323481	-0.610250	-0.001623	-7.340856	
195	10.806652	2.872922	19.046489	11.112666	16.854374	9.515141	-1.143076	-9.076899	7.096576	-0.837155	-0.344327	-7.683560	
196	11.037227	3.103496	19.070890	11.137067	16.903038	9.563805	-1.167478	-9.101301	6.866001	-1.067729	-0.686422	-8.025655	
197	11.270095	3.336364	19.095233	11.161410	16.951595	9.612362	-1.191820	-9.125643	6.633133	-1.300597	-1.027701	-8.366935	
198	11.504317	3.570587	19.119502	11.185679	17.000016	9.660782	-1.216089	-9.149912	6.398911	-1.534820	-1.367959	-8.707192	
199	11.739218	3.805487	19.143683	11.209860	17.048269	9.709035	-1.240271	-9.174094	6.164010	-1.769721	-1.706989	-9.046222	
200	11.974283	4.040553	19.167762	11.233939	17.096325	9.757092	-1.264350	-9.198173	5.928944	-2.004786	-2.044587	-9.383820	
201	12.209107	4.275376	19.191724	11.257901	17.144156	9.804922	-1.288311	-9.222134	5.694121	-2.239610	-2.380548	-9.719782	
202	12.443353	4.509622	19.215554	11.281731	17.191730	9.852497	-1.312142	-9.245965	5.459875	-2.473856	-2.714670	-10.053904	
203	12.676735	4.743004	19.239239	11.305416	17.239020	9.899787	-1.335826	-9.269649	5.226493	-2.707238	-3.046751	-10.385984	
204	12.909001	4.975271	19.262763	11.328940	17.285996	9.946763	-1.359350	-9.293173	4.994227	-2.939504	-3.376590	-10.715824	
205	13.139926	5.206196	19.286113	11.352290	17.332630	9.993397	-1.382700	-9.316523	4.763302	-3.170429	-3.703989	-11.043222	
206	13.369303	5.435572	19.309275	11.375452	17.378893	10.039659	-1.405862	-9.339685	4.533925	-3.399806	-4.028749	-11.367982	
207	13.596939	5.663208	19.332234	11.398411	17.424756	10.085523	-1.428821	-9.362644	4.306289	-3.627442	-4.350674	-11.689908	
208	13.822654	5.888923	19.354977	11.421154	17.470192	10.130959	-1.451565	-9.385388	4.080574	-3.853157	-4.669571	-12.008804	
209	14.046276	6.112545	19.377491	11.443668	17.515173	10.175939	-1.474078	-9.407901	3.856952	-4.076779	-4.985246	-12.324480	
210	14.267641	6.333910	19.399761	11.465938	17.559671	10.220438	-1.496348	-9.430171	3.635587	-4.298143	-5.297510	-12.636743	
211	14.486590	6.552860	19.421774	11.487951	17.603660	10.264426	-1.518361	-9.452184	3.416638	-4.517093	-5.606173	-12.945407	
212	14.702972	6.769242	19.443517	11.509694	17.647112	10.307878	-1.540104	-9.473927	3.200256	-4.733475	-5.911050	-13.250284	
213	14.916639	6.982909	19.464976	11.531153	17.690001	10.350767	-1.561564	-9.495387	2.986589	-4.947142	-6.211957	-13.551190	
214	15.127447	7.193717	19.486140	11.552317	17.732301	10.393067	-1.582727	-9.516550	2.775780	-5.157950	-6.508711	-13.847945	
215	15.335257	7.401526	19.506994	11.573171	17.773986	10.434753	-1.603582	-9.537405	2.567971	-5.365760	-6.801135	-14.140369	
216	15.539932	7.606201	19.527528	11.593705	17.815031	10.475798	-1.624115	-9.557938	2.363296	-5.570435	-7.089052	-14.428285	
217	15.741339	7.807609	19.547727	11.613904	17.855411	10.516178	-1.644314	-9.578137	2.161888	-5.771842	-7.372287	-14.711520	
218	15.939350	8.005619	19.567580	11.633757	17.895101	10.555868	-1.664167	-9.597990	1.963878	-5.969853	-7.650671	-14.989904	
219	16.133837	8.200106	19.587075	11.653252	17.934078	10.594844	-1.683663	-9.617486	1.769391	-6.164339	-7.924034	-15.263268	
220	16.324676	8.390946	19.606201	11.672378	17.972317	10.633083	-1.702788	-9.636611	1.578551	-6.355179	-8.192214	-15.531447	
221	16.511749	8.578018	19.624945	11.691122	18.009795	10.670561	-1.721532	-9.655355	1.391479	-6.542251	-8.455047	-15.794280	
222	16.694935	8.761205	19.643297	11.709474	18.046490	10.707256	-1.739884	-9.673707	1.208293	-6.725438	-8.712375	-16.051608	
223	16.874122	8.940391	19.661245	11.727422	18.082379	10.743145	-1.757832	-9.691655	1.029106	-6.904624	-8.964043	-16.303277	
224	17.049196	9.115465	19.678778	11.744955	18.117441	10.778207	-1.775365	-9.709188	0.854032	-7.079699	-9.209900	-16.549133	
225	17.220050	9.286319	19.695887	11.762063	18.151653	10.812420	-1.792474	-9.726297	0.683178	-7.250552	-9.449796	-16.789030	
226	17.386576	9.452845	19.712560	11.778737	18.184997	10.845763	-1.809147	-9.742970	0.516652	-7.417079	-9.683588	-17.022821	
227	17.548672	9.614941	19.728787	11.794964	18.217450	10.878217	-1.825375	-9.759198	0.354556	-7.579174	-9.911134	-17.250368	
228	17.706237	9.772506	19.744560	11.810737	18.248995	10.909761	-1.841147	-9.774970	0.196991	-7.736740	-10.132298	-17.471531	
229	17.859175	9.925444	19.759868	11.826045	18.279610	10.940377	-1.856455	-9.790278	0.044053	-7.889677	-10.346945	-17.686179	
230	18.007390	10.073660	19.774702	11.840878	18.309279	10.970046	-1.871289	-9.805112	-0.104162	-8.037893	-10.554947	-17.894180	
231	18.150793	10.217062	19.789053	11.855230	18.337982	10.998749	-1.885640	-9.819463	-0.247565	-8.181295	-10.756178	-18.095411	
232	18.289294	10.355563	19.802912	11.869089	18.365704	11.026470	-1.899499	-9.833322	-0.386066	-8.319797	-10.950517	-18.289750	
233	18.422809	10.489078	19.816272	11.882449	18.392425	11.053192	-1.912859	-9.846682	-0.519581	-8.453311	-11.137846	-18.477079	
234	18.551255	10.617524	19.829123	11.895300	18.418132	11.078898	-1.925711	-9.859534	-0.648027	-8.581758	-11.318053	-18.657286	
235	18.674555	10.740824	19.841459	11.907636	18.442807	11.103574	-1.938047	-9.871870	-0.771327	-8.705058	-11.491029	-18.830262	
236	18.792632	10.858901	19.853272	11.919449	18.466437	11.127203	-1.949860	-9.883683	-0.889404	-8.823135	-11.656670	-18.995903	
237	18.905415	10.971684	19.864555	11.930732	18.489006	11.149772	-1.961142	-9.894965	-1.002187	-8.935918	-11.814875	-19.154109	
238	19.012834	11.079103	19.875301	11.941478	18.510501	11.171268	-1.971888	-9.905711	-1.109606	-9.043337	-11.965550	-19.304784	
239	19.114824	11.181094	19.885503	11.951680	18.530909	11.191676	-1.982090	-9.915913	-1.211596	-9.145327	-12.108604	-19.447838	
240	19.211323	11.277592	19.895155	11.961332	18.550218	11.210985	-1.991743	-9.925566	-1.308095	-9.241826	-12.243950	-19.583184	
241	19.302272	11.368541	19.904252	11.970429	18.568416	11.229183	-2.000840	-9.934663	-1.399044	-9.332774	-12.371508	-19.710741	
242	19.387614	11.453884	19.912788	11.978965	18.585492	11.246259	-2.009376	-9.943199	-1.484386	-9.418117	-12.491199	-19.830432	
243	19.467299	11.533569	19.920758	11.986935	18.601436	11.262203	-2.017346	-9.951169	-1.564072	-9.497802	-12.602952	-19.942185	
244	19.541278	11.607548	19.928157	11.994334	18.616238	11.277004	-2.024745	-9.958568	-1.638050	-9.571781	-12.706700	-20.045933	
245	19.609506	11.675775	19.934981	12.001158	18.629889	11.290655	-2.031568	-9.965391	-1.706278	-9.640008	-12.802379	-20.141613	
246	19.671940	11.738209	19.941225	12.007402	18.642380	11.303147	-2.037812	-9.971635	-1.768712	-9.702443	-12.889933	-20.229166	
247	19.728543	11.794813	19.946886	12.013063	18.653705	11.314472	-2.043473	-9.977296	-1.825315	-9.759046	-12.969308	-20.308542	
248	19.779281	11.845551	19.951960	12.018137	18.663856	11.324623	-2.048547	-9.982370	-1.876054	-9.809784	-13.040457	-20.379691	
249	19.824123	11.890393	19.956444	12.022621	18.672828	11.333594	-2.053032	-9.986855	-1.920895	-9.854626	-13.103337	-20.442570	
250	19.863041	11.929311	19.960336	12.026513	18.680614	11.341380	-2.056924	-9.990747	-1.959813	-9.893544	-13.157910	-20.497143	
251	19.896012	11.962282	19.963633	12.029810	18.687210	11.347977	-2.060221	-9.994044	-1.992784	-9.926515	-13.204142	-20.543376	
252	19.923016	11.989285	19.966334	12.032511	18.692613	11.353379	-2.062921	-9.996744	-2.019788	-9.953519	-13.242007	-20.581241	
253	19.944036	12.010305	19.968436	12.034613	18.696818	11.357585	-2.065023	-9.998846	-2.040808	-9.974538	-13.271481	-20.610715	
254	19.959059	12.025328	19.969938	12.036115	18.699824	11.360590	-2.066526	-10.000349	-2.055831	-9.989562	-13.292547	-20.631780	
255	19.968077	12.034346	19.970840	12.037017	18.701628	11.362394	-2.067427	-10.001250	-2.064849	-9.998579	-13.305191	-20.644425	
256	19.971083	12.037318	19.971141	12.037352	18.702229	11.362996	-2.067855	-10.001586	-2.067728	-10.001551	-13.309407	-20.648640	
257	19.965877	12.032101	19.969732	12.035955	18.701026	11.361792	-2.066413	-10.000189	-2.062556	-9.996334	-13.300976	-20.640210	
258	19.950181	12.016404	19.965590	12.031813	18.697409	11.358176	-2.062270	-9.996046	-2.046860	-9.980637	-13.275695	-20.614929	
259	19.924042	11.990265	19.958677	12.024900	18.691363	11.352129	-2.055357	-9.989134	-2.020722	-9.954499	-13.233600	-20.572833	
260	19.887494	11.953717	19.948981	12.015205	18.682857	11.343624	-2.045661	-9.979438	-1.984174	-9.917951	-13.174747	-20.513980	
261	19.840584	11.906807	19.936484	12.002707	18.671852	11.332619	-2.033164	-9.966940	-1.937264	-9.871040	-13.099217	-20.438451	
262	19.783370	11.849594	19.921161	11.987385	18.658296	11.319063	-2.017841	-9.951618	-1.880050	-9.813827	-13.007116	-20.346349	
263	19.715927	11.782150	19.902986	11.969209	18.642126	11.302893	-1.999665	-9.933442	-1.812606	-9.746383	-12.898568	-20.237802	
264	19.638338	11.704561	19.881923	11.948146	18.623269	11.284036	-1.978603	-9.912380	-1.735017	-9.668794	-12.773724	-20.112957	
265	19.550702	11.616925	19.857936	11.924159	18.601640	11.262407	-1.954616	-9.888393	-1.647381	-9.581158	-12.632754	-19.971987	
266	19.453130	11.519353	19.830982	11.897205	18.577145	11.237912	-1.927661	-9.861438	-1.549809	-9.483586	-12.475850	-19.815084	
267	19.345744	11.411967	19.801013	11.867236	18.549679	11.210446	-1.897692	-9.831469	-1.442424	-9.376201	-12.303228	-19.642462	
268	19.228681	11.294904	19.767978	11.834201	18.519127	11.179894	-1.864658	-9.798434	-1.325360	-9.259137	-12.115123	-19.454356	
269	19.102086	11.168309	19.731822	11.798045	18.485367	11.146133	-1.828502	-9.762278	-1.198766	-9.132542	-11.911790	-19.251023	
270	18.966119	11.032342	19.692485	11.758708	18.448264	11.109031	-1.789165	-9.722942	-1.062798	-8.996575	-11.693504	-19.032738	
271	18.820949	10.887172	19.649905	11.716128	18.407678	11.068445	-1.746585	-9.680362	-0.917628	-8.851405	-11.460563	-18.799796	
272	18.666757	10.732980	19.604015	11.670239	18.363461	11.024227	-1.700695	-9.634472	-0.763437	-8.697214	-11.213279	-18.552512	
273	18.503735	10.569958	19.554747	11.620970	18.315454	10.976221	-1.651426	-9.585203	-0.600415	-8.534192	-10.951986	-18.291219	
274	18.332085	10.398308	19.502027	11.568250	18.263496	10.924262	-1.598706	-9.532483	-0.428765	-8.362542	-10.677033	-18.016267	
275	18.152018	10.218242	19.445781	11.512004	18.207415	10.868182	-1.542460	-9.476237	-0.248698	-8.182475	-10.388789	-17.728022	
276	17.963757	10.029980	19.385932	11.452155	18.147037	10.807804	-1.482612	-9.416389	-0.060437	-7.994214	-10.087636	-17.426870	
277	17.767531	9.833754	19.322402	11.388626	18.082181	10.742948	-1.419082	-9.352859	0.135789	-7.797988	-9.773975	-17.113209	
278	17.563581	9.629804	19.255111	11.321334	18.012661	10.673428	-1.351791	-9.285568	0.339740	-7.594037	-9.448219	-16.787453	
279	17.352153	9.418376	19.183977	11.250200	17.938289	10.599055	-1.280657	-9.214433	0.551167	-7.382610	-9.110797	-16.450031	
280	17.133505	9.199728	19.108918	11.175141	17.858871	10.519638	-1.205597	-9.139374	0.769816	-7.163961	-8.762150	-16.101383	
281	16.907898	8.974121	19.029851	11.096074	17.774214	10.434981	-1.126530	-9.060307	0.995422	-6.938355	-8.402731	-15.741964	
282	16.675604	8.741827	18.946693	11.012916	17.684120	10.344887	-1.043373	-8.977150	1.227716	-6.706061	-8.033006	-15.372240	
283	16.436900	8.503123	18.859363	10.925587	17.588393	10.249159	-0.956043	-8.889820	1.466420	-6.467357	-7.653452	-14.992685	
284	16.192068	8.258291	18.767779	10.834002	17.486833	10.147600	-0.864459	-8.798236	1.711252	-6.222525	-7.264553	-14.603786	
285	15.941398	8.007621	18.671861	10.738084	17.379244	10.040010	-0.768540	-8.702317	1.961922	-5.971855	-6.866804	-14.206038	
286	15.685183	7.751406	18.571528	10.637752	17.265429	9.926195	-0.668208	-8.601985	2.218137	-5.715640	-6.460709	-13.799943	
287	15.423723	7.489946	18.466706	10.532929	17.145193	9.805960	-0.563386	-8.497163	2.479598	-5.454179	-6.046777	-13.386011	
288	15.157319	7.223543	18.357319	10.423543	17.018346	9.679113	-0.453999	-8.387776	2.746001	-5.187776	-5.625524	-12.964757	
289	14.886280	6.952503	18.243297	10.309520	16.884699	9.545465	-0.339976	-8.273753	3.017040	-4.916737	-5.197470	-12.536704	
290	14.610915	6.677138	18.124570	10.190793	16.744067	9.404834	-0.221250	-8.155027	3.292405	-4.641372	-4.763142	-12.102376	
291	14.331538	6.397761	18.001075	10.067298	16.596273	9.257040	-0.097755	-8.031532	3.571783	-4.361994	-4.323068	-11.662302	
292	14.048464	6.114687	17.872753	9.938976	16.441143	9.101910	0.030568	-7.903209	3.854857	-4.078920	-3.877779	-11.217012	
293	13.762011	5.828234	17.739547	9.805770	16.278511	8.939278	0.163773	-7.770004	4.141310	-3.792467	-3.427808	-10.767041	
294	13.472498	5.538722	17.601409	9.667633	16.108218	8.768984	0.301911	-7.631866	4.430822	-3.502955	-2.973687	-10.312921	
295	13.180248	5.246471	17.458296	9.524519	15.930112	8.590879	0.445025	-7.488752	4.723072	-3.210705	-2.515951	-9.855184	
296	12.885582	4.951806	17.310169	9.376393	15.744053	8.404820	0.593151	-7.340626	5.017738	-2.916039	-2.055130	-9.394364	
297	12.588825	4.655048	17.157001	9.223224	15.549908	8.210675	0.746319	-7.187458	5.314496	-2.619281	-1.591755	-8.930989	
298	12.290299	4.356522	16.998769	9.064992	15.347556	8.008323	0.904551	-7.029225	5.613021	-2.320756	-1.126354	-8.465587	
299	11.990332	4.056555	16.835461	8.901684	15.136888	7.797654	1.067860	-6.865917	5.912988	-2.020788	-0.659449	-7.998682	
300	11.689249	3.755472	16.667074	8.733297	14.917804	7.578571	1.236246	-6.697531	6.214071	-1.719706	-0.191560	-7.530794	
301	11.387380	3.453603	16.493617	8.559841	14.690221	7.350988	1.409703	-6.524074	6.515941	-1.417836	0.276797	-7.062437	
302	11.085054	3.151277	16.315113	8.381336	14.454069	7.114836	1.588208	-6.345569	6.818266	-1.115511	0.745113	-6.594121	
303	10.782607	2.848830	16.131596	8.197819	14.209293	6.870059	1.771725	-6.162052	7.120713	-0.813064	1.212883	-6.126350	
304	10.480378	2.546601	15.943120	8.009343	13.955854	6.616620	1.960201	-5.973576	7.422942	-0.510835	1.679609	-5.659624	
305	10.178715	2.244938	15.749759	7.815982	13.693731	6.354498	2.153561	-5.780215	7.724605	-0.209172	2.144798	-5.194436	
306	9.877978	1.944201	15.551612	7.617835	13.422926	6.083692	2.351709	-5.582068	8.025342	0.091565	2.607959	-4.731274	
307	9.578545	1.644768	15.348809	7.415032	13.143458	5.804225	2.554511	-5.379265	8.324776	0.390999	3.068609	-4.270624	
308	9.280819	1.347042	15.141521	7.207745	12.855378	5.516145	2.761799	-5.171978	8.622501	0.688725	3.526262	-3.812971	
309	8.985246	1.051469	14.929976	6.996199	12.558763	5.219530	2.973344	-4.960433	8.918075	0.984298	3.980430	-3.358803	
310	8.692327	0.758550	14.714475	6.780699	12.253733	4.914500	3.188845	-4.744932	9.210993	1.277216	4.430616	-2.908617	
311	8.402669	0.468892	14.495435	6.561658	11.940458	4.601225	3.407886	-4.525891	9.500652	1.566875	4.876300	-2.462933	
312	8.117023	0.183246	14.273437	6.339660	11.619181	4.279948	3.629883	-4.303894	9.786298	1.852521	5.316918	-2.022315	
313	7.836395	-0.097381	14.049336	6.115560	11.290262	3.951028	3.853984	-4.079793	10.066925	2.133148	5.751825	-1.587409	
314	7.562229	-0.371548	13.824438	5.890661	10.954249	3.615015	4.078882	-3.854895	10.341091	2.407314	6.180215	-1.159018	
315	7.296749	-0.637028	13.600849	5.667072	10.612050	3.272817	4.302471	-3.631306	10.606571	2.672794	6.600960	-0.738274	
316	7.043676	-0.890101	13.382189	5.448412	10.265326	2.926093	4.521132	-3.412645	10.859645	2.925868	7.012208	-0.327026	
317	6.809717	-1.124060	13.175082	5.241305	9.917583	2.578349	4.728239	-3.205538	11.093604	3.159827	7.410299	0.071065	
318	6.607681	-1.326096	12.992272	5.058495	9.577826	2.238593	4.911048	-3.022729	11.295639	3.361863	7.786105	0.446871	
319	6.461536	-1.472241	12.857682	4.923905	9.276230	1.936996	5.045639	-2.888138	11.441784	3.508007	8.109365	0.770132	
320	5.097201	-1.527658	12.806119	4.872342	9.127933	1.788700	6.406119	-2.836576	6.406119	3.563424	8.264889	0.925655	
321	5.045639	-2.888138	11.441784	3.508007	8.109365	0.770132	6.461536	-1.472241	12.857682	4.923905	9.276230	1.936996	
322	4.911048	-3.022729	11.295639	3.361863	7.786105	0.446871	6.607681	-1.326096	12.992272	5.058495	9.577826	2.238593	
323	4.728239	-3.205538	11.093604	3.159827	7.410299	0.071065	6.809717	-1.124060	13.175082	5.241305	9.917583	2.578349	
324	4.521132	-3.412645	10.859645	2.925868	7.012208	-0.327026	7.043676	-0.890101	13.382189	5.448412	10.265326	2.926093	
325	4.302471	-3.631306	10.606571	2.672794	6.600960	-0.738274	7.296749	-0.637028	13.600849	5.667072	10.612050	3.272817	
326	4.078882	-3.854895	10.341091	2.407314	6.180215	-1.159018	7.562229	-0.371548	13.824438	5.890661	10.954249	3.615015	
327	3.853984	-4.079793	10.066925	2.133148	5.751825	-1.587409	7.836395	-0.097381	14.049336	6.115560	11.290262	3.951028	
328	3.629883	-4.303894	9.786298	1.852521	5.316918	-2.022315	8.117023	0.183246	14.273437	6.339660	11.619181	4.279948	
329	3.407886	-4.525891	9.500652	1.566875	4.876300	-2.462933	8.402669	0.468892	14.495435	6.561658	11.940458	4.601225	
330	3.188845	-4.744932	9.210993	1.277216	4.430616	-2.908617	8.692327	0.758550	14.714475	6.780699	12.253733	4.914500	
331	2.973344	-4.960433	8.918075	0.984298	3.980430	-3.358803	8.985246	1.051469	14.929976	6.996199	12.558763	5.219530	
332	2.761799	-5.171978	8.622501	0.688725	3.526262	-3.812971	9.280819	1.347042	15.141521	7.207745	12.855378	5.516145	
333	2.554511	-5.379265	8.324776	0.390999	3.068609	-4.270624	9.578545	1.644768	15.348809	7.415032	13.143458	5.804225	
334	2.351709	-5.582068	8.025342	0.091565	2.607959	-4.731274	9.877978	1.944201	15.551612	7.617835	13.422926	6.083692	
335	2.153561	-5.780215	7.724605	-0.209172	2.144798	-5.194436	10.178715	2.244938	15.749759	7.815982	13.693731	6.354498	
336	1.960201	-5.973576	7.422942	-0.510835	1.679609	-5.659624	10.480378	2.546601	15.943120	8.009343	13.955854	6.616620	
337	1.771725	-6.162052	7.120713	-0.813064	1.212883	-6.126350	10.782607	2.848830	16.131596	8.197819	14.209293	6.870059	
338	1.588208	-6.345569	6.818266	-1.115511	0.745113	-6.594121	11.085054	3.151277	16.315113	8.381336	14.454069	7.114836	
339	1.409703	-6.524074	6.515941	-1.417836	0.276797	-7.062437	11.387380	3.453603	16.493617	8.559841	14.690221	7.350988	
340	1.236246	-6.697531	6.214071	-1.719706	-0.191560	-7.530794	11.689249	3.755472	16.667074	8.733297	14.917804	7.578571	
341	1.067860	-6.865917	5.912988	-2.020788	-0.659449	-7.998682	11.990332	4.056555	16.835461	8.901684	15.136888	7.797654	
342	0.904551	-7.029225	5.613021	-2.320756	-1.126354	-8.465587	12.290299	4.356522	16.998769	9.064992	15.347556	8.008323	
343	0.746319	-7.187458	5.314496	-2.619281	-1.591755	-8.930989	12.588825	4.655048	17.157001	9.223224	15.549908	8.210675	
344	0.593151	-7.340626	5.017738	-2.916039	-2.055130	-9.394364	12.885582	4.951806	17.310169	9.376393	15.744053	8.404820	
345	0.445025	-7.488752	4.723072	-3.210705	-2.515951	-9.855184	13.180248	5.246471	17.458296	9.524519	15.930112	8.590879	
346	0.301911	-7.631866	4.430822	-3.502955	-2.973687	-10.312921	13.472498	5.538722	17.601409	9.667633	16.108218	8.768984	
347	0.163773	-7.770004	4.141310	-3.792467	-3.427808	-10.767041	13.762011	5.828234	17.739547	9.805770	16.278511	8.939278	
348	0.030568	-7.903209	3.854857	-4.078920	-3.877779	-11.217012	14.048464	6.114687	17.872753	9.938976	16.441143	9.101910	
349	-0.097755	-8.031532	3.571783	-4.361994	-4.323068	-11.662302	14.331538	6.397761	18.001075	10.067298	16.596273	9.257040	
350	-0.221250	-8.155027	3.292405	-4.641372	-4.763142	-12.102376	14.610915	6.677138	18.124570	10.190793	16.744067	9.404834	
351	-0.339976	-8.273753	3.017040	-4.916737	-5.197470	-12.536704	14.886280	6.952503	18.243297	10.309520	16.884699	9.545465	
352	-0.453999	-8.387776	2.746001	-5.187776	-5.625524	-12.964757	15.157319	7.223543	18.357319	10.423543	17.018346	9.679113	
353	-0.563386	-8.497163	2.479598	-5.454179	-6.046777	-13.386011	15.423723	7.489946	18.466706	10.532929	17.145193	9.805960	
354	-0.668208	-8.601985	2.218137	-5.715640	-6.460709	-13.799943	15.685183	7.751406	18.571528	10.637752	17.265429	9.926195	
355	-0.768540	-8.702317	1.961922	-5.971855	-6.866804	-14.206038	15.941398	8.007621	18.671861	10.738084	17.379244	10.040010	
356	-0.864459	-8.798236	1.711252	-6.222525	-7.264553	-14.603786	16.192068	8.258291	18.767779	10.834002	17.486833	10.147600	
357	-0.956043	-8.889820	1.466420	-6.467357	-7.653452	-14.992685	16.436900	8.503123	18.859363	10.925587	17.588393	10.249159	
358	-1.043373	-8.977150	1.227716	-6.706061	-8.033006	-15.372240	16.675604	8.741827	18.946693	11.012916	17.684120	10.344887	
359	-1.126530	-9.060307	0.995422	-6.938355	-8.402731	-15.741964	16.907898	8.974121	19.029851	11.096074	17.774214	10.434981	
360	-1.205597	-9.139374	0.769816	-7.163961	-8.762150	-16.101383	17.133505	9.199728	19.108918	11.175141	17.858871	10.519638	
361	-1.280657	-9.214433	0.551167	-7.382610	-9.110797	-16.450031	17.352153	9.418376	19.183977	11.250200	17.938289	10.599055	
362	-1.351791	-9.285568	0.339740	-7.594037	-9.448219	-16.787453	17.563581	9.629804	19.255111	11.321334	18.012661	10.673428	
363	-1.419082	-9.352859	0.135789	-7.797988	-9.773975	-17.113209	17.767531	9.833754	19.322402	11.388626	18.082181	10.742948	
364	-1.482612	-9.416389	-0.060437	-7.994214	-10.087636	-17.426870	17.963757	10.029980	19.385932	11.452155	18.147037	10.807804	
365	-1.542460	-9.476237	-0.248698	-8.182475	-10.388789	-17.728022	18.152018	10.218242	19.445781	11.512004	18.207415	10.868182	
366	-1.598706	-9.532483	-0.428765	-8.362542	-10.677033	-18.016267	18.332085	10.398308	19.502027	11.568250	18.263496	10.924262	
367	-1.651426	-9.585203	-0.600415	-8.534192	-10.951986	-18.291219	18.503735	10.569958	19.554747	11.620970	18.315454	10.976221	
368	-1.700695	-9.634472	-0.763437	-8.697214	-11.213279	-18.552512	18.666757	10.732980	19.604015	11.670239	18.363461	11.024227	
369	-1.746585	-9.680362	-0.917628	-8.851405	-11.460563	-18.799796	18.820949	10.887172	19.649905	11.716128	18.407678	11.068445	
370	-1.789165	-9.722942	-1.062798	-8.996575	-11.693504	-19.032738	18.966119	11.032342	19.692485	11.758708	18.448264	11.109031	
371	-1.828502	-9.762278	-1.198766	-9.132542	-11.911790	-19.251023	19.102086	11.168309	19.731822	11.798045	18.485367	11.146133	
372	-1.864658	-9.798434	-1.325360	-9.259137	-12.115123	-19.454356	19.228681	11.294904	19.767978	11.834201	18.519127	11.179894	
373	-1.897692	-9.831469	-1.442424	-9.376201	-12.303228	-19.642462	19.345744	11.411967	19.801013	11.867236	18.549679	11.210446	
374	-1.927661	-9.861438	-1.549809	-9.483586	-12.475850	-19.815084	19.453130	11.519353	19.830982	11.897205	18.577145	11.237912	
375	-1.954616	-9.888393	-1.647381	-9.581158	-12.632754	-19.971987	19.550702	11.616925	19.857936	11.924159	18.601640	11.262407	
376	-1.978603	-9.912380	-1.735017	-9.668794	-12.773724	-20.112957	19.638338	11.704561	19.881923	11.948146	18.623269	11.284036	
377	-1.999665	-9.933442	-1.812606	-9.746383	-12.898568	-20.237802	19.715927	11.782150	19.902986	11.969209	18.642126	11.302893	
378	-2.017841	-9.951618	-1.880050	-9.813827	-13.007116	-20.346349	19.783370	11.849594	19.921161	11.987385	18.658296	11.319063	
379	-2.033164	-9.966940	-1.937264	-9.871040	-13.099217	-20.438451	19.840584	11.906807	19.936484	12.002707	18.671852	11.332619	
380	-2.045661	-9.979438	-1.984174	-9.917951	-13.174747	-20.513980	19.887494	11.953717	19.948981	12.015205	18.682857	11.343624	
381	-2.055357	-9.989134	-2.020722	-9.954499	-13.233600	-20.572833	19.924042	11.990265	19.958677	12.024900	18.691363	11.352129	
382	-2.062270	-9.996046	-2.046860	-9.980637	-13.275695	-20.614929	19.950181	12.016404	19.965590	12.031813	18.697409	11.358176	
383	-2.066413	-10.000189	-2.062556	-9.996334	-13.300976	-20.640210	19.965877	12.032101	19.969732	12.035955	18.701026	11.361792	
384	-2.067855	-10.001586	-2.067728	-10.001551	-13.309407	-20.648640	19.971083	12.037318	19.971141	12.037352	18.702229	11.362996	
