# n = 2.5 U  = 12.0 J = 3.000 k = 128.0
#    itr              mu            ntot            mtot            etot
       1       23.470121        2.500366        0.163452       42.133858
       2       23.467486        2.500366        0.043091       42.518965
       3       23.473058        2.500122        0.010986       42.522240
       4       23.468856        2.500122        0.003174       42.519522
       5       23.468282        2.500122        0.001221       42.519054
       6       23.469853        2.500122        0.000244       42.518782
       7       23.473311        2.500122        0.000244       42.519067
       8       23.473515        2.500122        0.000244       42.518784
