# n = 0.7 U  = 10.0 J = 2.500 k = 128.0
#    itr              mu            ntot            mtot            etot
       1       -3.811380        0.700073        0.072510       -4.892082
       2       -3.881290        0.700317        0.032104       -4.827755
       3       -3.868790        0.700073        0.014648       -4.824418
       4       -3.868990        0.700073        0.007080       -4.824085
       5       -3.871787        0.700317        0.002563       -4.824601
       6       -3.865987        0.700073        0.000732       -4.822034
       7       -3.862687        0.700073        0.000488       -4.823420
       8       -3.863387        0.700073        0.000488       -4.823420
       9       -3.863387        0.700073        0.000488       -4.823420
