# n = 5.5 U  = 6.0 J = 1.500 k = 128.0
#    itr              mu            ntot            mtot            etot
       1       37.967000        5.499451        0.250275      145.436411
       2       36.951000        5.499146        0.085937      146.124425
       3       36.928000        5.499878        0.028687      146.175090
       4       36.930000        5.499146        0.010010      146.170238
       5       36.926000        5.499146        0.003662      146.150784
       6       36.930000        5.500366        0.001343      146.195954
       7       36.937000        5.499390        0.000366      146.193362
       8       36.933000        5.499390        0.000366      146.166559
       9       36.933000        5.499390        0.000366      146.166559
