#p	a1_up	a1_dn	b1_up	b1_dn	c1_up	c1_dn	a2_up	a2_dn	b2_up	b2_dn	c2_up	c2_dn	NaN
0	36.181023	1.480185	36.181188	1.480537	25.247944	-9.738079	58.775325	24.074651	58.775489	24.074674	57.694072	22.708049	
1	36.181316	1.480478	36.184120	1.483469	25.252128	-9.733895	58.772393	24.071741	58.775196	24.074358	57.693503	22.707480	
2	36.182196	1.481358	36.192916	1.492265	25.264675	-9.721347	58.763597	24.062946	58.774316	24.073478	57.691796	22.705773	
3	36.183661	1.482823	36.207569	1.506918	25.285580	-9.700443	58.748944	24.048293	58.772851	24.072013	57.688952	22.702929	
4	36.185711	1.484873	36.228069	1.527418	25.314827	-9.671196	58.728444	24.027793	58.770801	24.069963	57.684973	22.698950	
5	36.188345	1.487507	36.254402	1.553750	25.352401	-9.633622	58.702111	24.001460	58.768167	24.067329	57.679862	22.693839	
6	36.191561	1.490723	36.286549	1.585898	25.398276	-9.587747	58.669964	23.969313	58.764951	24.064113	57.673622	22.687599	
7	36.195357	1.494519	36.324489	1.623838	25.452426	-9.533597	58.632024	23.931372	58.761155	24.060317	57.666259	22.680236	
8	36.199731	1.498893	36.368196	1.667545	25.514817	-9.471206	58.588317	23.887666	58.756781	24.055943	57.657776	22.671753	
9	36.204680	1.503842	36.417639	1.716987	25.585410	-9.400613	58.538875	23.838223	58.751832	24.050994	57.648181	22.662158	
10	36.210201	1.509363	36.472783	1.772132	25.664161	-9.321862	58.483730	23.783079	58.746311	24.045473	57.637480	22.651457	
11	36.216291	1.515453	36.533590	1.832939	25.751023	-9.235000	58.422923	23.722271	58.740221	24.039383	57.625681	22.639658	
12	36.222945	1.522107	36.600019	1.899368	25.845941	-9.140082	58.356494	23.655843	58.733567	24.032729	57.612791	22.626768	
13	36.230161	1.529323	36.672022	1.971371	25.948857	-9.037166	58.284491	23.583840	58.726351	24.025513	57.598821	22.612798	
14	36.237933	1.537095	36.749549	2.048898	26.059708	-8.926315	58.206964	23.506313	58.718579	24.017741	57.583780	22.597757	
15	36.246257	1.545419	36.832545	2.131894	26.178425	-8.807598	58.123968	23.423317	58.710255	24.009417	57.567678	22.581656	
16	36.255127	1.554289	36.920951	2.220300	26.304934	-8.681089	58.035562	23.334910	58.701385	24.000547	57.550528	22.564506	
17	36.264539	1.563701	37.014705	2.314054	26.439157	-8.546866	57.941808	23.241157	58.691973	23.991135	57.532342	22.546319	
18	36.274486	1.573648	37.113740	2.413088	26.581012	-8.405011	57.842774	23.142122	58.682026	23.981188	57.513133	22.527110	
19	36.284963	1.584125	37.217983	2.517332	26.730411	-8.255612	57.738530	23.037879	58.671549	23.970711	57.492914	22.506891	
20	36.295962	1.595124	37.327360	2.626709	26.887261	-8.098762	57.629153	22.928502	58.660549	23.959711	57.471700	22.485677	
21	36.307478	1.606640	37.441791	2.741140	27.051466	-7.934557	57.514722	22.814071	58.649033	23.948195	57.449507	22.463484	
22	36.319504	1.618666	37.561192	2.860541	27.222923	-7.763100	57.395321	22.694670	58.637008	23.936170	57.426350	22.440327	
23	36.332031	1.631193	37.685474	2.984823	27.401526	-7.584497	57.271039	22.570388	58.624481	23.923643	57.402248	22.416225	
24	36.345053	1.644215	37.814545	3.113893	27.587165	-7.398858	57.141968	22.441317	58.611459	23.910621	57.377216	22.391193	
25	36.358561	1.657723	37.948306	3.247655	27.779725	-7.206298	57.008207	22.307556	58.597951	23.897113	57.351274	22.365251	
26	36.372547	1.671709	38.086657	3.386005	27.979085	-7.006938	56.869856	22.169205	58.583965	23.883127	57.324441	22.338418	
27	36.387003	1.686165	38.229489	3.528838	28.185123	-6.800900	56.727024	22.026373	58.569509	23.868671	57.296736	22.310714	
28	36.401919	1.701081	38.376691	3.676040	28.397710	-6.588313	56.579822	21.879170	58.554593	23.853755	57.268181	22.282158	
29	36.417288	1.716450	38.528147	3.827496	28.616714	-6.369309	56.428366	21.727715	58.539224	23.838386	57.238797	22.252774	
30	36.433098	1.732260	38.683733	3.983082	28.841998	-6.144025	56.272780	21.572129	58.523414	23.822576	57.208605	22.222582	
31	36.449341	1.748503	38.843322	4.142671	29.073423	-5.912600	56.113191	21.412539	58.507170	23.806332	57.177629	22.191606	
32	36.466008	1.765170	39.006781	4.306130	29.310844	-5.675179	55.949732	21.249081	58.490504	23.789666	57.145891	22.159868	
33	36.483086	1.782248	39.173969	4.473318	29.554112	-5.431910	55.782544	21.081893	58.473426	23.772588	57.113418	22.127395	
34	36.500567	1.799729	39.344740	4.644089	29.803077	-5.182946	55.611773	20.911121	58.455945	23.755107	57.080232	22.094209	
35	36.518440	1.817602	39.518941	4.818290	30.057582	-4.928441	55.437572	20.736920	58.438072	23.737234	57.046361	22.060338	
36	36.536693	1.835855	39.696411	4.995760	30.317467	-4.668556	55.260102	20.559450	58.419819	23.718981	57.011830	22.025807	
37	36.555316	1.854478	39.876981	5.176330	30.582571	-4.403452	55.079532	20.378881	58.401196	23.700358	56.976667	21.990644	
38	36.574297	1.873459	40.060473	5.359822	30.852726	-4.133297	54.896040	20.195389	58.382215	23.681377	56.940899	21.954876	
39	36.593625	1.892787	40.246698	5.546047	31.127762	-3.858261	54.709815	20.009164	58.362887	23.662049	56.904556	21.918533	
40	36.613287	1.912449	40.435459	5.734808	31.407508	-3.578515	54.521054	19.820403	58.343224	23.642386	56.867666	21.881643	
41	36.633273	1.932435	40.626544	5.925893	31.691785	-3.294238	54.329969	19.629318	58.323239	23.622401	56.830260	21.844237	
42	36.653570	1.952732	40.819730	6.119078	31.980415	-3.005608	54.136784	19.436132	58.302942	23.602104	56.792368	21.806346	
43	36.674165	1.973327	41.014775	6.314124	32.273215	-2.712807	53.941738	19.241087	58.282347	23.581509	56.754023	21.768000	
44	36.695045	1.994207	41.211424	6.510773	32.570000	-2.416023	53.745089	19.044438	58.261466	23.560628	56.715255	21.729232	
45	36.716200	2.015362	41.409400	6.708748	32.870581	-2.115442	53.547113	18.846462	58.240312	23.539474	56.676099	21.690076	
46	36.737614	2.036776	41.608401	6.907750	33.174767	-1.811256	53.348112	18.647461	58.218898	23.518060	56.636589	21.650566	
47	36.759276	2.058438	41.808103	7.107452	33.482363	-1.503660	53.148410	18.447759	58.197236	23.496398	56.596757	21.610734	
48	36.781172	2.080334	42.008148	7.307496	33.793174	-1.192849	52.948366	18.247714	58.175339	23.474501	56.556641	21.570619	
49	36.803290	2.102452	42.208142	7.507491	34.106999	-0.879024	52.748371	18.047720	58.153222	23.452384	56.516277	21.530254	
50	36.825614	2.124776	42.407651	7.707000	34.423638	-0.562385	52.548862	17.848211	58.130897	23.430059	56.475701	21.489678	
51	36.848133	2.147295	42.606191	7.905540	34.742885	-0.243138	52.350322	17.649671	58.108379	23.407541	56.434950	21.448927	
52	36.870832	2.169994	42.803219	8.102568	35.064535	0.078512	52.153294	17.452643	58.085680	23.384842	56.394065	21.408042	
53	36.893698	2.192860	42.998124	8.297473	35.388379	0.402356	51.958389	17.257738	58.062814	23.361976	56.353084	21.367062	
54	36.916716	2.215878	43.190215	8.489563	35.714206	0.728183	51.766298	17.065647	58.039796	23.338958	56.312049	21.326026	
55	36.939873	2.239035	43.378705	8.678054	36.041802	1.055779	51.577808	16.877157	58.016639	23.315801	56.270999	21.284976	
56	36.963155	2.262317	43.562699	8.862047	36.370954	1.384931	51.393814	16.693163	57.993357	23.292519	56.229979	21.243956	
57	36.986548	2.285710	43.741172	9.040521	36.701443	1.715420	51.215341	16.514689	57.969964	23.269126	56.189031	21.203008	
58	37.010037	2.309198	43.912958	9.212306	37.033052	2.047029	51.043555	16.342904	57.946475	23.245637	56.148199	21.162176	
59	37.033608	2.332770	44.076725	9.376074	37.365559	2.379536	50.879788	16.179136	57.922904	23.222066	56.107530	21.121507	
60	37.057247	2.356409	44.230974	9.530323	37.698742	2.712719	50.725539	16.024888	57.899265	23.198427	56.067069	21.081046	
61	37.080940	2.380102	44.374029	9.673378	38.032376	3.046353	50.582484	15.881833	57.875572	23.174734	56.026866	21.040843	
62	37.104672	2.403834	44.504054	9.803403	38.366236	3.380213	50.452459	15.751808	57.851840	23.151002	55.986968	21.000945	
63	37.128430	2.427592	44.619093	9.918442	38.700094	3.714072	50.337420	15.636769	57.828082	23.127244	55.947427	20.961404	
64	37.152198	2.451360	44.717140	10.016489	39.033722	4.047699	50.239373	15.538722	57.804314	23.103476	55.908295	20.922272	
65	37.175962	2.475124	44.796249	10.095597	39.366888	4.380865	50.160264	15.459613	57.780550	23.079712	55.869623	20.883600	
66	37.199709	2.498871	44.854676	10.154025	39.699360	4.713337	50.101837	15.401186	57.756803	23.055965	55.831468	20.845445	
67	37.223423	2.522585	44.891048	10.190397	40.030905	5.044882	50.065465	15.364814	57.733089	23.032251	55.793886	20.807863	
68	37.247091	2.546253	44.904513	10.203862	40.361288	5.375265	50.052000	15.351349	57.709421	23.008583	55.756934	20.770911	
69	37.270697	2.569859	50.061663	15.361011	40.690272	5.704249	44.894850	10.194199	57.685814	22.984976	55.720673	20.734650	
70	37.294229	2.593391	50.094004	15.393353	41.017619	6.031596	44.862509	10.161857	57.662283	22.961445	55.685163	20.699140	
71	37.317672	2.616834	50.147961	15.447310	41.343090	6.357068	44.808552	10.107901	57.638840	22.938002	55.650469	20.664446	
72	37.341011	2.640173	50.221973	15.521322	41.666445	6.680422	44.734540	10.033889	57.615501	22.914663	55.616656	20.630633	
73	37.364233	2.663395	50.314147	15.613496	41.987441	7.001418	44.642366	9.941715	57.592279	22.891441	55.583791	20.597768	
74	37.387324	2.686486	50.422420	15.721768	42.305834	7.319811	44.534093	9.833442	57.569188	22.868350	55.551944	20.565921	
75	37.410269	2.709431	50.544700	15.844049	42.621382	7.635359	44.411813	9.711161	57.546243	22.845405	55.521188	20.535165	
76	37.433056	2.732218	50.678974	15.978322	42.933836	7.947813	44.277540	9.576888	57.523456	22.822618	55.491596	20.505573	
77	37.455669	2.754831	50.823365	16.122714	43.242952	8.256929	44.133148	9.432497	57.500842	22.800004	55.463246	20.477223	
78	37.478097	2.777259	50.976176	16.275525	43.548480	8.562457	43.980337	9.279685	57.478415	22.777577	55.436215	20.450192	
79	37.500325	2.799487	51.135893	16.435242	43.850171	8.864148	43.820620	9.119969	57.456187	22.755349	55.410586	20.424563	
80	37.522340	2.821502	51.301182	16.600530	44.147776	9.161753	43.655332	8.954680	57.434172	22.733334	55.386442	20.400419	
81	37.544129	2.843291	51.470873	16.770222	44.441044	9.455021	43.485640	8.784988	57.412383	22.711545	55.363869	20.377846	
82	37.565679	2.864841	51.643949	16.943298	44.729724	9.743701	43.312564	8.611912	57.390833	22.689995	55.342954	20.356931	
83	37.586977	2.886139	51.819520	17.118869	45.013565	10.027542	43.136993	8.436341	57.369535	22.668697	55.323788	20.337765	
84	37.608010	2.907172	51.996809	17.296158	45.292317	10.306294	42.959704	8.259053	57.348502	22.647664	55.306461	20.320438	
85	37.628765	2.927927	52.175134	17.474483	45.565729	10.579706	42.781379	8.080727	57.327746	22.626908	55.291066	20.305043	
86	37.649231	2.948393	52.353897	17.653246	45.833554	10.847531	42.602616	7.901965	57.307281	22.606443	55.277696	20.291673	
87	37.669395	2.968557	52.532567	17.831916	46.095545	11.109522	42.423946	7.723295	57.287117	22.586279	55.266443	20.280420	
88	37.689245	2.988407	52.710673	18.010022	46.351460	11.365437	42.245840	7.545188	57.267267	22.566429	55.257400	20.271377	
89	37.708769	3.007931	52.887795	18.187144	46.601060	11.615037	42.068718	7.368067	57.247743	22.546905	55.250655	20.264632	
90	37.727956	3.027118	53.063554	18.362902	46.844111	11.858088	41.892959	7.192308	57.228556	22.527718	55.246297	20.260274	
91	37.746794	3.045956	53.237607	18.536956	47.080390	12.094367	41.718906	7.018254	57.209718	22.508880	55.244406	20.258383	
92	37.765271	3.064433	53.409646	18.708995	47.309677	12.323654	41.546867	6.846216	57.191240	22.490402	55.245059	20.259036	
93	37.783378	3.082540	53.579386	18.878735	47.531768	12.545745	41.377127	6.676476	57.173134	22.472296	55.248322	20.262299	
94	37.801103	3.100265	53.746568	19.045917	47.746470	12.760447	41.209945	6.509294	57.155409	22.454571	55.254254	20.268231	
95	37.818435	3.117597	53.910952	19.210301	47.953604	12.967582	41.045561	6.344910	57.138076	22.437238	55.262899	20.276876	
96	37.835365	3.134527	54.072317	19.371665	48.153012	13.166989	40.884197	6.183545	57.121147	22.420309	55.274286	20.288263	
97	37.851882	3.151044	54.230457	19.529805	48.344555	13.358532	40.726057	6.025405	57.104630	22.403792	55.288427	20.302404	
98	37.867977	3.167139	54.385180	19.684529	48.528116	13.542093	40.571333	5.870681	57.088535	22.387697	55.305314	20.319291	
99	37.883639	3.182801	54.536309	19.835658	48.703605	13.717582	40.420204	5.719552	57.072872	22.372034	55.324917	20.338895	
100	37.898861	3.198023	54.683676	19.983025	48.870962	13.884939	40.272837	5.572186	57.057651	22.356813	55.347181	20.361158	
101	37.913632	3.212794	54.827123	20.126472	49.030153	14.044130	40.129390	5.428738	57.042880	22.342042	55.372021	20.385998	
102	37.927943	3.227105	54.966504	20.265853	49.181179	14.195156	39.990009	5.289358	57.028568	22.327730	55.399328	20.413305	
103	37.941788	3.240950	55.101678	20.401027	49.324072	14.338049	39.854835	5.154184	57.014724	22.313886	55.428962	20.442939	
104	37.955156	3.254318	55.232516	20.531865	49.458899	14.472876	39.723997	5.023346	57.001356	22.300518	55.460753	20.474730	
105	37.968041	3.267203	55.358894	20.658243	49.585759	14.599736	39.597619	4.896968	56.988471	22.287633	55.494501	20.508478	
106	37.980435	3.279597	55.480695	20.780044	49.704781	14.718758	39.475818	4.775166	56.976077	22.275239	55.529979	20.543956	
107	37.992330	3.291492	55.597811	20.897160	49.816125	14.830102	39.358702	4.658051	56.964182	22.263344	55.566935	20.580912	
108	38.003720	3.302882	55.710137	21.009485	49.919980	14.933957	39.246376	4.545725	56.952792	22.251954	55.605092	20.619069	
109	38.014597	3.313759	55.817576	21.116924	50.016555	15.030532	39.138937	4.438286	56.941915	22.241077	55.644154	20.658131	
110	38.024955	3.324117	55.920036	21.219385	50.106081	15.120058	39.036477	4.335826	56.931556	22.230718	55.683807	20.697784	
111	38.034789	3.333951	56.017432	21.316781	50.188806	15.202783	38.939081	4.238430	56.921723	22.220885	55.723728	20.737705	
112	38.044092	3.343254	56.109682	21.409031	50.264988	15.278965	38.846831	4.146179	56.912419	22.211581	55.763583	20.777560	
113	38.052859	3.352021	56.196712	21.496061	50.334891	15.348869	38.759801	4.059150	56.903652	22.202814	55.803039	20.817016	
114	38.061085	3.360247	56.278450	21.577799	50.398785	15.412762	38.678063	3.977412	56.895427	22.194589	55.841760	20.855737	
115	38.068765	3.367927	56.354831	21.654180	50.456935	15.470912	38.601682	3.901031	56.887747	22.186909	55.879420	20.893397	
116	38.075894	3.375056	56.425795	21.725143	50.509603	15.523580	38.530718	3.830067	56.880618	22.179780	55.915698	20.929675	
117	38.082468	3.381630	56.491284	21.790633	50.557041	15.571018	38.465229	3.764577	56.874043	22.173205	55.950288	20.964266	
118	38.088484	3.387646	56.551250	21.850598	50.599490	15.613467	38.405264	3.704612	56.868028	22.167190	55.982902	20.996879	
119	38.093938	3.393100	56.605643	21.904992	50.637176	15.651153	38.350870	3.650219	56.862574	22.161736	56.013266	21.027243	
120	38.098826	3.397988	56.654423	21.953772	50.670309	15.684286	38.302090	3.601439	56.857686	22.156848	56.041131	21.055108	
121	38.103145	3.402307	56.697552	21.996901	50.699081	15.713058	38.258961	3.558310	56.853366	22.152528	56.066267	21.080244	
122	38.106894	3.406056	56.734997	22.034346	50.723662	15.737639	38.221516	3.520865	56.849618	22.148780	56.088473	21.102450	
123	38.110070	3.409232	56.766730	22.066079	50.744203	15.758180	38.189783	3.489132	56.846442	22.145604	56.107568	21.121545	
124	38.112671	3.411833	56.792726	22.092074	50.760833	15.774810	38.163788	3.463136	56.843841	22.143003	56.123401	21.137378	
125	38.114696	3.413858	56.812965	22.112314	50.773656	15.787633	38.143548	3.442897	56.841816	22.140978	56.135846	21.149823	
126	38.116143	3.415305	56.827432	22.126781	50.782756	15.796733	38.129081	3.428429	56.840369	22.139531	56.144806	21.158783	
127	38.117011	3.416173	56.836117	22.135466	50.788193	15.802170	38.120396	3.419744	56.839500	22.138662	56.150210	21.164187	
128	38.117301	3.416463	56.839013	22.138362	56.152016	15.803978	38.117500	3.416849	56.839211	22.138373	50.790001	21.165993	
129	38.120197	3.419359	56.839303	22.138651	56.150210	21.164187	38.117210	3.416559	56.836315	22.135477	50.788193	15.802170	
130	38.128881	3.428043	56.840171	22.139520	56.144806	21.158783	38.116342	3.415691	56.827631	22.126793	50.782756	15.796733	
131	38.143349	3.442511	56.841618	22.140967	56.135846	21.149823	38.114895	3.414244	56.813163	22.112325	50.773656	15.787633	
132	38.163587	3.462749	56.843643	22.142992	56.123401	21.137378	38.112870	3.412219	56.792924	22.092086	50.760833	15.774810	
133	38.189583	3.488745	56.846244	22.145593	56.107568	21.121545	38.110269	3.409618	56.766929	22.066091	50.744203	15.758180	
134	38.221314	3.520476	56.849420	22.148769	56.088473	21.102450	38.107093	3.406442	56.735197	22.034359	50.723662	15.737639	
135	38.258759	3.557921	56.853169	22.152518	56.066267	21.080244	38.103344	3.402693	56.697753	21.996915	50.699081	15.713058	
136	38.301887	3.601049	56.857489	22.156838	56.041131	21.055108	38.099024	3.398373	56.654625	21.953787	50.670309	15.684286	
137	38.350666	3.649828	56.862377	22.161726	56.013266	21.027243	38.094136	3.393485	56.605846	21.905008	50.637176	15.651153	
138	38.405058	3.704220	56.867830	22.167179	55.982902	20.996879	38.088683	3.388031	56.551454	21.850616	50.599490	15.613467	
139	38.465022	3.764184	56.873846	22.173195	55.950288	20.964266	38.082667	3.382016	56.491490	21.790652	50.557041	15.571018	
140	38.530510	3.829672	56.880421	22.179769	55.915698	20.929675	38.076092	3.375441	56.426002	21.725164	50.509603	15.523580	
141	38.601472	3.900634	56.887550	22.186899	55.879420	20.893397	38.068963	3.368312	56.355040	21.654202	50.456935	15.470912	
142	38.677851	3.977013	56.895230	22.194579	55.841760	20.855737	38.061283	3.360632	56.278660	21.577822	50.398785	15.412762	
143	38.759588	4.058750	56.903456	22.202805	55.803039	20.817016	38.053057	3.352406	56.196924	21.496086	50.334891	15.348869	
144	38.846615	4.145777	56.912223	22.211572	55.763583	20.777560	38.044290	3.343639	56.109897	21.409059	50.264988	15.278965	
145	38.938863	4.238025	56.921527	22.220875	55.723728	20.737705	38.034987	3.334335	56.017649	21.316811	50.188806	15.202783	
146	39.036256	4.335418	56.931360	22.230709	55.683807	20.697784	38.025153	3.324501	55.920255	21.219417	50.106081	15.120058	
147	39.138714	4.437876	56.941719	22.241068	55.644154	20.658131	38.014794	3.314143	55.817798	21.116960	50.016555	15.030532	
148	39.246150	4.545312	56.952597	22.251946	55.605092	20.619069	38.003916	3.303265	55.710362	21.009524	49.919980	14.933957	
149	39.358473	4.657635	56.963987	22.263335	55.566935	20.580912	37.992526	3.291875	55.598039	20.897201	49.816125	14.830102	
150	39.475585	4.774747	56.975882	22.275231	55.529979	20.543956	37.980631	3.279980	55.480927	20.780089	49.704781	14.718758	
151	39.597383	4.896545	56.988276	22.287625	55.494501	20.508478	37.968237	3.267586	55.359129	20.658291	49.585759	14.599736	
152	39.723757	5.022919	57.001161	22.300510	55.460753	20.474730	37.955352	3.254701	55.232755	20.531917	49.458899	14.472876	
153	39.854590	5.153752	57.014530	22.313879	55.428962	20.442939	37.941983	3.241332	55.101921	20.401083	49.324072	14.338049	
154	39.989761	5.288923	57.028375	22.327723	55.399328	20.413305	37.928138	3.227487	54.966751	20.265913	49.181179	14.195156	
155	40.129136	5.428298	57.042687	22.342035	55.372021	20.385998	37.913826	3.213175	54.827376	20.126537	49.030153	14.044130	
156	40.272579	5.571741	57.057458	22.356807	55.347181	20.361158	37.899055	3.198404	54.683933	19.983095	48.870962	13.884939	
157	40.419940	5.719102	57.072679	22.372028	55.324917	20.338895	37.883834	3.183182	54.536572	19.835734	48.703605	13.717582	
158	40.571063	5.870225	57.088342	22.387691	55.305314	20.319291	37.868171	3.167519	54.385449	19.684611	48.528116	13.542093	
159	40.725781	6.024943	57.104437	22.403786	55.288427	20.302404	37.852076	3.151425	54.230731	19.529893	48.344555	13.358532	
160	40.883914	6.183076	57.120955	22.420303	55.274286	20.288263	37.835558	3.134907	54.072598	19.371760	48.153012	13.166989	
161	41.045272	6.344434	57.137885	22.437234	55.262899	20.276876	37.818628	3.117977	53.911240	19.210402	47.953604	12.967582	
162	41.209648	6.508810	57.155218	22.454566	55.254254	20.268231	37.801295	3.100644	53.746864	19.046026	47.746470	12.760447	
163	41.376822	6.675984	57.172943	22.472292	55.248322	20.262299	37.783570	3.082919	53.579690	18.878852	47.531768	12.545745	
164	41.546553	6.845715	57.191050	22.490399	55.245059	20.259036	37.765463	3.064812	53.409959	18.709121	47.309677	12.323654	
165	41.718583	7.017745	57.209528	22.508877	55.244406	20.258383	37.746985	3.046334	53.237929	18.537091	47.080390	12.094367	
166	41.892626	7.191788	57.228366	22.527715	55.246297	20.260274	37.728147	3.027496	53.063886	18.363048	46.844111	11.858088	
167	42.068374	7.367536	57.247553	22.546902	55.250655	20.264632	37.708960	3.008309	52.888138	18.187300	46.601060	11.615037	
168	42.245484	7.544646	57.267078	22.566426	55.257400	20.271377	37.689436	2.988784	52.711028	18.010190	46.351460	11.365437	
169	42.423578	7.722740	57.286928	22.586277	55.266443	20.280420	37.669585	2.968934	52.532934	17.832096	46.095545	11.109522	
170	42.602234	7.901396	57.307092	22.606441	55.277696	20.291673	37.649421	2.948770	52.354278	17.653439	45.833554	10.847531	
171	42.780983	8.080145	57.327558	22.626907	55.291066	20.305043	37.628955	2.928303	52.175529	17.474691	45.565729	10.579706	
172	42.959292	8.258454	57.348314	22.647663	55.306461	20.320438	37.608199	2.907547	51.997220	17.296381	45.292317	10.306294	
173	43.136564	8.435726	57.369348	22.668697	55.323788	20.337765	37.587165	2.886514	51.819948	17.119110	45.013565	10.027542	
174	43.312117	8.611279	57.390646	22.689995	55.342954	20.356931	37.565867	2.865216	51.644395	16.943557	44.729724	9.743701	
175	43.485174	8.784336	57.412196	22.711545	55.363869	20.377846	37.544317	2.843666	51.471338	16.770500	44.441044	9.455021	
176	43.654845	8.954007	57.433986	22.733334	55.386442	20.400419	37.522527	2.821876	51.301667	16.600829	44.147776	9.161753	
177	43.820111	9.119273	57.456001	22.755350	55.410586	20.424563	37.500512	2.799861	51.136400	16.435562	43.850171	8.864148	
178	43.979805	9.278967	57.478230	22.777578	55.436215	20.450192	37.478283	2.777632	50.976707	16.275869	43.548480	8.562457	
179	44.132592	9.431754	57.500658	22.800006	55.463246	20.477223	37.455855	2.755204	50.823920	16.123082	43.242952	8.256929	
180	44.276959	9.576121	57.523272	22.822621	55.491596	20.505573	37.433241	2.732590	50.679553	15.978715	42.933836	7.947813	
181	44.411206	9.710368	57.546059	22.845408	55.521188	20.535165	37.410454	2.709803	50.545305	15.844467	42.621382	7.635359	
182	44.533462	9.832624	57.569005	22.868353	55.551944	20.565921	37.387508	2.686857	50.423050	15.722212	42.305834	7.319811	
183	44.641711	9.940873	57.592096	22.891445	55.583791	20.597768	37.364417	2.663766	50.314801	15.613963	41.987441	7.001418	
184	44.733862	10.033024	57.615318	22.914667	55.616656	20.630633	37.341195	2.640544	50.222649	15.521811	41.666445	6.680422	
185	44.807856	10.107018	57.638658	22.938007	55.650469	20.664446	37.317855	2.617204	50.148656	15.447818	41.343090	6.357068	
186	44.861798	10.160960	57.662101	22.961450	55.685163	20.699140	37.294412	2.593761	50.094714	15.393876	41.017619	6.031596	
187	44.894131	10.193293	57.685633	22.984982	55.720673	20.734650	37.270880	2.570229	50.062381	15.361543	40.690272	5.704249	
188	50.052721	15.351883	57.709240	23.008589	55.756934	20.770911	37.247273	2.546622	44.903791	10.202953	40.361288	5.375265	
189	50.066182	15.365344	57.732908	23.032257	55.793886	20.807863	37.223605	2.522953	44.890330	10.189492	40.030905	5.044882	
190	50.102544	15.401706	57.756623	23.055972	55.831468	20.845445	37.199890	2.499239	44.853968	10.153130	39.699360	4.713337	
191	50.160956	15.460118	57.780370	23.079719	55.869623	20.883600	37.176143	2.475492	44.795556	10.094718	39.366888	4.380865	
192	50.240045	15.539207	57.804135	23.103484	55.908295	20.922272	37.152378	2.451727	44.716467	10.015629	39.033722	4.047699	
193	50.338069	15.637231	57.827903	23.127252	55.947427	20.961404	37.128610	2.427958	44.618443	9.917605	38.700094	3.714072	
194	50.453083	15.752245	57.851661	23.151010	55.986968	21.000945	37.104852	2.404201	44.503429	9.802591	38.366236	3.380213	
195	50.583082	15.882244	57.875394	23.174743	56.026866	21.040843	37.081119	2.380468	44.373430	9.672592	38.032376	3.046353	
196	50.726110	16.025272	57.899087	23.198436	56.067069	21.081046	37.057426	2.356775	44.230402	9.529564	37.698742	2.712719	
197	50.880333	16.179495	57.922727	23.222076	56.107530	21.121507	37.033786	2.333135	44.076179	9.375341	37.365559	2.379536	
198	51.044076	16.343238	57.946299	23.245647	56.148199	21.162176	37.010215	2.309563	43.912436	9.211598	37.033052	2.047029	
199	51.215837	16.514999	57.969788	23.269137	56.189031	21.203008	36.986725	2.286074	43.740675	9.039837	36.701443	1.715420	
200	51.394288	16.693450	57.993181	23.292529	56.229979	21.243956	36.963332	2.262681	43.562224	8.861386	36.370954	1.384931	
201	51.578261	16.877423	58.016463	23.315812	56.270999	21.284976	36.940050	2.239399	43.378251	8.677413	36.041802	1.055779	
202	51.766731	17.065893	58.039620	23.338969	56.312049	21.326026	36.916893	2.216241	43.189781	8.488943	35.714206	0.728183	
203	51.958803	17.257965	58.062639	23.361988	56.353084	21.367062	36.893874	2.193223	42.997709	8.296871	35.388379	0.402356	
204	52.153691	17.452853	58.085505	23.384854	56.394065	21.408042	36.871008	2.170357	42.802821	8.101983	35.064535	0.078512	
205	52.350703	17.649865	58.108205	23.407553	56.434950	21.448927	36.848309	2.147657	42.605809	7.904971	34.742885	-0.243138	
206	52.549227	17.848389	58.130724	23.430072	56.475701	21.489678	36.825789	2.125138	42.407284	7.706446	34.423638	-0.562385	
207	52.748723	18.047885	58.153049	23.452397	56.516277	21.530254	36.803464	2.102813	42.207789	7.506951	34.106999	-0.879024	
208	52.948705	18.247867	58.175166	23.474515	56.556641	21.570619	36.781347	2.080696	42.007807	7.306969	33.793174	-1.192849	
209	53.148737	18.447899	58.197063	23.496412	56.596757	21.610734	36.759450	2.058799	41.807775	7.106937	33.482363	-1.503660	
210	53.348428	18.647590	58.218725	23.518074	56.636589	21.650566	36.737788	2.037137	41.608084	6.907246	33.174767	-1.811256	
211	53.547419	18.846581	58.240140	23.539489	56.676099	21.690076	36.716373	2.015722	41.409093	6.708255	32.870581	-2.115442	
212	53.745385	19.044547	58.261295	23.560643	56.715255	21.729232	36.695218	1.994567	41.211127	6.510289	32.570000	-2.416023	
213	53.942025	19.241187	58.282176	23.581525	56.754023	21.768000	36.674337	1.973686	41.014487	6.313649	32.273215	-2.712807	
214	54.137062	19.436224	58.302771	23.602120	56.792368	21.806346	36.653742	1.953091	40.819450	6.118612	31.980415	-3.005608	
215	54.330239	19.629401	58.323068	23.622417	56.830260	21.844237	36.633445	1.932794	40.626273	5.925435	31.691785	-3.294238	
216	54.521317	19.820479	58.343054	23.642403	56.867666	21.881643	36.613459	1.912808	40.435195	5.734357	31.407508	-3.578515	
217	54.710071	20.009233	58.362717	23.662066	56.904556	21.918533	36.593796	1.893145	40.246441	5.545603	31.127762	-3.858261	
218	54.896290	20.195452	58.382045	23.681394	56.940899	21.954876	36.574468	1.873817	40.060222	5.359384	30.852726	-4.133297	
219	55.079776	20.378938	58.401027	23.700375	56.976667	21.990644	36.555487	1.854835	39.876736	5.175898	30.582571	-4.403452	
220	55.260340	20.559502	58.419650	23.718998	57.011830	22.025807	36.536863	1.836212	39.696172	4.995334	30.317467	-4.668556	
221	55.437804	20.736966	58.437903	23.737252	57.046361	22.060338	36.518610	1.817959	39.518707	4.817869	30.057582	-4.928441	
222	55.612000	20.911162	58.455776	23.755125	57.080232	22.094209	36.500737	1.800086	39.344511	4.643673	29.803077	-5.182946	
223	55.782767	21.081929	58.473257	23.772606	57.113418	22.127395	36.483256	1.782605	39.173745	4.472907	29.554112	-5.431910	
224	55.949951	21.249113	58.490336	23.789685	57.145891	22.159868	36.466177	1.765526	39.006561	4.305723	29.310844	-5.675179	
225	56.113405	21.412567	58.507003	23.806351	57.177629	22.191606	36.449511	1.748859	38.843107	4.142269	29.073423	-5.912600	
226	56.272991	21.572153	58.523246	23.822595	57.208605	22.222582	36.433267	1.732616	38.683521	3.982683	28.841998	-6.144025	
227	56.428573	21.727735	58.539057	23.838406	57.238797	22.252774	36.417456	1.716805	38.527939	3.827101	28.616714	-6.369309	
228	56.580025	21.879187	58.554425	23.853774	57.268181	22.282158	36.402088	1.701436	38.376487	3.675649	28.397710	-6.588313	
229	56.727224	22.026386	58.569342	23.868691	57.296736	22.310714	36.387171	1.686520	38.229288	3.528450	28.185123	-6.800900	
230	56.870054	22.169216	58.583798	23.883147	57.324441	22.338418	36.372715	1.672064	38.086458	3.385620	27.979085	-7.006938	
231	57.008401	22.307563	58.597785	23.897133	57.351274	22.365251	36.358728	1.658077	37.948111	3.247273	27.779725	-7.206298	
232	57.142160	22.441322	58.611293	23.910642	57.377216	22.391193	36.345220	1.644569	37.814352	3.113514	27.587165	-7.398858	
233	57.271228	22.570390	58.624315	23.923663	57.402248	22.416225	36.332198	1.631547	37.685284	2.984446	27.401526	-7.584497	
234	57.395508	22.694670	58.636842	23.936191	57.426350	22.440327	36.319671	1.619020	37.561004	2.860166	27.222923	-7.763100	
235	57.514907	22.814069	58.648868	23.948216	57.449507	22.463484	36.307645	1.606994	37.441605	2.740767	27.051466	-7.934557	
236	57.629335	22.928497	58.660384	23.959733	57.471700	22.485677	36.296129	1.595478	37.327176	2.626338	26.887261	-8.098762	
237	57.738711	23.037873	58.671384	23.970733	57.492914	22.506891	36.285129	1.584478	37.217801	2.516963	26.730411	-8.255612	
238	57.842952	23.142114	58.681861	23.981209	57.513133	22.527110	36.274652	1.574001	37.113560	2.412722	26.581012	-8.405011	
239	57.941985	23.241147	58.691808	23.991157	57.532342	22.546319	36.264705	1.564054	37.014527	2.313689	26.439157	-8.546866	
240	58.035737	23.334899	58.701220	24.000569	57.550528	22.564506	36.255293	1.554642	36.920775	2.219937	26.304934	-8.681089	
241	58.124142	23.423304	58.710091	24.009439	57.567678	22.581656	36.246423	1.545771	36.832370	2.131532	26.178425	-8.807598	
242	58.207137	23.506299	58.718414	24.017763	57.583780	22.597757	36.238099	1.537447	36.749375	2.048537	26.059708	-8.926315	
243	58.284662	23.583824	58.726187	24.025535	57.598821	22.612798	36.230326	1.529675	36.671850	1.971012	25.948857	-9.037166	
244	58.356664	23.655826	58.733402	24.032751	57.612791	22.626768	36.223111	1.522460	36.599848	1.899010	25.845941	-9.140082	
245	58.423092	23.722254	58.740057	24.039406	57.625681	22.639658	36.216456	1.515805	36.533420	1.832582	25.751023	-9.235000	
246	58.483898	23.783060	58.746147	24.045495	57.637480	22.651457	36.210366	1.509715	36.472613	1.771775	25.664161	-9.321862	
247	58.539042	23.838204	58.751668	24.051017	57.648181	22.662158	36.204845	1.504194	36.417470	1.716632	25.585410	-9.400613	
248	58.588484	23.887646	58.756617	24.055965	57.657776	22.671753	36.199896	1.499245	36.368028	1.667190	25.514817	-9.471206	
249	58.632189	23.931351	58.760991	24.060339	57.666259	22.680236	36.195522	1.494871	36.324322	1.623484	25.452426	-9.533597	
250	58.670129	23.969291	58.764787	24.064135	57.673622	22.687599	36.191726	1.491075	36.286383	1.585545	25.398276	-9.587747	
251	58.702276	24.001438	58.768003	24.067352	57.679862	22.693839	36.188510	1.487859	36.254236	1.553398	25.352401	-9.633622	
252	58.728609	24.027771	58.770637	24.069985	57.684973	22.698950	36.185876	1.485225	36.227903	1.527065	25.314827	-9.671196	
253	58.749108	24.048270	58.772687	24.072036	57.688952	22.702929	36.183826	1.483175	36.207404	1.506566	25.285580	-9.700443	
254	58.763761	24.062923	58.774152	24.073501	57.691796	22.705773	36.182361	1.481709	36.192751	1.491913	25.264675	-9.721347	
255	58.772557	24.071719	58.775032	24.074381	57.693503	22.707480	36.181481	1.480830	36.183955	1.483117	25.252128	-9.733895	
256	58.775325	24.074651	58.775489	24.074674	57.694072	22.708049	36.181023	1.480185	36.181188	1.480537	25.247944	-9.738079	
257	58.770252	24.069509	58.774110	24.073364	57.692933	22.706910	36.182402	1.481651	36.186260	1.485522	25.256311	-9.729712	
258	58.754801	24.054057	58.770211	24.069466	57.689511	22.703488	36.186301	1.485555	36.201711	1.500968	25.281398	-9.704625	
259	58.729070	24.028326	58.763706	24.062961	57.683788	22.697765	36.192806	1.492061	36.227442	1.526698	25.323170	-9.662853	
260	58.693095	23.992351	58.754583	24.053838	57.675736	22.689713	36.201930	1.501185	36.263417	1.562673	25.381569	-9.604454	
261	58.646924	23.946179	58.742824	24.042079	57.665318	22.679295	36.213689	1.512944	36.309589	1.608844	25.456511	-9.529512	
262	58.590618	23.889873	58.728409	24.027664	57.652482	22.666459	36.228104	1.527359	36.365895	1.665150	25.547893	-9.438130	
263	58.524253	23.823508	58.711312	24.010567	57.637168	22.651146	36.245201	1.544456	36.432260	1.731515	25.655584	-9.330439	
264	58.447917	23.747172	58.691502	23.990757	57.619306	22.633283	36.265010	1.564266	36.508596	1.807851	25.779433	-9.206590	
265	58.361712	23.660967	58.668946	23.968201	57.598814	22.612791	36.287566	1.586822	36.594801	1.894056	25.919267	-9.066756	
266	58.265753	23.565008	58.643605	23.942860	57.575601	22.589578	36.312907	1.612163	36.690759	1.990015	26.074888	-8.911135	
267	58.160168	23.459424	58.615437	23.914692	57.549566	22.563543	36.341076	1.640331	36.796344	2.095600	26.246079	-8.739944	
268	58.045098	23.344354	58.584396	23.883651	57.520599	22.534576	36.372117	1.671372	36.911414	2.210670	26.432600	-8.553423	
269	57.920696	23.219952	58.550432	23.849688	57.488581	22.502558	36.406080	1.705336	37.035816	2.335072	26.634190	-8.351833	
270	57.787128	23.086383	58.513494	23.812750	57.453387	22.467364	36.443018	1.742273	37.169385	2.468640	26.850567	-8.135456	
271	57.644570	22.943826	58.473527	23.772782	57.414880	22.428857	36.482986	1.782241	37.311942	2.611198	27.081430	-7.904593	
272	57.493213	22.792469	58.430472	23.729727	57.372919	22.386896	36.526041	1.825296	37.463299	2.762555	27.326457	-7.659566	
273	57.333258	22.632514	58.384269	23.683525	57.327355	22.341332	36.572243	1.871498	37.623254	2.922510	27.585308	-7.400715	
274	57.164917	22.464172	58.334859	23.634114	57.278034	22.292011	36.621654	1.920909	37.791595	3.090851	27.857623	-7.128400	
275	56.988413	22.287669	58.282176	23.581431	57.224795	22.238772	36.674337	1.973592	37.968099	3.267354	28.143026	-6.842997	
276	56.803982	22.103237	58.226157	23.525412	57.167472	22.181449	36.730355	2.029611	38.152531	3.451786	28.441123	-6.544900	
277	56.611867	21.911122	58.166738	23.465993	57.105898	22.119875	36.789774	2.089030	38.344646	3.643901	28.751502	-6.234521	
278	56.412323	21.711579	58.103854	23.403109	57.039900	22.053877	36.852659	2.151914	38.544189	3.843444	29.073736	-5.912287	
279	56.205617	21.504872	58.037441	23.336696	56.969303	21.983280	36.919072	2.218327	38.750896	4.050151	29.407383	-5.578640	
280	55.992022	21.291277	57.967435	23.266690	56.893930	21.907907	36.989078	2.288333	38.964491	4.263746	29.751986	-5.234037	
281	55.771822	21.071077	57.893775	23.193030	56.813604	21.827581	37.062738	2.361993	39.184690	4.483946	30.107073	-4.878950	
282	55.545312	20.844567	57.816401	23.115656	56.728149	21.742126	37.140112	2.439367	39.411201	4.710456	30.472160	-4.513863	
283	55.312793	20.612048	57.735256	23.034511	56.637387	21.651364	37.221256	2.520512	39.643720	4.942975	30.846748	-4.139275	
284	55.074577	20.373832	57.650288	22.949543	56.541146	21.555123	37.306225	2.605480	39.881936	5.181191	31.230329	-3.755694	
285	54.830984	20.130240	57.561447	22.860702	56.439254	21.453231	37.395066	2.694321	40.125528	5.424784	31.622380	-3.363643	
286	54.582344	19.881599	57.468689	22.767944	56.331544	21.345521	37.487823	2.787079	40.374169	5.673424	32.022369	-2.963653	
287	54.328993	19.628249	57.371977	22.671232	56.217857	21.231834	37.584536	2.883791	40.627519	5.926775	32.429754	-2.556269	
288	54.071279	19.370534	57.271279	22.570534	56.098037	21.112014	37.685234	2.984489	40.885234	6.184489	32.843979	-2.142044	
289	53.809556	19.108811	57.166573	22.465828	55.971939	20.985916	37.789940	3.089195	41.146956	6.446212	33.264483	-1.721540	
290	53.544189	18.843445	57.057844	22.357100	55.839427	20.853404	37.898668	3.197924	41.412323	6.711578	33.690693	-1.295330	
291	53.275553	18.574809	56.945091	22.244346	55.700375	20.714352	38.011422	3.310677	41.680959	6.980215	34.122025	-0.863998	
292	53.004032	18.303287	56.828321	22.127576	55.554672	20.568649	38.128192	3.427447	41.952481	7.251736	34.557887	-0.428136	
293	52.730021	18.029276	56.707558	22.006813	55.402220	20.416197	38.248955	3.548210	42.226491	7.525747	34.997678	0.011655	
294	52.453928	17.753184	56.582839	21.882095	55.242941	20.256918	38.373673	3.672928	42.502584	7.801839	35.440783	0.454761	
295	52.176175	17.475430	56.454223	21.753478	55.076776	20.090753	38.502290	3.801545	42.780337	8.079593	35.886580	0.900557	
296	51.897197	17.196453	56.321784	21.621040	54.903687	19.917664	38.634728	3.933983	43.059315	8.358570	36.334430	1.348407	
297	51.617449	16.916704	56.185625	21.484881	54.723665	19.737642	38.770887	4.070143	43.339063	8.638319	36.783682	1.797659	
298	51.337404	16.636659	56.045873	21.345129	54.536731	19.550708	38.910639	4.209895	43.619109	8.918364	37.233666	2.247643	
299	51.057559	16.356814	55.902687	21.201943	54.342941	19.356918	39.053825	4.353080	43.898954	9.198209	37.683692	2.697669	
300	50.778439	16.077694	55.756264	21.055519	54.142393	19.156370	39.200249	4.499504	44.178074	9.477329	38.133045	3.147022	
301	50.500603	15.799858	55.606840	20.906096	53.935234	18.949211	39.349672	4.648927	44.455910	9.755165	38.580979	3.594956	
302	50.224647	15.523903	55.454706	20.753961	53.721668	18.735645	39.501807	4.801062	44.731865	10.031121	39.026708	4.040685	
303	49.951218	15.250473	55.300207	20.599462	53.501970	18.515947	39.656306	4.955561	45.005294	10.304550	39.469400	4.483377	
304	49.681018	14.980273	55.143759	20.443015	53.276499	18.290476	39.812753	5.112009	45.275495	10.574750	39.908158	4.922135	
305	49.414818	14.714074	54.985862	20.285117	53.045716	18.059693	39.970650	5.269906	45.541694	10.840949	40.342007	5.355984	
306	49.153478	14.452733	54.827111	20.126366	52.810211	17.824188	40.129401	5.428657	45.803035	11.102290	40.769868	5.783845	
307	48.897955	14.197210	54.668219	19.967474	52.570731	17.584708	40.288294	5.587549	46.058558	11.357813	41.190531	6.204508	
308	48.649333	13.948588	54.510035	19.809291	52.328223	17.342200	40.446477	5.745733	46.307180	11.606435	41.602611	6.616588	
309	48.408843	13.708099	54.353575	19.652830	52.083890	17.097867	40.602938	5.902193	46.547669	11.846925	42.004498	7.018475	
310	48.177894	13.477150	54.200042	19.499298	51.839259	16.853236	40.756470	6.055725	46.778618	12.077874	42.394286	7.408263	
311	47.958099	13.257355	54.050865	19.350120	51.596271	16.610248	40.905648	6.204903	46.998413	12.297669	42.769681	7.783658	
312	47.751304	13.050559	53.907718	19.206974	51.357403	16.371380	41.048794	6.348049	47.205209	12.504464	43.127890	8.141868	
313	47.559607	12.858863	53.772548	19.071803	51.125805	16.139782	41.183964	6.483220	47.396905	12.696161	43.465476	8.479453	
314	47.385363	12.684619	53.647572	18.946828	50.905456	15.919433	41.308940	6.608195	47.571149	12.870405	43.778202	8.792179	
315	47.231155	12.530411	53.535255	18.834511	50.701313	15.715290	41.421257	6.720512	47.725357	13.024612	44.060891	9.074868	
316	47.099718	12.398974	53.438231	18.737487	50.519372	15.533349	41.518281	6.817536	47.856794	13.156049	44.307356	9.321333	
317	46.993803	12.293059	53.359168	18.658423	50.366542	15.380519	41.597344	6.896600	47.962709	13.261965	44.510534	9.524511	
318	46.915969	12.215225	53.300560	18.599816	50.250154	15.264131	41.655952	6.955208	48.040543	13.339799	44.662971	9.676948	
319	46.868329	12.167584	53.264474	18.563730	50.177004	15.190981	41.692038	6.991294	48.088184	13.387439	44.757785	9.771762	
320	46.852284	12.151540	53.252284	18.551540	50.152016	15.165993	41.704228	7.003483	48.104228	12.151540	44.790001	9.803978	
321	41.692038	6.991294	48.088184	13.387439	44.757785	9.771762	46.868329	12.167584	53.264474	18.563730	50.177004	15.190981	
322	41.655952	6.955208	48.040543	13.339799	44.662971	9.676948	46.915969	12.215225	53.300560	18.599816	50.250154	15.264131	
323	41.597344	6.896600	47.962709	13.261965	44.510534	9.524511	46.993803	12.293059	53.359168	18.658423	50.366542	15.380519	
324	41.518281	6.817536	47.856794	13.156049	44.307356	9.321333	47.099718	12.398974	53.438231	18.737487	50.519372	15.533349	
325	41.421257	6.720512	47.725357	13.024612	44.060891	9.074868	47.231155	12.530411	53.535255	18.834511	50.701313	15.715290	
326	41.308940	6.608195	47.571149	12.870405	43.778202	8.792179	47.385363	12.684619	53.647572	18.946828	50.905456	15.919433	
327	41.183964	6.483220	47.396905	12.696161	43.465476	8.479453	47.559607	12.858863	53.772548	19.071803	51.125805	16.139782	
328	41.048794	6.348049	47.205209	12.504464	43.127890	8.141868	47.751304	13.050559	53.907718	19.206974	51.357403	16.371380	
329	40.905648	6.204903	46.998413	12.297669	42.769681	7.783658	47.958099	13.257355	54.050865	19.350120	51.596271	16.610248	
330	40.756470	6.055725	46.778618	12.077874	42.394286	7.408263	48.177894	13.477150	54.200042	19.499298	51.839259	16.853236	
331	40.602938	5.902193	46.547669	11.846925	42.004498	7.018475	48.408843	13.708099	54.353575	19.652830	52.083890	17.097867	
332	40.446477	5.745733	46.307180	11.606435	41.602611	6.616588	48.649333	13.948588	54.510035	19.809291	52.328223	17.342200	
333	40.288294	5.587549	46.058558	11.357813	41.190531	6.204508	48.897955	14.197210	54.668219	19.967474	52.570731	17.584708	
334	40.129401	5.428657	45.803035	11.102290	40.769868	5.783845	49.153478	14.452733	54.827111	20.126366	52.810211	17.824188	
335	39.970650	5.269906	45.541694	10.840949	40.342007	5.355984	49.414818	14.714074	54.985862	20.285117	53.045716	18.059693	
336	39.812753	5.112009	45.275495	10.574750	39.908158	4.922135	49.681018	14.980273	55.143759	20.443015	53.276499	18.290476	
337	39.656306	4.955561	45.005294	10.304550	39.469400	4.483377	49.951218	15.250473	55.300207	20.599462	53.501970	18.515947	
338	39.501807	4.801062	44.731865	10.031121	39.026708	4.040685	50.224647	15.523903	55.454706	20.753961	53.721668	18.735645	
339	39.349672	4.648927	44.455910	9.755165	38.580979	3.594956	50.500603	15.799858	55.606840	20.906096	53.935234	18.949211	
340	39.200249	4.499504	44.178074	9.477329	38.133045	3.147022	50.778439	16.077694	55.756264	21.055519	54.142393	19.156370	
341	39.053825	4.353080	43.898954	9.198209	37.683692	2.697669	51.057559	16.356814	55.902687	21.201943	54.342941	19.356918	
342	38.910639	4.209895	43.619109	8.918364	37.233666	2.247643	51.337404	16.636659	56.045873	21.345129	54.536731	19.550708	
343	38.770887	4.070143	43.339063	8.638319	36.783682	1.797659	51.617449	16.916704	56.185625	21.484881	54.723665	19.737642	
344	38.634728	3.933983	43.059315	8.358570	36.334430	1.348407	51.897197	17.196453	56.321784	21.621040	54.903687	19.917664	
345	38.502290	3.801545	42.780337	8.079593	35.886580	0.900557	52.176175	17.475430	56.454223	21.753478	55.076776	20.090753	
346	38.373673	3.672928	42.502584	7.801839	35.440783	0.454761	52.453928	17.753184	56.582839	21.882095	55.242941	20.256918	
347	38.248955	3.548210	42.226491	7.525747	34.997678	0.011655	52.730021	18.029276	56.707558	22.006813	55.402220	20.416197	
348	38.128192	3.427447	41.952481	7.251736	34.557887	-0.428136	53.004032	18.303287	56.828321	22.127576	55.554672	20.568649	
349	38.011422	3.310677	41.680959	6.980215	34.122025	-0.863998	53.275553	18.574809	56.945091	22.244346	55.700375	20.714352	
350	37.898668	3.197924	41.412323	6.711578	33.690693	-1.295330	53.544189	18.843445	57.057844	22.357100	55.839427	20.853404	
351	37.789940	3.089195	41.146956	6.446212	33.264483	-1.721540	53.809556	19.108811	57.166573	22.465828	55.971939	20.985916	
352	37.685234	2.984489	40.885234	6.184489	32.843979	-2.142044	54.071279	19.370534	57.271279	22.570534	56.098037	21.112014	
353	37.584536	2.883791	40.627519	5.926775	32.429754	-2.556269	54.328993	19.628249	57.371977	22.671232	56.217857	21.231834	
354	37.487823	2.787079	40.374169	5.673424	32.022369	-2.963653	54.582344	19.881599	57.468689	22.767944	56.331544	21.345521	
355	37.395066	2.694321	40.125528	5.424784	31.622380	-3.363643	54.830984	20.130240	57.561447	22.860702	56.439254	21.453231	
356	37.306225	2.605480	39.881936	5.181191	31.230329	-3.755694	55.074577	20.373832	57.650288	22.949543	56.541146	21.555123	
357	37.221256	2.520512	39.643720	4.942975	30.846748	-4.139275	55.312793	20.612048	57.735256	23.034511	56.637387	21.651364	
358	37.140112	2.439367	39.411201	4.710456	30.472160	-4.513863	55.545312	20.844567	57.816401	23.115656	56.728149	21.742126	
359	37.062738	2.361993	39.184690	4.483946	30.107073	-4.878950	55.771822	21.071077	57.893775	23.193030	56.813604	21.827581	
360	36.989078	2.288333	38.964491	4.263746	29.751986	-5.234037	55.992022	21.291277	57.967435	23.266690	56.893930	21.907907	
361	36.919072	2.218327	38.750896	4.050151	29.407383	-5.578640	56.205617	21.504872	58.037441	23.336696	56.969303	21.983280	
362	36.852659	2.151914	38.544189	3.843444	29.073736	-5.912287	56.412323	21.711579	58.103854	23.403109	57.039900	22.053877	
363	36.789774	2.089030	38.344646	3.643901	28.751502	-6.234521	56.611867	21.911122	58.166738	23.465993	57.105898	22.119875	
364	36.730355	2.029611	38.152531	3.451786	28.441123	-6.544900	56.803982	22.103237	58.226157	23.525412	57.167472	22.181449	
365	36.674337	1.973592	37.968099	3.267354	28.143026	-6.842997	56.988413	22.287669	58.282176	23.581431	57.224795	22.238772	
366	36.621654	1.920909	37.791595	3.090851	27.857623	-7.128400	57.164917	22.464172	58.334859	23.634114	57.278034	22.292011	
367	36.572243	1.871498	37.623254	2.922510	27.585308	-7.400715	57.333258	22.632514	58.384269	23.683525	57.327355	22.341332	
368	36.526041	1.825296	37.463299	2.762555	27.326457	-7.659566	57.493213	22.792469	58.430472	23.729727	57.372919	22.386896	
369	36.482986	1.782241	37.311942	2.611198	27.081430	-7.904593	57.644570	22.943826	58.473527	23.772782	57.414880	22.428857	
370	36.443018	1.742273	37.169385	2.468640	26.850567	-8.135456	57.787128	23.086383	58.513494	23.812750	57.453387	22.467364	
371	36.406080	1.705336	37.035816	2.335072	26.634190	-8.351833	57.920696	23.219952	58.550432	23.849688	57.488581	22.502558	
372	36.372117	1.671372	36.911414	2.210670	26.432600	-8.553423	58.045098	23.344354	58.584396	23.883651	57.520599	22.534576	
373	36.341076	1.640331	36.796344	2.095600	26.246079	-8.739944	58.160168	23.459424	58.615437	23.914692	57.549566	22.563543	
374	36.312907	1.612163	36.690759	1.990015	26.074888	-8.911135	58.265753	23.565008	58.643605	23.942860	57.575601	22.589578	
375	36.287566	1.586822	36.594801	1.894056	25.919267	-9.066756	58.361712	23.660967	58.668946	23.968201	57.598814	22.612791	
376	36.265010	1.564266	36.508596	1.807851	25.779433	-9.206590	58.447917	23.747172	58.691502	23.990757	57.619306	22.633283	
377	36.245201	1.544456	36.432260	1.731515	25.655584	-9.330439	58.524253	23.823508	58.711312	24.010567	57.637168	22.651146	
378	36.228104	1.527359	36.365895	1.665150	25.547893	-9.438130	58.590618	23.889873	58.728409	24.027664	57.652482	22.666459	
379	36.213689	1.512944	36.309589	1.608844	25.456511	-9.529512	58.646924	23.946179	58.742824	24.042079	57.665318	22.679295	
380	36.201930	1.501185	36.263417	1.562673	25.381569	-9.604454	58.693095	23.992351	58.754583	24.053838	57.675736	22.689713	
381	36.192806	1.492061	36.227442	1.526698	25.323170	-9.662853	58.729070	24.028326	58.763706	24.062961	57.683788	22.697765	
382	36.186301	1.485555	36.201711	1.500968	25.281398	-9.704625	58.754801	24.054057	58.770211	24.069466	57.689511	22.703488	
383	36.182402	1.481651	36.186260	1.485522	25.256311	-9.729712	58.770252	24.069509	58.774110	24.073364	57.692933	22.706910	
384	36.181023	1.480185	36.181188	1.480537	25.247944	-9.738079	58.775325	24.074651	58.775489	24.074674	57.694072	22.708049	
