#p	a1_up	a1_dn	b1_up	b1_dn	c1_up	c1_dn	a2_up	a2_dn	b2_up	b2_dn	c2_up	c2_dn	NaN
0	33.999111	32.436031	33.999111	32.436031	22.999899	21.660116	56.000889	54.437809	56.000889	54.437809	55.000101	53.660319	
1	33.999412	32.436332	34.002123	32.439043	23.004115	21.664332	55.997877	54.434798	56.000588	54.437508	54.999499	53.659716	
2	34.000315	32.437235	34.011155	32.448076	23.016762	21.676979	55.988845	54.425765	55.999685	54.436604	54.997692	53.657910	
3	34.001820	32.438740	34.026204	32.463125	23.037832	21.698049	55.973796	54.410716	55.998180	54.435100	54.994683	53.654900	
4	34.003926	32.440846	34.047260	32.484180	23.067312	21.727529	55.952740	54.389661	55.996074	54.432994	54.990471	53.650688	
5	34.006631	32.443551	34.074310	32.511230	23.105185	21.765402	55.925690	54.362611	55.993369	54.430289	54.985061	53.645278	
6	34.009934	32.446854	34.107337	32.544258	23.151427	21.811644	55.892663	54.329583	55.990066	54.426986	54.978455	53.638672	
7	34.013832	32.450752	34.146323	32.583243	23.206011	21.866228	55.853677	54.290598	55.986168	54.423088	54.970658	53.630875	
8	34.018324	32.455244	34.191242	32.628163	23.268904	21.929121	55.808758	54.245678	55.981676	54.418596	54.961673	53.621890	
9	34.023407	32.460327	34.242070	32.678990	23.340067	22.000285	55.757930	54.194851	55.976593	54.413513	54.951507	53.611724	
10	34.029077	32.465997	34.298774	32.735694	23.419459	22.079677	55.701226	54.138147	55.970923	54.407843	54.940166	53.600383	
11	34.035332	32.472252	34.361320	32.798241	23.507032	22.167249	55.638680	54.075600	55.964668	54.401588	54.927655	53.587873	
12	34.042167	32.479087	34.429671	32.866592	23.602732	22.262949	55.570329	54.007249	55.957833	54.394753	54.913984	53.574202	
13	34.049579	32.486499	34.503786	32.940707	23.706501	22.366719	55.496214	53.933134	55.950421	54.387341	54.899160	53.559378	
14	34.057562	32.494482	34.583620	33.020541	23.818279	22.478496	55.416380	53.853300	55.942438	54.379358	54.883193	53.543410	
15	34.066113	32.503033	34.669125	33.106046	23.937996	22.598213	55.330875	53.767795	55.933887	54.370807	54.866091	53.526308	
16	34.075225	32.512145	34.760250	33.197170	24.065581	22.725798	55.239750	53.676671	55.924775	54.361695	54.847865	53.508082	
17	34.084894	32.521814	34.856938	33.293859	24.200957	22.861175	55.143062	53.579982	55.915106	54.352026	54.828526	53.488743	
18	34.095114	32.532034	34.959133	33.396054	24.344043	23.004261	55.040867	53.477787	55.904886	54.341806	54.808085	53.468302	
19	34.105878	32.542798	35.066772	33.503693	24.494753	23.154970	54.933228	53.370148	55.894122	54.331042	54.786556	53.446773	
20	34.117180	32.554100	35.179791	33.616712	24.652994	23.313212	54.820209	53.257129	55.882820	54.319740	54.763950	53.424168	
21	34.129013	32.565933	35.298122	33.735043	24.818674	23.478891	54.701878	53.138798	55.870987	54.307906	54.740283	53.400500	
22	34.141371	32.578291	35.421693	33.858613	24.991690	23.651908	54.578307	53.015228	55.858629	54.295549	54.715566	53.375784	
23	34.154245	32.591165	35.550429	33.987350	25.171940	23.832157	54.449571	52.886491	55.845755	54.282675	54.689817	53.350034	
24	34.167628	32.604547	35.684254	34.121175	25.359315	24.019532	54.315746	52.752666	55.832372	54.269292	54.663050	53.323267	
25	34.181511	32.618431	35.823086	34.260007	25.553701	24.213918	54.176914	52.613834	55.818489	54.255409	54.635281	53.295499	
26	34.195887	32.632807	35.966842	34.403762	25.754982	24.415199	54.033158	52.470078	55.804113	54.241033	54.606528	53.266745	
27	34.210747	32.647667	36.115435	34.552355	25.963037	24.623254	53.884565	52.321485	55.789253	54.226173	54.576806	53.237024	
28	34.226082	32.663002	36.268775	34.705696	26.177739	24.837956	53.731225	52.168145	55.773918	54.210838	54.546135	53.206353	
29	34.241882	32.678802	36.426771	34.863691	26.398961	25.059178	53.573229	52.010150	55.758118	54.195038	54.514533	53.174750	
30	34.258138	32.695058	36.589326	35.026246	26.626568	25.286785	53.410674	51.847594	55.741862	54.178781	54.482019	53.142236	
31	34.274841	32.711761	36.756343	35.193263	26.860423	25.520640	53.243657	51.680578	55.725159	54.162079	54.448612	53.108829	
32	34.291980	32.728900	36.927721	35.364641	27.100386	25.760603	53.072279	51.509200	55.708020	54.144940	54.414332	53.074550	
33	34.309545	32.746465	37.103356	35.540277	27.346312	26.006530	52.896644	51.333564	55.690455	54.127375	54.379201	53.039418	
34	34.327525	32.764445	37.283143	35.720064	27.598053	26.258271	52.716857	51.153777	55.672475	54.109395	54.343239	53.003457	
35	34.345909	32.782829	37.466973	35.903894	27.855457	26.515675	52.533027	50.969947	55.654091	54.091011	54.306468	52.966686	
36	34.364687	32.801607	37.654736	36.091656	28.118370	26.778587	52.345264	50.782185	55.635313	54.072233	54.268911	52.929128	
37	34.383847	32.820767	37.846317	36.283237	28.386632	27.046849	52.153683	50.590603	55.616153	54.053073	54.230589	52.890806	
38	34.403378	32.840298	38.041601	36.478522	28.660083	27.320300	51.958399	50.395319	55.596622	54.033542	54.191526	52.851743	
39	34.423267	32.860187	38.240471	36.677392	28.938557	27.598774	51.759529	50.196449	55.576733	54.013653	54.151745	52.811962	
40	34.443503	32.880423	38.442806	36.879727	29.221886	27.882104	51.557194	49.994114	55.556497	53.993417	54.111271	52.771488	
41	34.464074	32.900994	38.648484	37.085404	29.509901	28.170118	51.351516	49.788436	55.535926	53.972846	54.070127	52.730345	
42	34.484967	32.921887	38.857380	37.294301	29.802428	28.462645	51.142620	49.579540	55.515033	53.951953	54.028340	52.688557	
43	34.506170	32.943090	39.069369	37.506289	30.099289	28.759507	50.930631	49.367551	55.493830	53.930750	53.985932	52.646150	
44	34.527669	32.964589	39.284321	37.721242	30.400308	29.060525	50.715679	49.152599	55.472331	53.909250	53.942931	52.603149	
45	34.549453	32.986373	39.502108	37.939028	30.705301	29.365519	50.497892	48.934813	55.450547	53.887467	53.899363	52.559580	
46	34.571507	33.008427	39.722596	38.159516	31.014087	29.674304	50.277404	48.714325	55.428493	53.865413	53.855252	52.515470	
47	34.593819	33.030739	39.945652	38.382572	31.326477	29.986694	50.054348	48.491269	55.406181	53.843101	53.810627	52.470844	
48	34.616375	33.053295	40.171140	38.608061	31.642285	30.302502	49.828860	48.265780	55.383625	53.820545	53.765514	52.425731	
49	34.639161	33.076081	40.398924	38.835844	31.961320	30.621538	49.601076	48.037997	55.360839	53.797759	53.719939	52.380157	
50	34.662164	33.099084	40.628864	39.065784	32.283390	30.943608	49.371136	47.808057	55.337836	53.774756	53.673932	52.334149	
51	34.685370	33.122290	40.860819	39.297740	32.608301	31.268518	49.139181	47.576101	55.314630	53.751550	53.627518	52.287735	
52	34.708765	33.145685	41.094648	39.531569	32.935857	31.596075	48.905352	47.342272	55.291235	53.728155	53.580727	52.240944	
53	34.732335	33.169255	41.330207	39.767127	33.265861	31.926078	48.669793	47.106714	55.267665	53.704585	53.533586	52.193803	
54	34.756065	33.192985	41.567348	40.004269	33.598114	32.258331	48.432652	46.869572	55.243935	53.680855	53.486124	52.146341	
55	34.779942	33.216862	41.805925	40.242845	33.932416	32.592633	48.194075	46.630996	55.220058	53.656978	53.438369	52.098586	
56	34.803951	33.240870	42.045785	40.482705	34.268566	32.928783	47.954215	46.391136	55.196049	53.632969	53.390350	52.050568	
57	34.828077	33.264997	42.286774	40.723695	34.606360	33.266578	47.713226	46.150146	55.171923	53.608843	53.342097	52.002314	
58	34.852306	33.289226	42.528735	40.965655	34.945596	33.605814	47.471265	45.908185	55.147694	53.584614	53.293638	51.953855	
59	34.876623	33.313543	42.771501	41.208421	35.286070	33.946287	47.228499	45.665420	55.123377	53.560297	53.245002	51.905219	
60	34.901014	33.337934	43.014896	41.451817	35.627575	34.287792	46.985104	45.422024	55.098986	53.535905	53.196219	51.856436	
61	34.925465	33.362385	43.258729	41.695650	35.969907	34.630124	46.741271	45.178191	55.074535	53.511455	53.147318	51.807535	
62	34.949959	33.386879	43.502777	41.939698	36.312859	34.973076	46.497223	44.934143	55.050041	53.486961	53.098329	51.758546	
63	34.974483	33.411403	43.746760	42.183681	36.656225	35.316442	46.253240	44.690160	55.025517	53.462437	53.049281	51.709498	
64	34.999022	33.435942	43.990268	42.427189	36.999797	35.660014	46.009732	44.446652	55.000978	53.437898	53.000203	51.660420	
65	35.023561	33.460481	44.232562	42.669483	37.343369	36.003586	45.767438	44.204358	54.976439	53.413359	52.951126	51.611343	
66	35.048085	33.485005	44.471826	42.908746	37.686734	36.346951	45.528174	43.965095	54.951915	53.388835	52.902078	51.562295	
67	35.072579	33.509499	44.700933	43.137853	38.029685	36.689902	45.299067	43.735988	54.927421	53.364340	52.853090	51.513307	
68	35.097030	33.533949	44.858751	43.295671	38.372015	37.032232	45.141249	43.578169	54.902970	53.339890	52.804191	51.464408	
69	35.121421	33.558341	45.264163	43.701083	38.713518	37.373735	44.735837	43.172758	54.878579	53.315499	52.755410	51.415627	
70	35.145738	33.582658	45.487783	43.924703	39.053989	37.714206	44.512217	42.949138	54.854262	53.291182	52.706777	51.366994	
71	35.169967	33.606887	45.723268	44.160189	39.393222	38.053439	44.276732	42.713652	54.830033	53.266953	52.658321	51.318538	
72	35.194093	33.631013	45.961132	44.398053	39.731012	38.391230	44.038868	42.475788	54.805907	53.242827	52.610071	51.270289	
73	35.218101	33.655021	46.199195	44.636115	40.067157	38.727375	43.800805	42.237725	54.781899	53.218818	52.562057	51.222275	
74	35.241978	33.678898	46.436625	44.873545	40.401454	39.061672	43.563375	42.000295	54.758022	53.194942	52.514308	51.174525	
75	35.265708	33.702628	46.672983	45.109904	40.733702	39.393919	43.327017	41.763937	54.734292	53.171212	52.466851	51.127069	
76	35.289278	33.726197	46.907979	45.344899	41.063700	39.723917	43.092021	41.528941	54.710722	53.147642	52.419717	51.079934	
77	35.312672	33.749592	47.141389	45.578309	41.391249	40.051466	42.858611	41.295531	54.687328	53.124248	52.372932	51.033149	
78	35.335878	33.772798	47.373023	45.809943	41.716152	40.376369	42.626977	41.063897	54.664122	53.101042	52.326526	50.986744	
79	35.358881	33.795801	47.602710	46.039631	42.038213	40.698431	42.397290	40.834210	54.641119	53.078039	52.280527	50.940744	
80	35.381667	33.818587	47.830292	46.267212	42.357239	41.017457	42.169708	40.606629	54.618333	53.055253	52.234962	50.895179	
81	35.404222	33.841142	48.055615	46.492536	42.673037	41.333254	41.944385	40.381305	54.595778	53.032698	52.189859	50.850076	
82	35.426534	33.863453	48.278535	46.715455	42.985417	41.645634	41.721465	40.158385	54.573466	53.010386	52.145244	50.805462	
83	35.448587	33.885507	48.498909	46.935830	43.294190	41.954407	41.501091	39.938011	54.551413	52.988332	52.101146	50.761363	
84	35.470371	33.907290	48.716599	47.153520	43.599170	42.259388	41.283401	39.720321	54.529629	52.966549	52.057590	50.717808	
85	35.491870	33.928790	48.931470	47.368391	43.900175	42.560392	41.068530	39.505450	54.508130	52.945050	52.014604	50.674821	
86	35.513072	33.949992	49.143388	47.580309	44.197021	42.857238	40.856612	39.293532	54.486928	52.923848	51.972212	50.632429	
87	35.533964	33.970884	49.352224	47.789144	44.489530	43.149748	40.647776	39.084697	54.466036	52.902955	51.930441	50.590658	
88	35.554535	33.991455	49.557848	47.994769	44.777527	43.437744	40.442152	38.879072	54.445465	52.882385	51.889316	50.549533	
89	35.574771	34.011690	49.760137	48.197057	45.060836	43.721054	40.239863	38.676784	54.425229	52.862149	51.848862	50.509079	
90	35.594660	34.031579	49.958965	48.395886	45.339288	43.999506	40.041035	38.477955	54.405340	52.842260	51.809103	50.469321	
91	35.614190	34.051110	50.154214	48.591134	45.612715	44.272932	39.845786	38.282707	54.385810	52.822730	51.770064	50.430281	
92	35.633349	34.070269	50.345762	48.782683	45.880951	44.541168	39.654238	38.091158	54.366651	52.803571	51.731768	50.391986	
93	35.652127	34.089047	50.533496	48.970416	46.143835	44.804052	39.466504	37.903424	54.347873	52.784793	51.694239	50.354457	
94	35.670511	34.107431	50.717300	49.154221	46.401208	45.061425	39.282700	37.719620	54.329489	52.766409	51.657500	50.317717	
95	35.688490	34.125410	50.897064	49.333984	46.652914	45.313131	39.102936	37.539856	54.311510	52.748430	51.621573	50.281790	
96	35.706055	34.142974	51.072678	49.509599	46.898802	45.559019	38.927322	37.364242	54.293945	52.730865	51.586479	50.246697	
97	35.723193	34.160113	51.244037	49.680958	47.138723	45.798941	38.755963	37.192883	54.276807	52.713727	51.552242	50.212459	
98	35.739895	34.176815	51.411037	49.847957	47.372532	46.032750	38.588963	37.025884	54.260105	52.697025	51.518881	50.179098	
99	35.756151	34.193071	51.573576	50.010497	47.600088	46.260305	38.426424	36.863344	54.243849	52.680769	51.486418	50.146635	
100	35.771951	34.208871	51.731557	50.168478	47.821253	46.481470	38.268443	36.705363	54.228049	52.664969	51.454873	50.115090	
101	35.787285	34.224205	51.884885	50.321805	48.035891	46.696109	38.115115	36.552036	54.212715	52.649635	51.424266	50.084483	
102	35.802144	34.239064	52.033466	50.470386	48.243875	46.904092	37.966534	36.403455	54.197856	52.634776	51.394616	50.054833	
103	35.816520	34.253440	52.177211	50.614131	48.445075	47.105293	37.822789	36.259710	54.183480	52.620400	51.365942	50.026160	
104	35.830403	34.267323	52.316033	50.752953	48.639371	47.299588	37.683967	36.120888	54.169597	52.606517	51.338264	49.998482	
105	35.843785	34.280705	52.449848	50.886769	48.826643	47.486860	37.550152	35.987072	54.156215	52.593134	51.311600	49.971818	
106	35.856659	34.293579	52.578577	51.015497	49.006775	47.666992	37.421423	35.858344	54.143341	52.580261	51.285968	49.946186	
107	35.869016	34.305936	52.702140	51.139060	49.179657	47.839874	37.297860	35.734781	54.130984	52.567904	51.261387	49.921604	
108	35.880849	34.317769	52.820463	51.257384	49.345181	48.005398	37.179537	35.616457	54.119151	52.556071	51.237875	49.898092	
109	35.892151	34.329070	52.933476	51.370396	49.503242	48.163459	37.066524	35.503445	54.107849	52.544769	51.215450	49.875667	
110	35.902914	34.339834	53.041109	51.478030	49.653739	48.313957	36.958891	35.395811	54.097086	52.534006	51.194132	49.854350	
111	35.913134	34.350053	53.143299	51.580219	49.796575	48.456792	36.856701	35.293622	54.086866	52.523786	51.173942	49.834159	
112	35.922802	34.359722	53.239982	51.676903	49.931653	48.591870	36.760018	35.196938	54.077198	52.514118	51.154901	49.815118	
113	35.931914	34.368834	53.331102	51.768022	50.058879	48.719096	36.668898	35.105819	54.068086	52.505006	51.137035	49.797252	
114	35.940465	34.377384	53.416603	51.853523	50.178158	48.838375	36.583397	35.020318	54.059535	52.496455	51.120371	49.780588	
115	35.948448	34.385368	53.496433	51.933353	50.289393	48.949611	36.503567	34.940488	54.051552	52.488472	51.104945	49.765162	
116	35.955859	34.392779	53.570544	52.007465	50.392483	49.052701	36.429456	34.866376	54.044141	52.481061	51.090801	49.751018	
117	35.962694	34.399614	53.638893	52.075813	50.487316	49.147533	36.361107	34.798028	54.037306	52.474226	51.077997	49.738214	
118	35.968948	34.405868	53.701436	52.138357	50.573759	49.233976	36.298564	34.735484	54.031052	52.467972	51.066616	49.726834	
119	35.974619	34.411538	53.758138	52.195058	50.651650	49.311867	36.241862	34.678783	54.025381	52.462301	51.056776	49.716993	
120	35.979701	34.416621	53.808963	52.245883	50.720772	49.380989	36.191037	34.627957	54.020299	52.457219	51.048651	49.708869	
121	35.984193	34.421113	53.853881	52.290801	50.780826	49.441044	36.146119	34.583039	54.015807	52.452727	51.042505	49.702722	
122	35.988091	34.425011	53.892865	52.329785	50.831403	49.491620	36.107135	34.544056	54.011909	52.448829	51.038715	49.698932	
123	35.991394	34.428314	53.925891	52.362811	50.872011	49.532229	36.074109	34.511029	54.008606	52.445526	51.037743	49.697960	
124	35.994099	34.431019	53.952940	52.389860	50.902326	49.562543	36.047060	34.483981	54.005901	52.442821	51.039891	49.700108	
125	35.996204	34.433124	53.973994	52.410915	50.922776	49.582993	36.026006	34.462926	54.003796	52.440716	51.044709	49.704927	
126	35.997709	34.434629	53.989043	52.425963	50.934981	49.595198	36.010957	34.447878	54.002291	52.439211	51.050565	49.710782	
127	35.998612	34.435532	53.998075	52.434995	50.941159	49.601376	36.001925	34.438845	54.001388	52.438308	51.055227	49.715444	
128	35.998914	34.435833	54.001086	52.438007	51.056983	49.603234	35.998914	34.435834	54.001086	52.438006	50.943017	50.943017	
129	36.001925	34.438845	54.001388	52.438308	51.055227	49.715444	35.998612	34.435533	53.998075	52.434995	50.941159	49.601376	
130	36.010957	34.447877	54.002291	52.439211	51.050565	49.710782	35.997709	34.434630	53.989043	52.425962	50.934981	49.595198	
131	36.026006	34.462926	54.003796	52.440716	51.044709	49.704927	35.996204	34.433125	53.973994	52.410914	50.922776	49.582993	
132	36.047060	34.483980	54.005901	52.442822	51.039891	49.700108	35.994099	34.431019	53.952940	52.389860	50.902326	49.562543	
133	36.074109	34.511029	54.008606	52.445526	51.037743	49.697960	35.991394	34.428314	53.925891	52.362811	50.872011	49.532229	
134	36.107135	34.544055	54.011909	52.448829	51.038715	49.698932	35.988091	34.425012	53.892865	52.329785	50.831403	49.491620	
135	36.146119	34.583039	54.015807	52.452728	51.042505	49.702722	35.984193	34.421113	53.853881	52.290801	50.780826	49.441044	
136	36.191037	34.627957	54.020299	52.457219	51.048651	49.708869	35.979701	34.416622	53.808963	52.245883	50.720772	49.380989	
137	36.241862	34.678782	54.025381	52.462302	51.056776	49.716993	35.974619	34.411539	53.758138	52.195058	50.651650	49.311867	
138	36.298564	34.735483	54.031052	52.467972	51.066616	49.726834	35.968948	34.405869	53.701436	52.138356	50.573759	49.233976	
139	36.361107	34.798027	54.037306	52.474227	51.077997	49.738214	35.962694	34.399614	53.638893	52.075813	50.487316	49.147533	
140	36.429456	34.866375	54.044141	52.481061	51.090801	49.751018	35.955859	34.392779	53.570544	52.007464	50.392483	49.052701	
141	36.503567	34.940487	54.051552	52.488473	51.104945	49.765162	35.948448	34.385368	53.496433	51.933353	50.289393	48.949611	
142	36.583397	35.020317	54.059535	52.496456	51.120371	49.780588	35.940465	34.377385	53.416603	51.853523	50.178158	48.838375	
143	36.668898	35.105818	54.068086	52.505006	51.137035	49.797252	35.931914	34.368835	53.331102	51.768022	50.058879	48.719096	
144	36.760018	35.196938	54.077198	52.514118	51.154901	49.815118	35.922802	34.359723	53.239982	51.676902	49.931653	48.591870	
145	36.856701	35.293621	54.086866	52.523787	51.173942	49.834159	35.913134	34.350054	53.143299	51.580218	49.796575	48.456792	
146	36.958891	35.395811	54.097086	52.534006	51.194132	49.854350	35.902914	34.339835	53.041109	51.478029	49.653739	48.313957	
147	37.066524	35.503444	54.107849	52.544770	51.215450	49.875667	35.892151	34.329071	52.933476	51.370396	49.503242	48.163459	
148	37.179537	35.616457	54.119151	52.556072	51.237875	49.898092	35.880849	34.317769	52.820463	51.257383	49.345181	48.005398	
149	37.297860	35.734780	54.130984	52.567904	51.261387	49.921604	35.869016	34.305936	52.702140	51.139060	49.179657	47.839874	
150	37.421423	35.858343	54.143341	52.580261	51.285968	49.946186	35.856659	34.293579	52.578577	51.015496	49.006775	47.666992	
151	37.550152	35.987071	54.156215	52.593135	51.311600	49.971818	35.843785	34.280706	52.449848	50.886768	48.826643	47.486860	
152	37.683967	36.120887	54.169597	52.606517	51.338264	49.998482	35.830403	34.267324	52.316033	50.752953	48.639371	47.299588	
153	37.822789	36.259709	54.183480	52.620401	51.365942	50.026160	35.816520	34.253440	52.177211	50.614131	48.445075	47.105293	
154	37.966534	36.403454	54.197856	52.634776	51.394616	50.054833	35.802144	34.239065	52.033466	50.470386	48.243875	46.904092	
155	38.115115	36.552035	54.212715	52.649636	51.424266	50.084483	35.787285	34.224205	51.884885	50.321805	48.035891	46.696109	
156	38.268443	36.705362	54.228049	52.664970	51.454873	50.115090	35.771951	34.208871	51.731557	50.168477	47.821253	46.481470	
157	38.426424	36.863344	54.243849	52.680770	51.486418	50.146635	35.756151	34.193071	51.573576	50.010496	47.600088	46.260305	
158	38.588963	37.025883	54.260105	52.697025	51.518881	50.179098	35.739895	34.176815	51.411037	49.847957	47.372532	46.032750	
159	38.755963	37.192883	54.276807	52.713728	51.552242	50.212459	35.723193	34.160113	51.244037	49.680957	47.138723	45.798941	
160	38.927322	37.364242	54.293945	52.730866	51.586479	50.246697	35.706055	34.142975	51.072678	49.509598	46.898802	45.559019	
161	39.102936	37.539856	54.311510	52.748430	51.621573	50.281790	35.688490	34.125411	50.897064	49.333984	46.652914	45.313131	
162	39.282700	37.719620	54.329489	52.766410	51.657500	50.317717	35.670511	34.107431	50.717300	49.154220	46.401208	45.061425	
163	39.466504	37.903424	54.347873	52.784794	51.694239	50.354457	35.652127	34.089047	50.533496	48.970416	46.143835	44.804052	
164	39.654238	38.091157	54.366651	52.803571	51.731768	50.391986	35.633349	34.070270	50.345762	48.782682	45.880951	44.541168	
165	39.845786	38.282706	54.385810	52.822731	51.770064	50.430281	35.614190	34.051110	50.154214	48.591133	45.612715	44.272932	
166	40.041035	38.477954	54.405340	52.842261	51.809103	50.469321	35.594660	34.031580	49.958965	48.395885	45.339288	43.999506	
167	40.239863	38.676783	54.425229	52.862150	51.848862	50.509079	35.574771	34.011691	49.760137	48.197057	45.060836	43.721054	
168	40.442152	38.879072	54.445465	52.882386	51.889316	50.549533	35.554535	33.991455	49.557848	47.994768	44.777527	43.437744	
169	40.647776	39.084696	54.466036	52.902956	51.930441	50.590658	35.533964	33.970885	49.352224	47.789144	44.489530	43.149748	
170	40.856612	39.293532	54.486928	52.923849	51.972212	50.632429	35.513072	33.949992	49.143388	47.580308	44.197021	42.857238	
171	41.068530	39.505450	54.508130	52.945051	52.014604	50.674821	35.491870	33.928790	48.931470	47.368390	43.900175	42.560392	
172	41.283401	39.720320	54.529629	52.966550	52.057590	50.717808	35.470371	33.907291	48.716599	47.153519	43.599170	42.259388	
173	41.501091	39.938011	54.551413	52.988333	52.101146	50.761363	35.448587	33.885508	48.498909	46.935829	43.294190	41.954407	
174	41.721465	40.158385	54.573466	53.010387	52.145244	50.805462	35.426534	33.863454	48.278535	46.715455	42.985417	41.645634	
175	41.944385	40.381305	54.595778	53.032698	52.189859	50.850076	35.404222	33.841143	48.055615	46.492535	42.673037	41.333254	
176	42.169708	40.606628	54.618333	53.055254	52.234962	50.895179	35.381667	33.818587	47.830292	46.267211	42.357239	41.017457	
177	42.397290	40.834210	54.641119	53.078040	52.280527	50.940744	35.358881	33.795801	47.602710	46.039630	42.038213	40.698431	
178	42.626977	41.063897	54.664122	53.101043	52.326526	50.986744	35.335878	33.772798	47.373023	45.809943	41.716152	40.376369	
179	42.858611	41.295531	54.687328	53.124248	52.372932	51.033149	35.312672	33.749593	47.141389	45.578309	41.391249	40.051466	
180	43.092021	41.528941	54.710722	53.147643	52.419717	51.079934	35.289278	33.726198	46.907979	45.344899	41.063700	39.723917	
181	43.327017	41.763937	54.734292	53.171212	52.466851	51.127069	35.265708	33.702629	46.672983	45.109903	40.733702	39.393919	
182	43.563375	42.000295	54.758022	53.194942	52.514308	51.174525	35.241978	33.678898	46.436625	44.873545	40.401454	39.061672	
183	43.800805	42.237725	54.781899	53.218819	52.562057	51.222275	35.218101	33.655022	46.199195	44.636115	40.067157	38.727375	
184	44.038868	42.475788	54.805907	53.242827	52.610071	51.270289	35.194093	33.631013	45.961132	44.398052	39.731012	38.391230	
185	44.276732	42.713652	54.830033	53.266953	52.658321	51.318538	35.169967	33.606887	45.723268	44.160188	39.393222	38.053439	
186	44.512217	42.949137	54.854262	53.291182	52.706777	51.366994	35.145738	33.582658	45.487783	43.924703	39.053989	37.714206	
187	44.735837	43.172757	54.878579	53.315500	52.755410	51.415627	35.121421	33.558341	45.264163	43.701083	38.713518	37.373735	
188	45.141249	43.578169	54.902970	53.339891	52.804191	51.464408	35.097030	33.533950	44.858751	43.295671	38.372015	37.032232	
189	45.299068	43.735987	54.927421	53.364341	52.853090	51.513307	35.072579	33.509500	44.700932	43.137852	38.029685	36.689902	
190	45.528175	43.965094	54.951915	53.388835	52.902078	51.562295	35.048085	33.485005	44.471825	42.908745	37.686734	36.346951	
191	45.767438	44.204358	54.976439	53.413359	52.951126	51.611343	35.023561	33.460481	44.232562	42.669482	37.343369	36.003586	
192	46.009732	44.446652	55.000978	53.437898	53.000203	51.660420	34.999022	33.435943	43.990268	42.427188	36.999797	35.660014	
193	46.253240	44.690160	55.025517	53.462437	53.049281	51.709498	34.974483	33.411404	43.746760	42.183680	36.656225	35.316442	
194	46.497223	44.934142	55.050041	53.486961	53.098329	51.758546	34.949959	33.386880	43.502777	41.939697	36.312859	34.973076	
195	46.741271	45.178191	55.074535	53.511456	53.147318	51.807535	34.925465	33.362385	43.258729	41.695649	35.969907	34.630124	
196	46.985104	45.422024	55.098986	53.535906	53.196219	51.856436	34.901014	33.337935	43.014896	41.451816	35.627575	34.287792	
197	47.228499	45.665419	55.123377	53.560297	53.245002	51.905219	34.876623	33.313544	42.771501	41.208421	35.286070	33.946287	
198	47.471265	45.908185	55.147694	53.584615	53.293638	51.953855	34.852306	33.289226	42.528735	40.965655	34.945596	33.605814	
199	47.713226	46.150145	55.171923	53.608844	53.342097	52.002314	34.828077	33.264997	42.286774	40.723694	34.606360	33.266578	
200	47.954215	46.391135	55.196049	53.632970	53.390350	52.050568	34.803951	33.240871	42.045785	40.482705	34.268566	32.928783	
201	48.194076	46.630995	55.220058	53.656979	53.438369	52.098586	34.779942	33.216862	41.805924	40.242844	33.932416	32.592633	
202	48.432652	46.869572	55.243935	53.680855	53.486124	52.146341	34.756065	33.192986	41.567348	40.004268	33.598114	32.258331	
203	48.669793	47.106713	55.267665	53.704586	53.533586	52.193803	34.732335	33.169255	41.330207	39.767127	33.265861	31.926078	
204	48.905352	47.342271	55.291235	53.728155	53.580727	52.240944	34.708765	33.145685	41.094648	39.531568	32.935857	31.596075	
205	49.139181	47.576101	55.314630	53.751550	53.627518	52.287735	34.685370	33.122291	40.860819	39.297739	32.608301	31.268518	
206	49.371136	47.808056	55.337836	53.774756	53.673932	52.334149	34.662164	33.099085	40.628864	39.065784	32.283390	30.943608	
207	49.601076	48.037996	55.360839	53.797759	53.719939	52.380157	34.639161	33.076082	40.398924	38.835844	31.961320	30.621538	
208	49.828860	48.265780	55.383625	53.820546	53.765514	52.425731	34.616375	33.053295	40.171140	38.608060	31.642285	30.302502	
209	50.054348	48.491268	55.406181	53.843102	53.810627	52.470844	34.593819	33.030739	39.945652	38.382572	31.326477	29.986694	
210	50.277404	48.714324	55.428493	53.865413	53.855252	52.515470	34.571507	33.008428	39.722596	38.159516	31.014087	29.674304	
211	50.497892	48.934812	55.450547	53.887468	53.899363	52.559580	34.549453	32.986373	39.502108	37.939028	30.705301	29.365519	
212	50.715679	49.152598	55.472331	53.909251	53.942931	52.603149	34.527669	32.964590	39.284321	37.721241	30.400308	29.060525	
213	50.930631	49.367551	55.493830	53.930751	53.985932	52.646150	34.506170	32.943090	39.069369	37.506289	30.099289	28.759507	
214	51.142620	49.579540	55.515033	53.951953	54.028340	52.688557	34.484967	32.921888	38.857380	37.294300	29.802428	28.462645	
215	51.351516	49.788436	55.535926	53.972846	54.070127	52.730345	34.464074	32.900995	38.648484	37.085404	29.509901	28.170118	
216	51.557194	49.994114	55.556497	53.993417	54.111271	52.771488	34.443503	32.880424	38.442806	36.879726	29.221886	27.882104	
217	51.759529	50.196449	55.576733	54.013653	54.151745	52.811962	34.423267	32.860188	38.240471	36.677391	28.938557	27.598774	
218	51.958399	50.395318	55.596622	54.033543	54.191526	52.851743	34.403378	32.840298	38.041601	36.478521	28.660083	27.320300	
219	52.153683	50.590603	55.616153	54.053073	54.230589	52.890806	34.383847	32.820768	37.846317	36.283237	28.386632	27.046849	
220	52.345264	50.782184	55.635313	54.072233	54.268911	52.929128	34.364687	32.801608	37.654736	36.091656	28.118370	26.778587	
221	52.533027	50.969947	55.654091	54.091011	54.306468	52.966686	34.345909	32.782830	37.466973	35.903893	27.855457	26.515675	
222	52.716857	51.153777	55.672475	54.109396	54.343239	53.003457	34.327525	32.764445	37.283143	35.720063	27.598053	26.258271	
223	52.896644	51.333564	55.690455	54.127376	54.379201	53.039418	34.309545	32.746465	37.103356	35.540276	27.346312	26.006530	
224	53.072279	51.509199	55.708020	54.144941	54.414332	53.074550	34.291980	32.728900	36.927721	35.364641	27.100386	25.760603	
225	53.243657	51.680577	55.725159	54.162079	54.448612	53.108829	34.274841	32.711762	36.756343	35.193263	26.860423	25.520640	
226	53.410674	51.847594	55.741862	54.178782	54.482019	53.142236	34.258138	32.695059	36.589326	35.026246	26.626568	25.286785	
227	53.573229	52.010149	55.758118	54.195038	54.514533	53.174750	34.241882	32.678803	36.426771	34.863691	26.398961	25.059178	
228	53.731225	52.168145	55.773918	54.210839	54.546135	53.206353	34.226082	32.663002	36.268775	34.705695	26.177739	24.837956	
229	53.884565	52.321485	55.789253	54.226173	54.576806	53.237024	34.210747	32.647668	36.115435	34.552355	25.963037	24.623254	
230	54.033158	52.470078	55.804113	54.241033	54.606528	53.266745	34.195887	32.632808	35.966842	34.403762	25.754982	24.415199	
231	54.176914	52.613834	55.818489	54.255409	54.635281	53.295499	34.181511	32.618432	35.823086	34.260006	25.553701	24.213918	
232	54.315746	52.752666	55.832372	54.269293	54.663050	53.323267	34.167628	32.604548	35.684254	34.121174	25.359315	24.019532	
233	54.449571	52.886490	55.845755	54.282676	54.689817	53.350034	34.154245	32.591165	35.550429	33.987349	25.171940	23.832157	
234	54.578307	53.015227	55.858629	54.295550	54.715566	53.375784	34.141371	32.578291	35.421693	33.858613	24.991690	23.651908	
235	54.701878	53.138798	55.870987	54.307907	54.740283	53.400500	34.129013	32.565934	35.298122	33.735042	24.818674	23.478891	
236	54.820209	53.257128	55.882820	54.319740	54.763950	53.424168	34.117180	32.554101	35.179791	33.616711	24.652994	23.313212	
237	54.933228	53.370147	55.894122	54.331042	54.786556	53.446773	34.105878	32.542798	35.066772	33.503692	24.494753	23.154970	
238	55.040867	53.477787	55.904886	54.341807	54.808085	53.468302	34.095114	32.532034	34.959133	33.396053	24.344043	23.004261	
239	55.143062	53.579982	55.915106	54.352026	54.828526	53.488743	34.084894	32.521815	34.856938	33.293858	24.200957	22.861175	
240	55.239750	53.676670	55.924775	54.361695	54.847865	53.508082	34.075225	32.512146	34.760250	33.197170	24.065581	22.725798	
241	55.330875	53.767795	55.933887	54.370808	54.866091	53.526308	34.066113	32.503033	34.669125	33.106045	23.937996	22.598213	
242	55.416380	53.853299	55.942438	54.379358	54.883193	53.543410	34.057562	32.494483	34.583620	33.020540	23.818279	22.478496	
243	55.496214	53.933133	55.950421	54.387342	54.899160	53.559378	34.049579	32.486499	34.503786	32.940706	23.706501	22.366719	
244	55.570329	54.007248	55.957833	54.394753	54.913984	53.574202	34.042167	32.479088	34.429671	32.866591	23.602732	22.262949	
245	55.638680	54.075600	55.964668	54.401588	54.927655	53.587873	34.035332	32.472252	34.361320	32.798240	23.507032	22.167249	
246	55.701226	54.138146	55.970923	54.407843	54.940166	53.600383	34.029077	32.465998	34.298774	32.735693	23.419459	22.079677	
247	55.757930	54.194850	55.976593	54.413514	54.951507	53.611724	34.023407	32.460327	34.242070	32.678990	23.340067	22.000285	
248	55.808758	54.245677	55.981676	54.418596	54.961673	53.621890	34.018324	32.455245	34.191242	32.628162	23.268904	21.929121	
249	55.853677	54.290597	55.986168	54.423088	54.970658	53.630875	34.013832	32.450753	34.146323	32.583242	23.206011	21.866228	
250	55.892663	54.329583	55.990066	54.426987	54.978455	53.638672	34.009934	32.446854	34.107337	32.544257	23.151427	21.811644	
251	55.925690	54.362610	55.993369	54.430290	54.985061	53.645278	34.006631	32.443551	34.074310	32.511229	23.105185	21.765402	
252	55.952740	54.389660	55.996074	54.432995	54.990471	53.650688	34.003926	32.440846	34.047260	32.484180	23.067312	21.727529	
253	55.973796	54.410716	55.998180	54.435100	54.994683	53.654900	34.001820	32.438741	34.026204	32.463124	23.037832	21.698049	
254	55.988845	54.425764	55.999685	54.436605	54.997692	53.657910	34.000315	32.437236	34.011155	32.448075	23.016762	21.676979	
255	55.997877	54.434797	56.000588	54.437508	54.999499	53.659716	33.999412	32.436333	34.002123	32.439042	23.004115	21.664332	
256	56.000889	54.437809	56.000889	54.437809	55.000101	53.660319	33.999111	32.436031	33.999111	32.436031	22.999899	21.660116	
257	55.995649	54.432569	55.999504	54.436424	54.998896	53.659114	34.000496	32.437417	34.004351	32.441271	23.008331	21.668548	
258	55.979936	54.416856	55.995344	54.432265	54.995275	53.655492	34.004656	32.441576	34.020064	32.456985	23.033617	21.693834	
259	55.953769	54.390689	55.988404	54.425324	54.989220	53.649437	34.011596	32.448516	34.046231	32.483151	23.075721	21.735939	
260	55.917182	54.354102	55.978669	54.415589	54.980702	53.640919	34.021331	32.458251	34.082818	32.519738	23.134587	21.794804	
261	55.870221	54.307141	55.966121	54.403041	54.969681	53.629898	34.033879	32.470800	34.129779	32.566700	23.210131	21.870349	
262	55.812945	54.249865	55.950736	54.387656	54.956106	53.616323	34.049264	32.486184	34.187055	32.623975	23.302252	21.962470	
263	55.745427	54.182347	55.932486	54.369406	54.939913	53.600130	34.067514	32.504434	34.254573	32.691493	23.410823	22.071040	
264	55.667752	54.104672	55.911337	54.348257	54.921029	53.581247	34.088663	32.525583	34.332248	32.769168	23.535693	22.195911	
265	55.580017	54.016938	55.887252	54.324172	54.899370	53.559587	34.112748	32.549668	34.419983	32.856903	23.676694	22.336911	
266	55.482334	53.919254	55.860186	54.297106	54.874841	53.535058	34.139814	32.576734	34.517666	32.954586	23.833632	22.493849	
267	55.374825	53.811745	55.830093	54.267013	54.847337	53.507554	34.169907	32.606827	34.625175	33.062095	24.006292	22.666509	
268	55.257624	53.694544	55.796921	54.233841	54.816743	53.476960	34.203079	32.639999	34.742376	33.179296	24.194440	22.854657	
269	55.130878	53.567798	55.760614	54.197534	54.782935	53.443152	34.239386	32.676306	34.869122	33.306042	24.397820	23.058037	
270	54.994746	53.431666	55.721112	54.158032	54.745781	53.405999	34.278888	32.715808	35.005254	33.442175	24.616156	23.276373	
271	54.849395	53.286316	55.678352	54.115272	54.705140	53.365357	34.321648	32.758568	35.150605	33.587525	24.849153	23.509370	
272	54.695008	53.131928	55.632266	54.069186	54.660862	53.321079	34.367734	32.804654	35.304992	33.741912	25.096497	23.756715	
273	54.531774	52.968694	55.582785	54.019706	54.612790	53.273008	34.417215	32.854135	35.468226	33.905146	25.357856	24.018073	
274	54.359895	52.796815	55.529836	53.966757	54.560761	53.220978	34.470164	32.907084	35.640105	34.077025	25.632879	24.293096	
275	54.179581	52.616502	55.473344	53.910264	54.504605	53.164822	34.526656	32.963577	35.820419	34.257339	25.921200	24.581417	
276	53.991054	52.427974	55.413230	53.850150	54.444145	53.104362	34.586770	33.023691	36.008946	34.445866	26.222434	24.882651	
277	53.794543	52.231463	55.349414	53.786334	54.379200	53.039418	34.650586	33.087506	36.205457	34.642377	26.536183	25.196401	
278	53.590286	52.027206	55.281816	53.718737	54.309586	52.969803	34.718184	33.155104	36.409714	34.846634	26.862034	25.522251	
279	53.378530	51.815450	55.210353	53.647273	54.235112	52.895329	34.789647	33.226567	36.621470	35.058391	27.199558	25.859775	
280	53.159528	51.596449	55.134941	53.571862	54.155586	52.815803	34.865059	33.301979	36.840472	35.277392	27.548314	26.208531	
281	52.933544	51.370464	55.055496	53.492417	54.070812	52.731029	34.944504	33.381424	37.066456	35.503376	27.907849	26.568067	
282	52.700845	51.137765	54.971934	53.408854	53.980593	52.640810	35.028066	33.464986	37.299155	35.736075	28.277699	26.937916	
283	52.461707	50.898627	54.884170	53.321090	53.884731	52.544948	35.115830	33.552750	37.538293	35.975214	28.657388	27.317605	
284	52.216409	50.653330	54.792120	53.229041	53.783028	52.443245	35.207880	33.644800	37.783591	36.220511	29.046431	27.706648	
285	51.965240	50.402160	54.695703	53.132623	53.675284	52.335501	35.304297	33.741218	38.034760	36.471680	29.444333	28.104550	
286	51.708490	50.145410	54.594835	53.031755	53.561304	52.221521	35.405165	33.842085	38.291510	36.728431	29.850594	28.510811	
287	51.446454	49.883374	54.489437	52.926357	53.440890	52.101108	35.510563	33.947483	38.553546	36.990467	30.264704	28.924921	
288	51.179432	49.616352	54.379432	52.816352	53.313852	51.974069	35.620568	34.057488	38.820568	37.257488	30.686148	29.346365	
289	50.907727	49.344647	54.264743	52.701664	53.179999	51.840216	35.735257	34.172177	39.092273	37.529193	31.114407	29.774624	
290	50.631645	49.068565	54.145300	52.582220	53.039146	51.699363	35.854700	34.291621	39.368355	37.805275	31.548957	30.209174	
291	50.351493	48.788414	54.021031	52.457951	52.891112	51.551330	35.978969	34.415889	39.648507	38.085427	31.989271	30.649488	
292	50.067583	48.504503	53.891872	52.328792	52.735723	51.395941	36.108128	34.545048	39.932417	38.369337	32.434818	31.095036	
293	49.780224	48.217144	53.757761	52.194681	52.572811	51.233028	36.242239	34.679160	40.219776	38.656696	32.885070	31.545287	
294	49.489729	47.926649	53.618640	52.055560	52.402213	51.062431	36.381360	34.818280	40.510271	38.947191	33.339495	31.999712	
295	49.196410	47.633330	53.474458	51.911378	52.223777	50.883994	36.525542	34.962463	40.803590	39.240510	33.797562	32.457780	
296	48.900579	47.337499	53.325166	51.762086	52.037357	50.697574	36.674834	35.111754	41.099421	39.536341	34.258744	32.918961	
297	48.602547	47.039467	53.170723	51.607644	51.842817	50.503034	36.829277	35.266197	41.397453	39.834373	34.722514	33.382731	
298	48.302624	46.739545	53.011094	51.448014	51.640031	50.300249	36.988906	35.425826	41.697376	40.134296	35.188349	33.848566	
299	48.001119	46.438039	52.846248	51.283168	51.428885	50.089102	37.153752	35.590672	41.998881	40.435801	35.655731	34.315949	
300	47.698337	46.135257	52.676162	51.113082	51.209274	49.869491	37.323838	35.760758	42.301663	40.738583	36.124148	34.784365	
301	47.394583	45.831503	52.500820	50.937741	50.981105	49.641322	37.499180	35.936100	42.605417	41.042338	36.593091	35.253308	
302	47.090156	45.527076	52.320214	50.757134	50.744299	49.404516	37.679786	36.116706	42.909844	41.346765	37.062061	35.722278	
303	46.785353	45.222274	52.134342	50.571262	50.498788	49.159006	37.865658	36.302578	43.214647	41.651567	37.530565	36.190783	
304	46.480469	44.917390	51.943211	50.380131	50.244520	48.904738	38.056789	36.493709	43.519531	41.956451	37.998120	36.658338	
305	46.175793	44.612713	51.746837	50.183757	49.981456	48.641673	38.253163	36.690084	43.824207	42.261127	38.464251	37.124468	
306	45.871610	44.308530	51.545243	49.982163	49.709570	48.369787	38.454757	36.891677	44.128390	42.565311	38.928493	37.588710	
307	45.568200	44.005120	51.338464	49.775384	49.428854	48.089071	38.661536	37.098456	44.431800	42.868720	39.390391	38.050609	
308	45.265841	43.702761	51.126544	49.563464	49.139313	47.799531	38.873456	37.310376	44.734159	43.171079	39.849504	38.509722	
309	44.964806	43.401726	50.909537	49.346458	48.840970	47.501188	39.090463	37.527383	45.035194	43.472114	40.305401	38.965619	
310	44.665364	43.102284	50.687512	49.124432	48.533864	47.194082	39.312488	37.749408	45.334636	43.771556	40.757663	39.417881	
311	44.367785	42.804705	50.460551	48.897471	48.218051	46.878268	39.539449	37.976370	45.632215	44.069135	41.205885	39.866102	
312	44.072338	42.509259	50.228753	48.665673	47.893604	46.553821	39.771247	38.208167	45.927662	44.364582	41.649673	40.309891	
313	43.779303	42.216223	49.992244	48.429164	47.560616	46.220833	40.007756	38.444676	46.220697	44.657617	42.088649	40.748866	
314	43.488978	41.925898	49.751187	48.188107	47.219200	45.879417	40.248813	38.685733	46.511022	44.947942	42.522442	41.182659	
315	43.201710	41.638631	49.505810	47.942731	46.869493	45.529711	40.494190	38.931110	46.798290	45.235210	42.950694	41.610911	
316	42.917964	41.354884	49.256477	47.693397	46.511665	45.171882	40.743523	39.180443	47.082036	45.518956	43.373047	42.033264	
317	42.638524	41.075444	49.003888	47.440809	46.145941	44.806158	40.996112	39.433032	47.361476	45.798397	43.789118	42.449335	
318	42.365273	40.802193	48.749864	47.186784	45.772702	44.432920	41.250136	39.687057	47.634727	46.071648	44.198406	42.858623	
319	42.105955	40.542875	48.502101	46.939021	45.393159	44.053376	41.497899	39.934819	47.894045	46.330965	44.599614	43.259831	
320	41.660150	40.376771	48.060150	46.776771	45.056983	43.717200	41.939850	40.097070	48.339850	46.497070	44.943017	43.603234	
321	41.497899	39.934819	47.894045	46.330965	44.599614	43.259831	42.105955	40.542875	48.502101	46.939021	45.393159	44.053376	
322	41.250136	39.687057	47.634727	46.071648	44.198406	42.858623	42.365273	40.802193	48.749864	47.186784	45.772702	44.432920	
323	40.996112	39.433032	47.361476	45.798397	43.789118	42.449335	42.638524	41.075444	49.003888	47.440809	46.145941	44.806158	
324	40.743523	39.180443	47.082036	45.518956	43.373047	42.033264	42.917964	41.354884	49.256477	47.693397	46.511665	45.171882	
325	40.494190	38.931110	46.798290	45.235210	42.950694	41.610911	43.201710	41.638631	49.505810	47.942731	46.869493	45.529711	
326	40.248813	38.685733	46.511022	44.947942	42.522442	41.182659	43.488978	41.925898	49.751187	48.188107	47.219200	45.879417	
327	40.007756	38.444676	46.220697	44.657617	42.088649	40.748866	43.779303	42.216223	49.992244	48.429164	47.560616	46.220833	
328	39.771247	38.208167	45.927662	44.364582	41.649673	40.309891	44.072338	42.509259	50.228753	48.665673	47.893604	46.553821	
329	39.539449	37.976370	45.632215	44.069135	41.205885	39.866102	44.367785	42.804705	50.460551	48.897471	48.218051	46.878268	
330	39.312488	37.749408	45.334636	43.771556	40.757663	39.417881	44.665364	43.102284	50.687512	49.124432	48.533864	47.194082	
331	39.090463	37.527383	45.035194	43.472114	40.305401	38.965619	44.964806	43.401726	50.909537	49.346458	48.840970	47.501188	
332	38.873456	37.310376	44.734159	43.171079	39.849504	38.509722	45.265841	43.702761	51.126544	49.563464	49.139313	47.799531	
333	38.661536	37.098456	44.431800	42.868720	39.390391	38.050609	45.568200	44.005120	51.338464	49.775384	49.428854	48.089071	
334	38.454757	36.891677	44.128390	42.565311	38.928493	37.588710	45.871610	44.308530	51.545243	49.982163	49.709570	48.369787	
335	38.253163	36.690084	43.824207	42.261127	38.464251	37.124468	46.175793	44.612713	51.746837	50.183757	49.981456	48.641673	
336	38.056789	36.493709	43.519531	41.956451	37.998120	36.658338	46.480469	44.917390	51.943211	50.380131	50.244520	48.904738	
337	37.865658	36.302578	43.214647	41.651567	37.530565	36.190783	46.785353	45.222274	52.134342	50.571262	50.498788	49.159006	
338	37.679786	36.116706	42.909844	41.346765	37.062061	35.722278	47.090156	45.527076	52.320214	50.757134	50.744299	49.404516	
339	37.499180	35.936100	42.605417	41.042338	36.593091	35.253308	47.394583	45.831503	52.500820	50.937741	50.981105	49.641322	
340	37.323838	35.760758	42.301663	40.738583	36.124148	34.784365	47.698337	46.135257	52.676162	51.113082	51.209274	49.869491	
341	37.153752	35.590672	41.998881	40.435801	35.655731	34.315949	48.001119	46.438039	52.846248	51.283168	51.428885	50.089102	
342	36.988906	35.425826	41.697376	40.134296	35.188349	33.848566	48.302624	46.739545	53.011094	51.448014	51.640031	50.300249	
343	36.829277	35.266197	41.397453	39.834373	34.722514	33.382731	48.602547	47.039467	53.170723	51.607644	51.842817	50.503034	
344	36.674834	35.111754	41.099421	39.536341	34.258744	32.918961	48.900579	47.337499	53.325166	51.762086	52.037357	50.697574	
345	36.525542	34.962463	40.803590	39.240510	33.797562	32.457780	49.196410	47.633330	53.474458	51.911378	52.223777	50.883994	
346	36.381360	34.818280	40.510271	38.947191	33.339495	31.999712	49.489729	47.926649	53.618640	52.055560	52.402213	51.062431	
347	36.242239	34.679160	40.219776	38.656696	32.885070	31.545287	49.780224	48.217144	53.757761	52.194681	52.572811	51.233028	
348	36.108128	34.545048	39.932417	38.369337	32.434818	31.095036	50.067583	48.504503	53.891872	52.328792	52.735723	51.395941	
349	35.978969	34.415889	39.648507	38.085427	31.989271	30.649488	50.351493	48.788414	54.021031	52.457951	52.891112	51.551330	
350	35.854700	34.291621	39.368355	37.805275	31.548957	30.209174	50.631645	49.068565	54.145300	52.582220	53.039146	51.699363	
351	35.735257	34.172177	39.092273	37.529193	31.114407	29.774624	50.907727	49.344647	54.264743	52.701664	53.179999	51.840216	
352	35.620568	34.057488	38.820568	37.257488	30.686148	29.346365	51.179432	49.616352	54.379432	52.816352	53.313852	51.974069	
353	35.510563	33.947483	38.553546	36.990467	30.264704	28.924921	51.446454	49.883374	54.489437	52.926357	53.440890	52.101108	
354	35.405165	33.842085	38.291510	36.728431	29.850594	28.510811	51.708490	50.145410	54.594835	53.031755	53.561304	52.221521	
355	35.304297	33.741218	38.034760	36.471680	29.444333	28.104550	51.965240	50.402160	54.695703	53.132623	53.675284	52.335501	
356	35.207880	33.644800	37.783591	36.220511	29.046431	27.706648	52.216409	50.653330	54.792120	53.229041	53.783028	52.443245	
357	35.115830	33.552750	37.538293	35.975214	28.657388	27.317605	52.461707	50.898627	54.884170	53.321090	53.884731	52.544948	
358	35.028066	33.464986	37.299155	35.736075	28.277699	26.937916	52.700845	51.137765	54.971934	53.408854	53.980593	52.640810	
359	34.944504	33.381424	37.066456	35.503376	27.907849	26.568067	52.933544	51.370464	55.055496	53.492417	54.070812	52.731029	
360	34.865059	33.301979	36.840472	35.277392	27.548314	26.208531	53.159528	51.596449	55.134941	53.571862	54.155586	52.815803	
361	34.789647	33.226567	36.621470	35.058391	27.199558	25.859775	53.378530	51.815450	55.210353	53.647273	54.235112	52.895329	
362	34.718184	33.155104	36.409714	34.846634	26.862034	25.522251	53.590286	52.027206	55.281816	53.718737	54.309586	52.969803	
363	34.650586	33.087506	36.205457	34.642377	26.536183	25.196401	53.794543	52.231463	55.349414	53.786334	54.379200	53.039418	
364	34.586770	33.023691	36.008946	34.445866	26.222434	24.882651	53.991054	52.427974	55.413230	53.850150	54.444145	53.104362	
365	34.526656	32.963577	35.820419	34.257339	25.921200	24.581417	54.179581	52.616502	55.473344	53.910264	54.504605	53.164822	
366	34.470164	32.907084	35.640105	34.077025	25.632879	24.293096	54.359895	52.796815	55.529836	53.966757	54.560761	53.220978	
367	34.417215	32.854135	35.468226	33.905146	25.357856	24.018073	54.531774	52.968694	55.582785	54.019706	54.612790	53.273008	
368	34.367734	32.804654	35.304992	33.741912	25.096497	23.756715	54.695008	53.131928	55.632266	54.069186	54.660862	53.321079	
369	34.321648	32.758568	35.150605	33.587525	24.849153	23.509370	54.849395	53.286316	55.678352	54.115272	54.705140	53.365357	
370	34.278888	32.715808	35.005254	33.442175	24.616156	23.276373	54.994746	53.431666	55.721112	54.158032	54.745781	53.405999	
371	34.239386	32.676306	34.869122	33.306042	24.397820	23.058037	55.130878	53.567798	55.760614	54.197534	54.782935	53.443152	
372	34.203079	32.639999	34.742376	33.179296	24.194440	22.854657	55.257624	53.694544	55.796921	54.233841	54.816743	53.476960	
373	34.169907	32.606827	34.625175	33.062095	24.006292	22.666509	55.374825	53.811745	55.830093	54.267013	54.847337	53.507554	
374	34.139814	32.576734	34.517666	32.954586	23.833632	22.493849	55.482334	53.919254	55.860186	54.297106	54.874841	53.535058	
375	34.112748	32.549668	34.419983	32.856903	23.676694	22.336911	55.580017	54.016938	55.887252	54.324172	54.899370	53.559587	
376	34.088663	32.525583	34.332248	32.769168	23.535693	22.195911	55.667752	54.104672	55.911337	54.348257	54.921029	53.581247	
377	34.067514	32.504434	34.254573	32.691493	23.410823	22.071040	55.745427	54.182347	55.932486	54.369406	54.939913	53.600130	
378	34.049264	32.486184	34.187055	32.623975	23.302252	21.962470	55.812945	54.249865	55.950736	54.387656	54.956106	53.616323	
379	34.033879	32.470800	34.129779	32.566700	23.210131	21.870349	55.870221	54.307141	55.966121	54.403041	54.969681	53.629898	
380	34.021331	32.458251	34.082818	32.519738	23.134587	21.794804	55.917182	54.354102	55.978669	54.415589	54.980702	53.640919	
381	34.011596	32.448516	34.046231	32.483151	23.075721	21.735939	55.953769	54.390689	55.988404	54.425324	54.989220	53.649437	
382	34.004656	32.441576	34.020064	32.456985	23.033617	21.693834	55.979936	54.416856	55.995344	54.432265	54.995275	53.655492	
383	34.000496	32.437417	34.004351	32.441271	23.008331	21.668548	55.995649	54.432569	55.999504	54.436424	54.998896	53.659114	
384	33.999111	32.436031	33.999111	32.436031	22.999899	21.660116	56.000889	54.437809	56.000889	54.437809	55.000101	53.660319	
