#p	a1_up	a1_dn	b1_up	b1_dn	c1_up	c1_dn	a2_up	a2_dn	b2_up	b2_dn	c2_up	c2_dn	NaN
0	14.297153	-11.164405	14.298329	-11.164323	2.953703	-22.090486	36.640584	11.179109	36.641925	11.179191	35.154390	10.110201	
1	14.298625	-11.164109	14.300118	-11.161357	2.957905	-22.086285	36.637619	11.176143	36.641628	11.178895	35.153803	10.109613	
2	14.299515	-11.163219	14.309013	-11.152463	2.970507	-22.073683	36.628724	11.167249	36.640739	11.178005	35.152041	10.107852	
3	14.300996	-11.161737	14.323831	-11.137645	2.991501	-22.052688	36.613906	11.152431	36.639257	11.176523	35.149106	10.104917	
4	14.303070	-11.159664	14.344562	-11.116914	3.020876	-22.023313	36.593175	11.131699	36.637184	11.174450	35.145000	10.100811	
5	14.305733	-11.157001	14.371194	-11.090282	3.058613	-21.985576	36.566543	11.105068	36.634520	11.171786	35.139726	10.095536	
6	14.308985	-11.153748	14.403708	-11.057768	3.104689	-21.939500	36.534029	11.072554	36.631268	11.168534	35.133286	10.089096	
7	14.312824	-11.149910	14.442083	-11.019392	3.159077	-21.885113	36.495654	11.034178	36.627429	11.164695	35.125685	10.081495	
8	14.317247	-11.145487	14.486295	-10.975180	3.221742	-21.822447	36.451442	10.989966	36.623006	11.160272	35.116928	10.072738	
9	14.322252	-11.140482	14.536314	-10.925161	3.292647	-21.751542	36.401423	10.939947	36.618002	11.155268	35.107021	10.062831	
10	14.327835	-11.134899	14.592108	-10.869368	3.371749	-21.672441	36.345629	10.884154	36.612418	11.149684	35.095969	10.051780	
11	14.333994	-11.128740	14.653639	-10.807836	3.458999	-21.585190	36.284098	10.822622	36.606260	11.143526	35.083781	10.039592	
12	14.340724	-11.122010	14.720868	-10.740608	3.554345	-21.489845	36.216869	10.755394	36.599530	11.136796	35.070464	10.026275	
13	14.348021	-11.114713	14.793749	-10.667727	3.657728	-21.386462	36.143988	10.682512	36.592233	11.129499	35.056027	10.011838	
14	14.355881	-11.106853	14.872235	-10.589240	3.769085	-21.275105	36.065502	10.604026	36.584373	11.121639	35.040480	9.996290	
15	14.364299	-11.098435	14.956274	-10.505202	3.888348	-21.155841	35.981463	10.519988	36.575954	11.113221	35.023831	9.979642	
16	14.373270	-11.089463	15.045809	-10.415666	4.015446	-21.028744	35.891928	10.430452	36.566983	11.104249	35.006093	9.961904	
17	14.382789	-11.079944	15.140782	-10.320694	4.150299	-20.893890	35.796955	10.335480	36.557464	11.094730	34.987277	9.943087	
18	14.392850	-11.069884	15.241128	-10.220348	4.292827	-20.751362	35.696609	10.235134	36.547403	11.084670	34.967395	9.923205	
19	14.403447	-11.059287	15.346780	-10.114696	4.442942	-20.601247	35.590958	10.129482	36.536807	11.074073	34.946460	9.902270	
20	14.414572	-11.048162	15.457666	-10.003809	4.600553	-20.443637	35.480071	10.018595	36.525681	11.062947	34.924486	9.880296	
21	14.426220	-11.036513	15.573713	-9.887763	4.765563	-20.278627	35.364025	9.902549	36.514033	11.051299	34.901487	9.857297	
22	14.438384	-11.024350	15.694840	-9.766636	4.937871	-20.106318	35.242898	9.781422	36.501869	11.039136	34.877478	9.833289	
23	14.451056	-11.011678	15.820964	-9.640512	5.117374	-19.926815	35.116773	9.655297	36.489198	11.026464	34.852476	9.808287	
24	14.464228	-10.998506	15.951999	-9.509476	5.303961	-19.740229	34.985738	9.524262	36.476026	11.013292	34.826497	9.782308	
25	14.477892	-10.984841	16.087855	-9.373621	5.497518	-19.546672	34.849883	9.388407	36.462361	10.999627	34.799558	9.755368	
26	14.492041	-10.970693	16.228435	-9.233041	5.697926	-19.346263	34.709302	9.247827	36.448213	10.985479	34.771676	9.727487	
27	14.506665	-10.956069	16.373641	-9.087835	5.905065	-19.139125	34.564097	9.102621	36.433589	10.970855	34.742871	9.698682	
28	14.521756	-10.940978	16.523369	-8.938107	6.118806	-18.925383	34.414368	8.952892	36.418498	10.955764	34.713162	9.668972	
29	14.537304	-10.925430	16.677513	-8.783963	6.339020	-18.705170	34.260224	8.798749	36.402950	10.940216	34.682567	9.638378	
30	14.553300	-10.909434	16.835960	-8.625516	6.565571	-18.478618	34.101777	8.640302	36.386954	10.924220	34.651109	9.606919	
31	14.569735	-10.892999	16.998594	-8.462882	6.798321	-18.245868	33.939144	8.477668	36.370519	10.907785	34.618807	9.574617	
32	14.586597	-10.876136	17.165293	-8.296183	7.037128	-18.007061	33.772444	8.310969	36.353656	10.890922	34.585684	9.541494	
33	14.603878	-10.858855	17.335932	-8.125544	7.281845	-17.762344	33.601805	8.140330	36.336375	10.873641	34.551762	9.507572	
34	14.621567	-10.841167	17.510379	-7.951097	7.532323	-17.511867	33.427358	7.965882	36.318686	10.855953	34.517063	9.472874	
35	14.639653	-10.823081	17.688498	-7.772978	7.788407	-17.255783	33.249239	7.787764	36.300601	10.837867	34.481612	9.437423	
36	14.658124	-10.804610	17.870146	-7.591330	8.049941	-16.994249	33.067591	7.606115	36.282129	10.819395	34.445433	9.401244	
37	14.676971	-10.785763	18.055175	-7.406301	8.316764	-16.727426	32.882562	7.421087	36.263283	10.800549	34.408551	9.364361	
38	14.696180	-10.766553	18.243428	-7.218047	8.588712	-16.455478	32.694309	7.232833	36.244073	10.781339	34.370990	9.326800	
39	14.715742	-10.746992	18.434744	-7.026731	8.865619	-16.178571	32.502993	7.041517	36.224512	10.761778	34.332776	9.288587	
40	14.735643	-10.727091	18.628951	-6.832524	9.147313	-15.896876	32.308786	6.847310	36.204610	10.741876	34.293937	9.249748	
41	14.755872	-10.706862	18.825870	-6.635606	9.433622	-15.610567	32.111867	6.650392	36.184381	10.721647	34.254500	9.210310	
42	14.776417	-10.686317	19.025310	-6.436166	9.724369	-15.319820	31.912428	6.450952	36.163837	10.701103	34.214491	9.170302	
43	14.797265	-10.665469	19.227069	-6.234407	10.019375	-15.024814	31.710668	6.249192	36.142989	10.680255	34.173939	9.129750	
44	14.818403	-10.644331	19.430934	-6.030542	10.318459	-14.725731	31.506803	6.045328	36.121851	10.659117	34.132874	9.088684	
45	14.839819	-10.622915	19.636674	-5.824802	10.621434	-14.422756	31.301063	5.839588	36.100435	10.637701	34.091324	9.047134	
46	14.861499	-10.601235	19.844042	-5.617433	10.928114	-14.116076	31.093695	5.632219	36.078754	10.616021	34.049318	9.005129	
47	14.883431	-10.579303	20.052771	-5.408705	11.238309	-13.805881	30.884966	5.423490	36.056822	10.594088	34.006889	8.962699	
48	14.905602	-10.557132	20.262568	-5.198907	11.551826	-13.492363	30.675169	5.213693	36.034652	10.571918	33.964066	8.919876	
49	14.927997	-10.534737	20.473113	-4.988363	11.868472	-13.175718	30.464625	5.003149	36.012257	10.549523	33.920881	8.876692	
50	14.950604	-10.512130	20.684048	-4.777428	12.188049	-12.856141	30.253689	4.792214	35.989650	10.526916	33.877366	8.833177	
51	14.973408	-10.489326	20.894976	-4.566500	12.510358	-12.533832	30.042761	4.581285	35.966846	10.504112	33.833555	8.789365	
52	14.996396	-10.466338	21.105447	-4.356029	12.835198	-12.208991	29.832290	4.370814	35.943857	10.481124	33.789479	8.745290	
53	15.019554	-10.443180	21.314948	-4.146528	13.162367	-11.881822	29.622789	4.161314	35.920699	10.457965	33.745173	8.700984	
54	15.042868	-10.419866	21.522887	-3.938589	13.491660	-11.552530	29.414851	3.953375	35.897385	10.434651	33.700672	8.656482	
55	15.066324	-10.396410	21.728575	-3.732900	13.822869	-11.221320	29.209162	3.747686	35.873929	10.411195	33.656009	8.611820	
56	15.089908	-10.372826	21.931205	-3.530271	14.155788	-10.888402	29.006532	3.545057	35.850346	10.387612	33.611222	8.567032	
57	15.113605	-10.349129	22.129817	-3.331659	14.490206	-10.553984	28.807921	3.346445	35.826648	10.363915	33.566345	8.522155	
58	15.137401	-10.325333	22.323264	-3.138211	14.825912	-10.218278	28.614473	3.152997	35.802852	10.340118	33.521416	8.477226	
59	15.161282	-10.301452	22.510172	-2.951304	15.162693	-9.881496	28.427565	2.966089	35.778971	10.316237	33.476472	8.432283	
60	15.185234	-10.277500	22.688884	-2.772591	15.500336	-9.543854	28.248853	2.787377	35.755020	10.292286	33.431552	8.387362	
61	15.209241	-10.253493	22.857413	-2.604063	15.838625	-9.205564	28.080324	2.618848	35.731013	10.268279	33.386693	8.342504	
62	15.233290	-10.229444	23.013395	-2.448081	16.177344	-8.866845	27.924342	2.462867	35.706964	10.244230	33.341937	8.297747	
63	15.257365	-10.205369	23.154071	-2.307404	16.516276	-8.527914	27.783666	2.322190	35.682889	10.220155	33.297323	8.253133	
64	15.281453	-10.181281	23.276328	-2.185148	16.855202	-8.188988	27.661409	2.199933	35.658801	10.196067	33.252892	8.208702	
65	15.305539	-10.157195	23.376827	-2.084648	17.193902	-7.850288	27.560910	2.099434	35.634715	10.171981	33.208686	8.164497	
66	15.329608	-10.133126	23.452276	-2.009199	17.532156	-7.512033	27.485461	2.023985	35.610646	10.147912	33.164749	8.120559	
67	15.353645	-10.109089	23.499829	-1.961647	17.869744	-7.174445	27.437908	1.976433	35.586608	10.123874	33.121124	8.076935	
68	15.377637	-10.085096	23.517554	-1.943921	18.206443	-6.837747	27.420183	1.958707	35.562616	10.099882	33.077856	8.033667	
69	15.401569	-10.061164	27.432910	1.971434	18.542029	-6.502160	23.504827	-1.956648	35.538684	10.075950	33.034992	7.990803	
70	15.425427	-10.037307	27.475260	2.013785	18.876280	-6.167909	23.462477	-1.998999	35.514827	10.052093	32.992579	7.948389	
71	15.449195	-10.013538	27.545114	2.083638	19.208972	-5.835218	23.392624	-2.068852	35.491058	10.028324	32.950664	7.906475	
72	15.472861	-9.989873	27.639456	2.177981	19.539878	-5.504311	23.298281	-2.163195	35.467393	10.004659	32.909299	7.865110	
73	15.496409	-9.966325	27.754857	2.293382	19.868774	-5.175416	23.182880	-2.278596	35.443845	9.981111	32.868534	7.824345	
74	15.519825	-9.942909	27.887870	2.426394	20.195432	-4.848757	23.049867	-2.411608	35.420429	9.957695	32.828423	7.784234	
75	15.543095	-9.919639	28.035296	2.573820	20.519626	-4.524564	22.902441	-2.559034	35.397158	9.934424	32.789021	7.744831	
76	15.566206	-9.896528	28.194315	2.732840	20.841127	-4.203063	22.743422	-2.718054	35.374048	9.911314	32.750383	7.706193	
77	15.589143	-9.873591	28.362521	2.901045	21.159706	-3.884483	22.575216	-2.886259	35.351110	9.888376	32.712568	7.668379	
78	15.611893	-9.850841	28.537894	3.076418	21.475134	-3.569056	22.399844	-3.061632	35.328361	9.865627	32.675638	7.631448	
79	15.634442	-9.828292	28.718757	3.257282	21.787179	-3.257011	22.218980	-3.242496	35.305812	9.843078	32.639655	7.595465	
80	15.656776	-9.805958	28.903723	3.442248	22.095610	-2.948580	22.034014	-3.427462	35.283478	9.820744	32.604685	7.560495	
81	15.678882	-9.783852	29.091638	3.630163	22.400194	-2.643996	21.846099	-3.615377	35.261371	9.798637	32.570795	7.526606	
82	15.700747	-9.761987	29.281541	3.820065	22.700696	-2.343493	21.656197	-3.805279	35.239506	9.776772	32.538058	7.493869	
83	15.722358	-9.740376	29.472622	4.011146	22.996882	-2.047307	21.465115	-3.996361	35.217896	9.755162	32.506547	7.462358	
84	15.743701	-9.719033	29.664198	4.202722	23.288515	-1.755675	21.273539	-4.187936	35.196552	9.733819	32.476339	7.432150	
85	15.764764	-9.697970	29.855682	4.394206	23.575356	-1.468833	21.082055	-4.379421	35.175489	9.712755	32.447516	7.403326	
86	15.785535	-9.677199	30.046569	4.585093	23.857167	-1.187023	20.891168	-4.570308	35.154719	9.691985	32.420160	7.375970	
87	15.806000	-9.656734	30.236418	4.774942	24.133705	-0.910484	20.701319	-4.760156	35.134254	9.671520	32.394359	7.350170	
88	15.826148	-9.636586	30.424841	4.963365	24.404730	-0.639459	20.512897	-4.948579	35.114106	9.651372	32.370206	7.326016	
89	15.845966	-9.616768	30.611492	5.150016	24.669998	-0.374191	20.326245	-5.135231	35.094287	9.631553	32.347794	7.303604	
90	15.865443	-9.597291	30.796064	5.334589	24.929264	-0.114925	20.141673	-5.319803	35.074810	9.612076	32.327221	7.283031	
91	15.884567	-9.578167	30.978278	5.516802	25.182284	0.138095	19.959459	-5.502017	35.055686	9.592953	32.308588	7.264398	
92	15.903327	-9.559407	31.157880	5.696404	25.428814	0.384624	19.779857	-5.681619	35.036927	9.574193	32.291999	7.247810	
93	15.921710	-9.541023	31.334638	5.873163	25.668608	0.624418	19.603099	-5.858377	35.018543	9.555809	32.277560	7.233370	
94	15.939708	-9.523026	31.508339	6.046863	25.901425	0.857236	19.429399	-6.032077	35.000546	9.537812	32.265375	7.221186	
95	15.957307	-9.505426	31.678783	6.217307	26.127027	1.082838	19.258954	-6.202522	34.982946	9.520212	32.255552	7.211363	
96	15.974499	-9.488235	31.845788	6.384312	26.345181	1.300991	19.091949	-6.369526	34.965754	9.503020	32.248194	7.204005	
97	15.991273	-9.471461	32.009180	6.547705	26.555659	1.511469	18.928557	-6.532919	34.948980	9.486247	32.243400	7.199210	
98	16.007619	-9.455115	32.168799	6.707323	26.758246	1.714056	18.768938	-6.692538	34.932635	9.469901	32.241261	7.197072	
99	16.023526	-9.439208	32.324493	6.863017	26.952739	1.908549	18.613245	-6.848231	34.916727	9.453994	32.241861	7.197671	
100	16.038986	-9.423748	32.476118	7.014642	27.138952	2.094763	18.461619	-6.999856	34.901267	9.438533	32.245267	7.201077	
101	16.053990	-9.408744	32.623539	7.162064	27.316721	2.272532	18.314198	-7.147278	34.886264	9.423530	32.251529	7.207340	
102	16.068528	-9.394206	32.766630	7.305154	27.485907	2.441718	18.171107	-7.290368	34.871726	9.408992	32.260676	7.216487	
103	16.082591	-9.380143	32.905268	7.443792	27.646402	2.602213	18.032470	-7.429006	34.857662	9.394928	32.272709	7.228520	
104	16.096172	-9.366562	33.039338	7.577863	27.798133	2.753943	17.898399	-7.563077	34.844081	9.381347	32.287596	7.243406	
105	16.109262	-9.353471	33.168733	7.707258	27.941067	2.896877	17.769004	-7.692472	34.830991	9.368257	32.305269	7.261080	
106	16.121854	-9.340880	33.293349	7.831874	28.075214	3.031025	17.644388	-7.817088	34.818399	9.355666	32.325623	7.281433	
107	16.133940	-9.328794	33.413089	7.951613	28.200632	3.156443	17.524649	-7.936827	34.806314	9.343580	32.348505	7.304316	
108	16.145512	-9.317222	33.527859	8.066383	28.317426	3.273236	17.409879	-8.051597	34.794741	9.332007	32.373723	7.329533	
109	16.156565	-9.306169	33.637572	8.176096	28.425749	3.381559	17.300165	-8.161310	34.783689	9.320955	32.401036	7.356847	
110	16.167090	-9.295644	33.742146	8.280670	28.525800	3.481611	17.195592	-8.265884	34.773163	9.310429	32.430165	7.385975	
111	16.177083	-9.285651	33.841502	8.380026	28.617822	3.573633	17.096235	-8.365240	34.763170	9.300437	32.460788	7.416599	
112	16.186537	-9.276197	33.935567	8.474091	28.702094	3.657904	17.002170	-8.459306	34.753717	9.290983	32.492554	7.448364	
113	16.195446	-9.267287	34.024272	8.562797	28.778926	3.734737	16.913465	-8.548011	34.744807	9.282073	32.525080	7.480891	
114	16.203806	-9.258928	34.107553	8.646078	28.848654	3.804464	16.830184	-8.631292	34.736447	9.273714	32.557968	7.513779	
115	16.211611	-9.251123	34.185350	8.723874	28.911625	3.867436	16.752387	-8.709088	34.728643	9.265909	32.590806	7.546617	
116	16.218856	-9.243877	34.257606	8.796130	28.968197	3.924008	16.680131	-8.781345	34.721397	9.258663	32.623180	7.578991	
117	16.225538	-9.237196	34.324271	8.862795	29.018726	3.974537	16.613467	-8.848009	34.714715	9.251981	32.654680	7.610490	
118	16.231652	-9.231082	34.385296	8.923820	29.063560	4.019371	16.552441	-8.909034	34.708601	9.245867	32.684908	7.640719	
119	16.237195	-9.225539	34.440639	8.979163	29.103032	4.058843	16.497099	-8.964377	34.703058	9.240325	32.713486	7.669297	
120	16.242163	-9.220571	34.490260	9.028784	29.137456	4.093267	16.447477	-9.013999	34.698090	9.235356	32.740060	7.695871	
121	16.246554	-9.216180	34.534126	9.072650	29.167121	4.122931	16.403612	-9.057864	34.693700	9.230966	32.764304	7.720115	
122	16.250365	-9.212369	34.572204	9.110729	29.192287	4.148098	16.365533	-9.095943	34.689889	9.227155	32.785924	7.741735	
123	16.253593	-9.209141	34.604470	9.142994	29.213185	4.168995	16.333268	-9.128208	34.686661	9.223927	32.804663	7.760474	
124	16.256237	-9.206497	34.630899	9.169423	29.230010	4.185821	16.306838	-9.154638	34.684017	9.221283	32.820300	7.776110	
125	16.258294	-9.204439	34.651474	9.189999	29.242927	4.198738	16.286263	-9.175213	34.681959	9.219225	32.832651	7.788462	
126	16.259765	-9.202969	34.666181	9.204706	29.252062	4.207873	16.271556	-9.189920	34.680488	9.217754	32.841576	7.797387	
127	16.260648	-9.202086	34.675010	9.213534	29.257507	4.213317	16.262728	-9.198748	34.679605	9.216872	32.846972	7.802783	
128	16.260942	-9.201791	34.677953	9.216477	32.848778	4.215126	16.259784	-9.201691	34.679311	9.216577	29.259315	7.804588	
129	16.263886	-9.198848	34.678247	9.216772	32.846972	7.802783	16.259490	-9.201986	34.676368	9.213634	29.257507	4.213317	
130	16.272714	-9.190020	34.679130	9.217654	32.841576	7.797387	16.258607	-9.202869	34.667540	9.204806	29.252062	4.207873	
131	16.287421	-9.175313	34.680601	9.219125	32.832651	7.788462	16.257136	-9.204339	34.652833	9.190099	29.242927	4.198738	
132	16.307996	-9.154738	34.682659	9.221183	32.820300	7.776110	16.255078	-9.206397	34.632258	9.169524	29.230010	4.185821	
133	16.334425	-9.128309	34.685303	9.223827	32.804663	7.760474	16.252434	-9.209041	34.605829	9.143095	29.213185	4.168995	
134	16.366690	-9.096044	34.688531	9.227055	32.785924	7.741735	16.249206	-9.212269	34.573564	9.110830	29.192287	4.148098	
135	16.404768	-9.057966	34.692342	9.230866	32.764304	7.720115	16.245396	-9.216080	34.535485	9.072751	29.167121	4.122931	
136	16.448633	-9.014101	34.696732	9.235257	32.740060	7.695871	16.241005	-9.220471	34.491620	9.028886	29.137456	4.093267	
137	16.498254	-8.964480	34.701701	9.240225	32.713486	7.669297	16.236037	-9.225439	34.441999	8.979265	29.103032	4.058843	
138	16.553596	-8.909137	34.707243	9.245768	32.684908	7.640719	16.230494	-9.230982	34.386657	8.923923	29.063560	4.019371	
139	16.614621	-8.848113	34.713358	9.251882	32.654680	7.610490	16.224380	-9.237096	34.325633	8.862899	29.018726	3.974537	
140	16.681284	-8.781449	34.720039	9.258564	32.623180	7.578991	16.217698	-9.243778	34.258969	8.796235	28.968197	3.924008	
141	16.753540	-8.709194	34.727285	9.265809	32.590806	7.546617	16.210452	-9.251024	34.186714	8.723980	28.911625	3.867436	
142	16.831335	-8.631399	34.735090	9.273614	32.557968	7.513779	16.202647	-9.258828	34.108918	8.646184	28.848654	3.804464	
143	16.914615	-8.548119	34.743450	9.281974	32.525080	7.480891	16.194288	-9.267188	34.025638	8.562904	28.778926	3.734737	
144	17.003320	-8.459414	34.752359	9.290883	32.492554	7.448364	16.185378	-9.276098	33.936934	8.474200	28.702094	3.657904	
145	17.097384	-8.365350	34.761813	9.300337	32.460788	7.416599	16.175924	-9.285552	33.842870	8.380136	28.617822	3.573633	
146	17.196738	-8.265995	34.771806	9.310330	32.430165	7.385975	16.165931	-9.295545	33.743515	8.280781	28.525800	3.481611	
147	17.301311	-8.161423	34.782332	9.320856	32.401036	7.356847	16.155405	-9.306070	33.638943	8.176209	28.425749	3.381559	
148	17.411022	-8.051711	34.793384	9.331909	32.373723	7.329533	16.144353	-9.317123	33.529231	8.066497	28.317426	3.273236	
149	17.525791	-7.936943	34.804957	9.343481	32.348505	7.304316	16.132780	-9.328695	33.414463	7.951729	28.200632	3.156443	
150	17.645528	-7.817206	34.817043	9.355567	32.325623	7.281433	16.120694	-9.340781	33.294725	7.831991	28.075214	3.031025	
151	17.770142	-7.692591	34.829635	9.368159	32.305269	7.261080	16.108103	-9.353373	33.170111	7.707377	27.941067	2.896877	
152	17.899535	-7.563199	34.842725	9.381249	32.287596	7.243406	16.095012	-9.366464	33.040718	7.577984	27.798133	2.753943	
153	18.033604	-7.429130	34.856306	9.394830	32.272709	7.228520	16.081431	-9.380045	32.906650	7.443916	27.646402	2.602213	
154	18.172239	-7.290494	34.870370	9.408894	32.260676	7.216487	16.067367	-9.394108	32.768014	7.305280	27.485907	2.441718	
155	18.315327	-7.147407	34.884908	9.423432	32.251529	7.207340	16.052829	-9.408646	32.624926	7.162192	27.316721	2.272532	
156	18.462746	-6.999988	34.899911	9.438436	32.245267	7.201077	16.037826	-9.423650	32.477507	7.014773	27.138952	2.094763	
157	18.614368	-6.848365	34.915372	9.453896	32.241861	7.197671	16.022365	-9.439110	32.325885	6.863151	26.952739	1.908549	
158	18.770059	-6.692675	34.931279	9.469804	32.241261	7.197072	16.006458	-9.455018	32.170195	6.707461	26.758246	1.714056	
159	18.929674	-6.533060	34.947625	9.486149	32.243400	7.199210	15.990112	-9.471364	32.010579	6.547845	26.555659	1.511469	
160	19.093063	-6.369671	34.964399	9.502923	32.248194	7.204005	15.973338	-9.488138	31.847190	6.384456	26.345181	1.300991	
161	19.260064	-6.202670	34.981591	9.520115	32.255552	7.211363	15.956146	-9.505330	31.680190	6.217456	26.127027	1.082838	
162	19.430504	-6.032230	34.999191	9.537715	32.265375	7.221186	15.938546	-9.522930	31.509749	6.047015	25.901425	0.857236	
163	19.604200	-5.858534	35.017188	9.555713	32.277560	7.233370	15.920549	-9.540927	31.336053	5.873319	25.668608	0.624418	
164	19.780953	-5.681780	35.035572	9.574097	32.291999	7.247810	15.902165	-9.559311	31.159300	5.696566	25.428814	0.384624	
165	19.960550	-5.502184	35.054332	9.592856	32.308588	7.264398	15.883405	-9.578071	30.979703	5.516970	25.182284	0.138095	
166	20.142758	-5.319976	35.073456	9.611981	32.327221	7.283031	15.864281	-9.597195	30.797495	5.334761	24.929264	-0.114925	
167	20.327324	-5.135410	35.092933	9.631458	32.347794	7.303604	15.844804	-9.616672	30.612929	5.150196	24.669998	-0.374191	
168	20.513969	-4.948765	35.112752	9.651276	32.370206	7.326016	15.824985	-9.636491	30.426284	4.963551	24.404730	-0.639459	
169	20.702384	-4.760350	35.132900	9.671424	32.394359	7.350170	15.804837	-9.656639	30.237869	4.775135	24.133705	-0.910484	
170	20.892225	-4.570509	35.153366	9.691890	32.420160	7.375970	15.784372	-9.677104	30.048028	4.585295	23.857167	-1.187023	
171	21.083103	-4.379631	35.174136	9.712660	32.447516	7.403326	15.763601	-9.697875	29.857150	4.394416	23.575356	-1.468833	
172	21.274578	-4.188156	35.195200	9.733724	32.476339	7.432150	15.742538	-9.718938	29.665676	4.202942	23.288515	-1.755675	
173	21.466143	-3.996591	35.216543	9.755067	32.506547	7.462358	15.721194	-9.740282	29.474110	4.011376	22.996882	-2.047307	
174	21.657213	-3.805521	35.238154	9.776678	32.538058	7.493869	15.699583	-9.761892	29.283040	3.820306	22.700696	-2.343493	
175	21.847103	-3.615631	35.260019	9.798543	32.570795	7.526606	15.677718	-9.783758	29.093151	3.630417	22.400194	-2.643996	
176	22.035004	-3.427730	35.282126	9.820650	32.604685	7.560495	15.655612	-9.805864	28.905249	3.442516	22.095610	-2.948580	
177	22.219955	-3.242779	35.304460	9.842984	32.639655	7.595465	15.633277	-9.828198	28.720299	3.257565	21.787179	-3.257011	
178	22.400802	-3.061932	35.327009	9.865533	32.675638	7.631448	15.610728	-9.850747	28.539452	3.076718	21.475134	-3.569056	
179	22.576156	-2.886577	35.349759	9.888283	32.712568	7.668379	15.587978	-9.873498	28.364097	2.901363	21.159706	-3.884483	
180	22.744342	-2.718392	35.372696	9.911221	32.750383	7.706193	15.565041	-9.896435	28.195911	2.733177	20.841127	-4.203063	
181	22.903341	-2.559393	35.395807	9.934332	32.789021	7.744831	15.541930	-9.919546	28.036913	2.574179	20.519626	-4.524564	
182	23.050745	-2.411989	35.419078	9.957602	32.828423	7.784234	15.518659	-9.942817	27.889509	2.426775	20.195432	-4.848757	
183	23.183735	-2.278999	35.442495	9.981019	32.868534	7.824345	15.495243	-9.966233	27.756518	2.293784	19.868774	-5.175416	
184	23.299115	-2.163619	35.466043	10.004567	32.909299	7.865110	15.471695	-9.989781	27.641139	2.178405	19.539878	-5.504311	
185	23.393438	-2.069295	35.489708	10.028232	32.950664	7.906475	15.448029	-10.013447	27.546815	2.084081	19.208972	-5.835218	
186	23.463276	-1.999458	35.513477	10.052001	32.992579	7.948389	15.424260	-10.037215	27.476977	2.014243	18.876280	-6.167909	
187	23.505617	-1.957117	35.537334	10.075859	33.034992	7.990803	15.400403	-10.061073	27.434637	1.971903	18.542029	-6.502160	
188	27.421913	1.959179	35.561267	10.099791	33.077856	8.033667	15.376471	-10.085005	23.518341	-1.944393	18.206443	-6.837747	
189	27.439634	1.976900	35.585259	10.123783	33.121124	8.076935	15.352478	-10.108998	23.500620	-1.962114	17.869744	-7.174445	
190	27.487176	2.024442	35.609297	10.147821	33.164749	8.120559	15.328440	-10.133036	23.453078	-2.009656	17.532156	-7.512033	
191	27.562608	2.099874	35.633366	10.171890	33.208686	8.164497	15.304371	-10.157105	23.377645	-2.085088	17.193902	-7.850288	
192	27.663087	2.200353	35.657452	10.195976	33.252892	8.208702	15.280285	-10.181191	23.277166	-2.185568	16.855202	-8.188988	
193	27.785322	2.322588	35.681540	10.220064	33.297323	8.253133	15.256197	-10.205279	23.154932	-2.307802	16.516276	-8.527914	
194	27.925975	2.463242	35.705616	10.244140	33.341937	8.297747	15.232121	-10.229354	23.014278	-2.448456	16.177344	-8.866845	
195	28.081935	2.619201	35.729665	10.268189	33.386693	8.342504	15.208072	-10.253403	22.858319	-2.604415	15.838625	-9.205564	
196	28.250442	2.787708	35.753672	10.292196	33.431552	8.387362	15.184065	-10.277411	22.689811	-2.772923	15.500336	-9.543854	
197	28.429134	2.966401	35.777624	10.316148	33.476472	8.432283	15.160113	-10.301362	22.511119	-2.951615	15.162693	-9.881496	
198	28.616024	3.153290	35.801505	10.340029	33.521416	8.477226	15.136232	-10.325243	22.324230	-3.138504	14.825912	-10.218278	
199	28.809455	3.346721	35.825301	10.363826	33.566345	8.522155	15.112436	-10.349040	22.130799	-3.331935	14.490206	-10.553984	
200	29.008051	3.545317	35.848999	10.387523	33.611222	8.567032	15.088738	-10.372737	21.932203	-3.530531	14.155788	-10.888402	
201	29.210666	3.747932	35.872583	10.411107	33.656009	8.611820	15.065155	-10.396321	21.729587	-3.733147	13.822869	-11.221320	
202	29.416342	3.953608	35.896039	10.434563	33.700672	8.656482	15.041698	-10.419777	21.523911	-3.938823	13.491660	-11.552530	
203	29.624269	4.161535	35.919353	10.457877	33.745173	8.700984	15.018384	-10.443092	21.315984	-4.146750	13.162367	-11.881822	
204	29.833759	4.371025	35.942511	10.481036	33.789479	8.745290	14.995226	-10.466250	21.106494	-4.356240	12.835198	-12.208991	
205	30.044221	4.581487	35.965500	10.504024	33.833555	8.789365	14.972237	-10.489238	20.896033	-4.566701	12.510358	-12.533832	
206	30.255140	4.792406	35.988304	10.526829	33.877366	8.833177	14.949433	-10.512043	20.685114	-4.777620	12.188049	-12.856141	
207	30.466067	5.003333	36.010911	10.549435	33.920881	8.876692	14.926826	-10.534650	20.474186	-4.988547	11.868472	-13.175718	
208	30.676604	5.213870	36.033307	10.571831	33.964066	8.919876	14.904431	-10.557045	20.263650	-5.199084	11.551826	-13.492363	
209	30.886394	5.423660	36.055477	10.594001	34.006889	8.962699	14.882260	-10.579216	20.053859	-5.408875	11.238309	-13.805881	
210	31.095117	5.632383	36.077409	10.615934	34.049318	9.005129	14.860328	-10.601148	19.845137	-5.617597	10.928114	-14.116076	
211	31.302479	5.839745	36.099090	10.637614	34.091324	9.047134	14.838647	-10.622829	19.637774	-5.824960	10.621434	-14.422756	
212	31.508214	6.045480	36.120506	10.659030	34.132874	9.088684	14.817231	-10.644245	19.432039	-6.030694	10.318459	-14.725731	
213	31.712074	6.249340	36.141645	10.680169	34.173939	9.129750	14.796093	-10.665383	19.228180	-6.234554	10.019375	-15.024814	
214	31.913829	6.451095	36.162492	10.701017	34.214491	9.170302	14.775245	-10.686231	19.026425	-6.436309	9.724369	-15.319820	
215	32.113264	6.650530	36.183037	10.721561	34.254500	9.210310	14.754700	-10.706776	18.826989	-6.635744	9.433622	-15.610567	
216	32.310179	6.847445	36.203266	10.741791	34.293937	9.249748	14.734471	-10.727005	18.630075	-6.832659	9.147313	-15.896876	
217	32.504382	7.041648	36.223168	10.761692	34.332776	9.288587	14.714569	-10.746906	18.435872	-7.026862	8.865619	-16.178571	
218	32.695694	7.232961	36.242729	10.781254	34.370990	9.326800	14.695008	-10.766468	18.244559	-7.218175	8.588712	-16.455478	
219	32.883945	7.421211	36.261939	10.800464	34.408551	9.364361	14.675798	-10.785678	18.056309	-7.406425	8.316764	-16.727426	
220	33.068970	7.606237	36.280786	10.819310	34.445433	9.401244	14.656951	-10.804524	17.871283	-7.591451	8.049941	-16.994249	
221	33.250616	7.787882	36.299258	10.837782	34.481612	9.437423	14.638480	-10.822996	17.689638	-7.773096	7.788407	-17.255783	
222	33.428732	7.965998	36.317343	10.855868	34.517063	9.472874	14.620394	-10.841082	17.511522	-7.951212	7.532323	-17.511867	
223	33.603177	8.140443	36.335032	10.873556	34.551762	9.507572	14.602705	-10.858771	17.337077	-8.125657	7.281845	-17.762344	
224	33.773813	8.311079	36.352313	10.890838	34.585684	9.541494	14.585424	-10.876052	17.166440	-8.296294	7.037128	-18.007061	
225	33.940511	8.477777	36.369176	10.907701	34.618807	9.574617	14.568561	-10.892915	16.999743	-8.462991	6.798321	-18.245868	
226	34.103142	8.640408	36.385611	10.924135	34.651109	9.606919	14.552126	-10.909350	16.837111	-8.625623	6.565571	-18.478618	
227	34.261587	8.798853	36.401607	10.940132	34.682567	9.638378	14.536130	-10.925346	16.678666	-8.784068	6.339020	-18.705170	
228	34.415729	8.952995	36.417156	10.955680	34.713162	9.668972	14.520582	-10.940894	16.524524	-8.938209	6.118806	-18.925383	
229	34.565456	9.102722	36.432246	10.970771	34.742871	9.698682	14.505491	-10.955985	16.374798	-9.087936	5.905065	-19.139125	
230	34.710660	9.247926	36.446871	10.985395	34.771676	9.727487	14.490867	-10.970609	16.229593	-9.233141	5.697926	-19.346263	
231	34.851239	9.388505	36.461019	10.999544	34.799558	9.755368	14.476718	-10.984758	16.089015	-9.373719	5.497518	-19.546672	
232	34.987093	9.524359	36.474684	11.013208	34.826497	9.782308	14.463053	-10.998422	15.953161	-9.509573	5.303961	-19.740229	
233	35.118127	9.655393	36.487856	11.026380	34.852476	9.808287	14.449881	-11.011594	15.822127	-9.640607	5.117374	-19.926815	
234	35.244250	9.781516	36.500528	11.039052	34.877478	9.833289	14.437209	-11.024266	15.696004	-9.766730	4.937871	-20.106318	
235	35.365376	9.902642	36.512692	11.051216	34.901487	9.857297	14.425046	-11.036430	15.574878	-9.887856	4.765563	-20.278627	
236	35.481421	10.018687	36.524340	11.062864	34.924486	9.880296	14.413397	-11.048078	15.458833	-10.003901	4.600553	-20.443637	
237	35.592307	10.129573	36.535466	11.073990	34.946460	9.902270	14.402272	-11.059204	15.347947	-10.114787	4.442942	-20.601247	
238	35.697958	10.235224	36.546062	11.084586	34.967395	9.923205	14.391675	-11.069801	15.242296	-10.220438	4.292827	-20.751362	
239	35.798303	10.335569	36.556123	11.094647	34.987277	9.943087	14.381614	-11.079861	15.141951	-10.320783	4.150299	-20.893890	
240	35.893274	10.430540	36.565642	11.104166	35.006093	9.961904	14.372095	-11.089380	15.046979	-10.415755	4.015446	-21.028744	
241	35.982809	10.520075	36.574613	11.113138	35.023831	9.979642	14.363124	-11.098352	14.957445	-10.505289	3.888348	-21.155841	
242	36.066847	10.604113	36.583032	11.121556	35.040480	9.996290	14.354706	-11.106770	14.873407	-10.589327	3.769085	-21.275105	
243	36.145332	10.682599	36.590892	11.129416	35.056027	10.011838	14.346845	-11.114630	14.794921	-10.667813	3.657728	-21.386462	
244	36.218213	10.755479	36.598189	11.136713	35.070464	10.026275	14.339548	-11.121928	14.722040	-10.740694	3.554345	-21.489845	
245	36.285441	10.822707	36.604919	11.143443	35.083781	10.039592	14.332818	-11.128658	14.654812	-10.807922	3.458999	-21.585190	
246	36.346972	10.884238	36.611078	11.149602	35.095969	10.051780	14.326660	-11.134816	14.593281	-10.869452	3.371749	-21.672441	
247	36.402765	10.940031	36.616661	11.155185	35.107021	10.062831	14.321076	-11.140399	14.537488	-10.925246	3.292647	-21.751542	
248	36.452784	10.990050	36.621666	11.160190	35.116928	10.072738	14.316072	-11.145404	14.487470	-10.975264	3.221742	-21.822447	
249	36.496995	11.034262	36.626089	11.164613	35.125685	10.081495	14.311649	-11.149827	14.443258	-11.019476	3.159077	-21.885113	
250	36.535371	11.072637	36.629927	11.168452	35.133286	10.089096	14.307810	-11.153666	14.404883	-11.057851	3.104689	-21.939500	
251	36.567885	11.105151	36.633180	11.171704	35.139726	10.095536	14.304558	-11.156918	14.372369	-11.090365	3.058613	-21.985576	
252	36.594516	11.131782	36.635843	11.174367	35.145000	10.100811	14.301894	-11.159582	14.345738	-11.116996	3.020876	-22.023313	
253	36.615247	11.152513	36.637917	11.176441	35.149106	10.104917	14.299821	-11.161655	14.325006	-11.137728	2.991501	-22.052688	
254	36.630065	11.167331	36.639398	11.177923	35.152041	10.107852	14.298339	-11.163137	14.310189	-11.152545	2.970507	-22.073683	
255	36.638960	11.176226	36.640288	11.178812	35.153803	10.109613	14.297449	-11.164026	14.301294	-11.161440	2.957905	-22.086285	
256	36.640584	11.179109	36.641925	11.179191	35.154390	10.110201	14.297153	-11.164405	14.298329	-11.164323	2.953703	-22.090486	
257	36.635952	11.173960	36.640033	11.177816	35.153215	10.109025	14.298988	-11.163030	14.303018	-11.159174	2.962106	-22.082084	
258	36.620475	11.158399	36.635942	11.173808	35.149683	10.105494	14.303060	-11.159023	14.318514	-11.143614	2.987301	-22.056888	
259	36.594579	11.132487	36.629240	11.167122	35.143779	10.099589	14.309759	-11.152336	14.344414	-11.117701	3.029255	-22.014934	
260	36.558354	11.096257	36.619856	11.157744	35.135472	10.091283	14.319141	-11.142958	14.380640	-11.081471	3.087909	-21.956280	
261	36.511856	11.049756	36.607766	11.145656	35.124724	10.080535	14.331231	-11.130870	14.427138	-11.034970	3.163181	-21.881008	
262	36.455148	10.993046	36.592945	11.130837	35.111484	10.067295	14.346051	-11.116051	14.483847	-10.978260	3.254967	-21.789222	
263	36.388303	10.926201	36.575367	11.113260	35.095690	10.051501	14.363629	-11.098474	14.550692	-10.911415	3.363139	-21.681051	
264	36.311410	10.849307	36.554999	11.092892	35.077269	10.033080	14.383997	-11.078107	14.627585	-10.834521	3.487547	-21.556643	
265	36.224569	10.762465	36.531806	11.069700	35.056139	10.011950	14.407190	-11.054914	14.714426	-10.747679	3.628019	-21.416171	
266	36.127892	10.665789	36.505747	11.043641	35.032206	9.988017	14.433249	-11.028855	14.811103	-10.651003	3.784359	-21.259830	
267	36.021507	10.559403	36.476777	11.014672	35.005368	9.961178	14.462218	-10.999886	14.917488	-10.544617	3.956354	-21.087836	
268	35.905551	10.443447	36.444850	10.982744	34.975512	9.931322	14.494146	-10.967958	15.033444	-10.428661	4.143764	-20.900426	
269	35.780174	10.318070	36.409912	10.947806	34.942516	9.898327	14.529084	-10.933020	15.158821	-10.303284	4.346332	-20.697858	
270	35.645540	10.183436	36.371908	10.909802	34.906251	9.862062	14.567088	-10.895017	15.293455	-10.168650	4.563779	-20.480410	
271	35.501822	10.039718	36.330780	10.868674	34.866578	9.822389	14.608216	-10.853889	15.437173	-10.024932	4.795808	-20.248381	
272	35.349207	9.887102	36.286466	10.824361	34.823352	9.779162	14.652529	-10.809575	15.589788	-9.872317	5.042101	-20.002089	
273	35.187891	9.725786	36.238903	10.776798	34.776419	9.732229	14.700092	-10.762012	15.751104	-9.711001	5.302321	-19.741868	
274	35.018082	9.555978	36.188024	10.725919	34.725619	9.681429	14.750971	-10.711133	15.920913	-9.541192	5.576115	-19.468075	
275	34.839999	9.377895	36.133762	10.671657	34.670787	9.626598	14.805233	-10.656871	16.098996	-9.363109	5.863110	-19.181079	
276	34.653871	9.191767	36.076047	10.613942	34.611753	9.567564	14.862949	-10.599156	16.285124	-9.176981	6.162919	-18.881271	
277	34.459936	8.997832	36.014808	10.552703	34.548341	9.504151	14.924187	-10.537917	16.479059	-8.983046	6.475136	-18.569054	
278	34.258443	8.796339	35.949974	10.487869	34.480371	9.436181	14.989021	-10.473083	16.680552	-8.781553	6.799342	-18.244848	
279	34.049650	8.587545	35.881474	10.419369	34.407661	9.363471	15.057521	-10.404583	16.889345	-8.572760	7.135102	-17.909087	
280	33.833823	8.371718	35.809236	10.347131	34.330025	9.285835	15.129759	-10.332346	17.105172	-8.356933	7.481968	-17.562222	
281	33.611238	8.149133	35.733191	10.271086	34.247277	9.203087	15.205805	-10.256300	17.327758	-8.134347	7.839478	-17.204712	
282	33.382178	7.920073	35.653268	10.191163	34.159228	9.115039	15.285728	-10.176377	17.556817	-7.905288	8.207157	-16.837032	
283	33.146936	7.684831	35.569400	10.107295	34.065692	9.021502	15.369596	-10.092509	17.792059	-7.670045	8.584520	-16.459669	
284	32.905811	7.443706	35.481522	10.019417	33.966480	8.922291	15.457473	-10.004631	18.033185	-7.428920	8.971071	-16.073118	
285	32.659110	7.197005	35.389573	9.927468	33.861408	8.817219	15.549423	-9.912682	18.279885	-7.182219	9.366302	-15.677887	
286	32.407148	6.945043	35.293493	9.831388	33.750294	8.706104	15.645502	-9.816603	18.531848	-6.930257	9.769697	-15.274493	
287	32.150246	6.688142	35.193230	9.731125	33.632956	8.588767	15.745765	-9.716339	18.788749	-6.673356	10.180731	-14.863459	
288	31.888734	6.426629	35.088734	9.626629	33.509223	8.465033	15.850261	-9.611844	19.050261	-6.411844	10.598871	-14.445319	
289	31.622947	6.160842	34.979964	9.517859	33.378924	8.334734	15.959032	-9.503073	19.316048	-6.146056	11.023576	-14.020614	
290	31.353228	5.891123	34.866883	9.404778	33.241897	8.197708	16.072113	-9.389992	19.585768	-5.876337	11.454299	-13.589891	
291	31.079926	5.617821	34.749464	9.287359	33.097990	8.053801	16.189532	-9.272573	19.859069	-5.603036	11.890486	-13.153704	
292	30.803400	5.341295	34.627689	9.165584	32.947057	7.902868	16.311307	-9.150798	20.135596	-5.326509	12.331578	-12.712612	
293	30.524014	5.061909	34.501550	9.039445	32.788965	7.744776	16.437445	-9.024660	20.414982	-5.047123	12.777009	-12.267180	
294	30.242142	4.780037	34.371053	8.908948	32.623592	7.579403	16.567942	-8.894162	20.696854	-4.765251	13.226209	-11.817981	
295	29.958167	4.496062	34.236215	8.774110	32.450831	7.406642	16.702781	-8.759324	20.980828	-4.481277	13.678601	-11.365588	
296	29.672483	4.210379	34.097070	8.634966	32.270591	7.226401	16.841925	-8.620180	21.266512	-4.195593	14.133603	-10.910586	
297	29.385496	3.923391	33.953672	8.491567	32.082797	7.038608	16.985323	-8.476782	21.553499	-3.908605	14.590627	-10.453563	
298	29.097625	3.635520	33.806094	8.343989	31.887398	6.843209	17.132901	-8.329204	21.841371	-3.620734	15.049076	-9.995114	
299	28.809306	3.347201	33.654435	8.192330	31.684365	6.640176	17.284561	-8.177544	22.129689	-3.332415	15.508345	-9.535845	
300	28.520996	3.058892	33.498821	8.036716	31.473697	6.429507	17.440174	-8.021931	22.417999	-3.044106	15.967818	-9.076372	
301	28.233177	2.771073	33.339415	7.877310	31.255425	6.211235	17.599580	-7.862525	22.705818	-2.756287	16.426864	-8.617325	
302	27.946360	2.484255	33.176419	7.714314	31.029618	5.985428	17.762577	-7.699528	22.992635	-2.469470	16.884835	-8.159354	
303	27.661094	2.198989	33.010083	7.547978	30.796391	5.752202	17.928913	-7.533192	23.277901	-2.184203	17.341056	-7.703134	
304	27.377975	1.915871	32.840717	7.378612	30.555915	5.511725	18.098278	-7.363827	23.561020	-1.901085	17.794819	-7.249370	
305	27.097660	1.635556	32.668704	7.206599	30.308427	5.264237	18.270291	-7.191814	23.841335	-1.620770	18.245373	-6.798816	
306	26.820881	1.358777	32.494515	7.032410	30.054251	5.010061	18.444481	-7.017624	24.118114	-1.343991	18.691905	-6.352284	
307	26.548467	1.086362	32.318731	6.856626	29.793819	4.749629	18.620264	-6.841840	24.390528	-1.071576	19.133520	-5.910670	
308	26.281371	0.819266	32.142074	6.679969	29.527707	4.483518	18.796922	-6.665183	24.657625	-0.804480	19.569204	-5.474986	
309	26.020706	0.558601	31.965438	6.503333	29.256681	4.212492	18.973558	-6.488547	24.918289	-0.543815	19.997783	-5.046406	
310	25.767792	0.305687	31.789940	6.327835	28.981765	3.937576	19.149055	-6.313049	25.171203	-0.290901	20.417855	-4.626334	
311	25.524212	0.062107	31.616978	6.154873	28.704343	3.660153	19.322018	-6.140087	25.414783	-0.047322	20.827686	-4.216503	
312	25.291884	-0.170221	31.448299	5.986194	28.426307	3.382118	19.490697	-5.971408	25.647111	0.185007	21.225063	-3.819126	
313	25.073145	-0.388960	31.286086	5.823981	28.150287	3.106097	19.652909	-5.809195	25.865850	0.403746	21.607071	-3.437119	
314	24.870835	-0.591269	31.133045	5.670940	27.879981	2.835792	19.805951	-5.656154	26.068160	0.606055	21.969754	-3.074436	
315	24.688368	-0.773737	30.992468	5.530363	27.620653	2.576464	19.946527	-5.515578	26.250627	0.788522	22.307628	-2.736562	
316	24.529736	-0.932369	30.868249	5.406144	27.379792	2.335602	20.070747	-5.391358	26.409260	0.947155	22.613013	-2.431176	
317	24.399391	-1.062714	30.764756	5.302651	27.167844	2.123655	20.174240	-5.287865	26.539604	1.077500	22.875308	-2.168881	
318	24.301919	-1.160186	30.686510	5.224405	26.998533	1.954343	20.252485	-5.209620	26.637076	1.174971	23.080669	-1.963521	
319	24.241458	-1.220647	30.637603	5.175499	26.887616	1.843427	20.301392	-5.160713	26.697538	1.235433	23.213250	-1.830939	
320	24.220947	-1.241158	30.620947	5.158842	26.848778	1.804588	20.318048	-5.144057	26.718048	1.255943	23.259315	-1.784874	
321	20.301392	-5.160713	26.697538	1.235433	23.213250	-1.830939	24.241458	-1.220647	30.637603	5.175499	26.887616	1.843427	
322	20.252485	-5.209620	26.637076	1.174971	23.080669	-1.963521	24.301919	-1.160186	30.686510	5.224405	26.998533	1.954343	
323	20.174240	-5.287865	26.539604	1.077500	22.875308	-2.168881	24.399391	-1.062714	30.764756	5.302651	27.167844	2.123655	
324	20.070747	-5.391358	26.409260	0.947155	22.613013	-2.431176	24.529736	-0.932369	30.868249	5.406144	27.379792	2.335602	
325	19.946527	-5.515578	26.250627	0.788522	22.307628	-2.736562	24.688368	-0.773737	30.992468	5.530363	27.620653	2.576464	
326	19.805951	-5.656154	26.068160	0.606055	21.969754	-3.074436	24.870835	-0.591269	31.133045	5.670940	27.879981	2.835792	
327	19.652909	-5.809195	25.865850	0.403746	21.607071	-3.437119	25.073145	-0.388960	31.286086	5.823981	28.150287	3.106097	
328	19.490697	-5.971408	25.647111	0.185007	21.225063	-3.819126	25.291884	-0.170221	31.448299	5.986194	28.426307	3.382118	
329	19.322018	-6.140087	25.414783	-0.047322	20.827686	-4.216503	25.524212	0.062107	31.616978	6.154873	28.704343	3.660153	
330	19.149055	-6.313049	25.171203	-0.290901	20.417855	-4.626334	25.767792	0.305687	31.789940	6.327835	28.981765	3.937576	
331	18.973558	-6.488547	24.918289	-0.543815	19.997783	-5.046406	26.020706	0.558601	31.965438	6.503333	29.256681	4.212492	
332	18.796922	-6.665183	24.657625	-0.804480	19.569204	-5.474986	26.281371	0.819266	32.142074	6.679969	29.527707	4.483518	
333	18.620264	-6.841840	24.390528	-1.071576	19.133520	-5.910670	26.548467	1.086362	32.318731	6.856626	29.793819	4.749629	
334	18.444481	-7.017624	24.118114	-1.343991	18.691905	-6.352284	26.820881	1.358777	32.494515	7.032410	30.054251	5.010061	
335	18.270291	-7.191814	23.841335	-1.620770	18.245373	-6.798816	27.097660	1.635556	32.668704	7.206599	30.308427	5.264237	
336	18.098278	-7.363827	23.561020	-1.901085	17.794819	-7.249370	27.377975	1.915871	32.840717	7.378612	30.555915	5.511725	
337	17.928913	-7.533192	23.277901	-2.184203	17.341056	-7.703134	27.661094	2.198989	33.010083	7.547978	30.796391	5.752202	
338	17.762577	-7.699528	22.992635	-2.469470	16.884835	-8.159354	27.946360	2.484255	33.176419	7.714314	31.029618	5.985428	
339	17.599580	-7.862525	22.705818	-2.756287	16.426864	-8.617325	28.233177	2.771073	33.339415	7.877310	31.255425	6.211235	
340	17.440174	-8.021931	22.417999	-3.044106	15.967818	-9.076372	28.520996	3.058892	33.498821	8.036716	31.473697	6.429507	
341	17.284561	-8.177544	22.129689	-3.332415	15.508345	-9.535845	28.809306	3.347201	33.654435	8.192330	31.684365	6.640176	
342	17.132901	-8.329204	21.841371	-3.620734	15.049076	-9.995114	29.097625	3.635520	33.806094	8.343989	31.887398	6.843209	
343	16.985323	-8.476782	21.553499	-3.908605	14.590627	-10.453563	29.385496	3.923391	33.953672	8.491567	32.082797	7.038608	
344	16.841925	-8.620180	21.266512	-4.195593	14.133603	-10.910586	29.672483	4.210379	34.097070	8.634966	32.270591	7.226401	
345	16.702781	-8.759324	20.980828	-4.481277	13.678601	-11.365588	29.958167	4.496062	34.236215	8.774110	32.450831	7.406642	
346	16.567942	-8.894162	20.696854	-4.765251	13.226209	-11.817981	30.242142	4.780037	34.371053	8.908948	32.623592	7.579403	
347	16.437445	-9.024660	20.414982	-5.047123	12.777009	-12.267180	30.524014	5.061909	34.501550	9.039445	32.788965	7.744776	
348	16.311307	-9.150798	20.135596	-5.326509	12.331578	-12.712612	30.803400	5.341295	34.627689	9.165584	32.947057	7.902868	
349	16.189532	-9.272573	19.859069	-5.603036	11.890486	-13.153704	31.079926	5.617821	34.749464	9.287359	33.097990	8.053801	
350	16.072113	-9.389992	19.585768	-5.876337	11.454299	-13.589891	31.353228	5.891123	34.866883	9.404778	33.241897	8.197708	
351	15.959032	-9.503073	19.316048	-6.146056	11.023576	-14.020614	31.622947	6.160842	34.979964	9.517859	33.378924	8.334734	
352	15.850261	-9.611844	19.050261	-6.411844	10.598871	-14.445319	31.888734	6.426629	35.088734	9.626629	33.509223	8.465033	
353	15.745765	-9.716339	18.788749	-6.673356	10.180731	-14.863459	32.150246	6.688142	35.193230	9.731125	33.632956	8.588767	
354	15.645502	-9.816603	18.531848	-6.930257	9.769697	-15.274493	32.407148	6.945043	35.293493	9.831388	33.750294	8.706104	
355	15.549423	-9.912682	18.279885	-7.182219	9.366302	-15.677887	32.659110	7.197005	35.389573	9.927468	33.861408	8.817219	
356	15.457473	-10.004631	18.033185	-7.428920	8.971071	-16.073118	32.905811	7.443706	35.481522	10.019417	33.966480	8.922291	
357	15.369596	-10.092509	17.792059	-7.670045	8.584520	-16.459669	33.146936	7.684831	35.569400	10.107295	34.065692	9.021502	
358	15.285728	-10.176377	17.556817	-7.905288	8.207157	-16.837032	33.382178	7.920073	35.653268	10.191163	34.159228	9.115039	
359	15.205805	-10.256300	17.327758	-8.134347	7.839478	-17.204712	33.611238	8.149133	35.733191	10.271086	34.247277	9.203087	
360	15.129759	-10.332346	17.105172	-8.356933	7.481968	-17.562222	33.833823	8.371718	35.809236	10.347131	34.330025	9.285835	
361	15.057521	-10.404583	16.889345	-8.572760	7.135102	-17.909087	34.049650	8.587545	35.881474	10.419369	34.407661	9.363471	
362	14.989021	-10.473083	16.680552	-8.781553	6.799342	-18.244848	34.258443	8.796339	35.949974	10.487869	34.480371	9.436181	
363	14.924187	-10.537917	16.479059	-8.983046	6.475136	-18.569054	34.459936	8.997832	36.014808	10.552703	34.548341	9.504151	
364	14.862949	-10.599156	16.285124	-9.176981	6.162919	-18.881271	34.653871	9.191767	36.076047	10.613942	34.611753	9.567564	
365	14.805233	-10.656871	16.098996	-9.363109	5.863110	-19.181079	34.839999	9.377895	36.133762	10.671657	34.670787	9.626598	
366	14.750971	-10.711133	15.920913	-9.541192	5.576115	-19.468075	35.018082	9.555978	36.188024	10.725919	34.725619	9.681429	
367	14.700092	-10.762012	15.751104	-9.711001	5.302321	-19.741868	35.187891	9.725786	36.238903	10.776798	34.776419	9.732229	
368	14.652529	-10.809575	15.589788	-9.872317	5.042101	-20.002089	35.349207	9.887102	36.286466	10.824361	34.823352	9.779162	
369	14.608216	-10.853889	15.437173	-10.024932	4.795808	-20.248381	35.501822	10.039718	36.330780	10.868674	34.866578	9.822389	
370	14.567088	-10.895017	15.293455	-10.168650	4.563779	-20.480410	35.645540	10.183436	36.371908	10.909802	34.906251	9.862062	
371	14.529084	-10.933020	15.158821	-10.303284	4.346332	-20.697858	35.780174	10.318070	36.409912	10.947806	34.942516	9.898327	
372	14.494146	-10.967958	15.033444	-10.428661	4.143764	-20.900426	35.905551	10.443447	36.444850	10.982744	34.975512	9.931322	
373	14.462218	-10.999886	14.917488	-10.544617	3.956354	-21.087836	36.021507	10.559403	36.476777	11.014672	35.005368	9.961178	
374	14.433249	-11.028855	14.811103	-10.651003	3.784359	-21.259830	36.127892	10.665789	36.505747	11.043641	35.032206	9.988017	
375	14.407190	-11.054914	14.714426	-10.747679	3.628019	-21.416171	36.224569	10.762465	36.531806	11.069700	35.056139	10.011950	
376	14.383997	-11.078107	14.627585	-10.834521	3.487547	-21.556643	36.311410	10.849307	36.554999	11.092892	35.077269	10.033080	
377	14.363629	-11.098474	14.550692	-10.911415	3.363139	-21.681051	36.388303	10.926201	36.575367	11.113260	35.095690	10.051501	
378	14.346051	-11.116051	14.483847	-10.978260	3.254967	-21.789222	36.455148	10.993046	36.592945	11.130837	35.111484	10.067295	
379	14.331231	-11.130870	14.427138	-11.034970	3.163181	-21.881008	36.511856	11.049756	36.607766	11.145656	35.124724	10.080535	
380	14.319141	-11.142958	14.380640	-11.081471	3.087909	-21.956280	36.558354	11.096257	36.619856	11.157744	35.135472	10.091283	
381	14.309759	-11.152336	14.344414	-11.117701	3.029255	-22.014934	36.594579	11.132487	36.629240	11.167122	35.143779	10.099589	
382	14.303060	-11.159023	14.318514	-11.143614	2.987301	-22.056888	36.620475	11.158399	36.635942	11.173808	35.149683	10.105494	
383	14.298988	-11.163030	14.303018	-11.159174	2.962106	-22.082084	36.635952	11.173960	36.640033	11.177816	35.153215	10.109025	
384	14.297153	-11.164405	14.298329	-11.164323	2.953703	-22.090486	36.640584	11.179109	36.641925	11.179191	35.154390	10.110201	
