#p	a1_up	a1_dn	b1_up	b1_dn	c1_up	c1_dn	a2_up	a2_dn	b2_up	b2_dn	c2_up	c2_dn	NaN
0	-0.129413	-0.021762	-0.129413	-0.021762	-11.398653	-11.288943	21.870593	21.978244	21.870593	21.978244	20.601351	20.711062	
1	-0.129111	-0.021461	-0.126401	-0.018750	-11.394437	-11.284726	21.867581	21.975232	21.870292	21.977943	20.600749	20.710460	
2	-0.128208	-0.020557	-0.117367	-0.009716	-11.381790	-11.272079	21.858548	21.966198	21.869388	21.977039	20.598942	20.708653	
3	-0.126703	-0.019052	-0.102317	0.005334	-11.360720	-11.251009	21.843498	21.951148	21.867883	21.975534	20.595932	20.705643	
4	-0.124597	-0.016947	-0.081260	0.026391	-11.331240	-11.221529	21.822440	21.930091	21.865778	21.973429	20.591721	20.701431	
5	-0.121892	-0.014241	-0.054208	0.053443	-11.293367	-11.183656	21.795388	21.903039	21.863073	21.970723	20.586310	20.696021	
6	-0.118589	-0.010938	-0.021178	0.086473	-11.247125	-11.137414	21.762358	21.870009	21.859770	21.967420	20.579704	20.689415	
7	-0.114690	-0.007039	0.017811	0.125462	-11.192540	-11.082830	21.723369	21.831020	21.855871	21.963521	20.571907	20.681617	
8	-0.110198	-0.002547	0.062735	0.170385	-11.129647	-11.019937	21.678446	21.786097	21.851378	21.959029	20.562922	20.672632	
9	-0.105115	0.002536	0.113566	0.221217	-11.058483	-10.948773	21.627614	21.735265	21.846295	21.953946	20.552755	20.662466	
10	-0.099444	0.008207	0.170275	0.277926	-10.979091	-10.869380	21.570906	21.678556	21.840624	21.948275	20.541414	20.651124	
11	-0.093189	0.014462	0.232827	0.340477	-10.891518	-10.781808	21.508354	21.616005	21.834369	21.942020	20.528903	20.638614	
12	-0.086353	0.021298	0.301184	0.408835	-10.795818	-10.686108	21.439996	21.547647	21.827533	21.935184	20.515232	20.624943	
13	-0.078941	0.028710	0.375305	0.482956	-10.692048	-10.582337	21.365875	21.473526	21.820121	21.927772	20.500408	20.610118	
14	-0.070957	0.036694	0.455147	0.562797	-10.580270	-10.470560	21.286034	21.393685	21.812137	21.919788	20.484439	20.594150	
15	-0.062405	0.045245	0.540659	0.648310	-10.460553	-10.350842	21.200521	21.308172	21.803586	21.911237	20.467337	20.577048	
16	-0.053292	0.054359	0.631792	0.739443	-10.332967	-10.223256	21.109389	21.217039	21.794473	21.902123	20.449110	20.558821	
17	-0.043622	0.064028	0.728490	0.836140	-10.197590	-10.087879	21.012691	21.120342	21.784803	21.892454	20.429771	20.539482	
18	-0.033402	0.074249	0.830694	0.938345	-10.054504	-9.944793	20.910486	21.018137	21.774582	21.882233	20.409330	20.519041	
19	-0.022637	0.085014	0.938344	1.045995	-9.903794	-9.794083	20.802836	20.910487	21.763817	21.871468	20.387800	20.497511	
20	-0.011334	0.096317	1.051374	1.159025	-9.745551	-9.635841	20.689806	20.797457	21.752514	21.860165	20.365194	20.474905	
21	0.000500	0.108151	1.169717	1.277368	-9.579871	-9.470161	20.571463	20.679114	21.740680	21.848331	20.341525	20.451236	
22	0.012859	0.120510	1.293301	1.400952	-9.406854	-9.297143	20.447880	20.555530	21.728322	21.835972	20.316809	20.426519	
23	0.025734	0.133385	1.422051	1.529702	-9.226604	-9.116893	20.319129	20.426780	21.715447	21.823097	20.291059	20.400769	
24	0.039118	0.146768	1.555891	1.663542	-9.039228	-8.929518	20.185290	20.292940	21.702063	21.809713	20.264291	20.374001	
25	0.053003	0.160653	1.694739	1.802389	-8.844841	-8.735130	20.046442	20.154092	21.688178	21.795829	20.236521	20.346232	
26	0.067380	0.175031	1.838511	1.946162	-8.643559	-8.533848	19.902669	20.010320	21.673801	21.781451	20.207767	20.317477	
27	0.082241	0.189892	1.987122	2.094773	-8.435504	-8.325793	19.754058	19.861709	21.658940	21.766590	20.178044	20.287755	
28	0.097577	0.205228	2.140482	2.248133	-8.220800	-8.111089	19.600698	19.708349	21.643604	21.751254	20.147372	20.257083	
29	0.113378	0.221029	2.298498	2.406149	-7.999578	-7.889867	19.442682	19.550333	21.627802	21.735453	20.115769	20.225480	
30	0.129636	0.237287	2.461075	2.568726	-7.771970	-7.662259	19.280105	19.387756	21.611544	21.719195	20.083254	20.192965	
31	0.146340	0.253991	2.628116	2.735766	-7.538113	-7.428402	19.113065	19.220716	21.594840	21.702491	20.049846	20.159556	
32	0.163481	0.271131	2.799519	2.907169	-7.298149	-7.188438	18.941662	19.049313	21.577700	21.685351	20.015565	20.125276	
33	0.181047	0.288698	2.975181	3.082832	-7.052222	-6.942511	18.766000	18.873650	21.560134	21.667784	19.980433	20.090143	
34	0.199028	0.306679	3.154997	3.262647	-6.800479	-6.690769	18.586184	18.693835	21.542152	21.649803	19.944470	20.054180	
35	0.217414	0.325065	3.338858	3.446508	-6.543074	-6.433363	18.402323	18.509974	21.523766	21.631417	19.907697	20.017408	
36	0.236194	0.343845	3.526653	3.634304	-6.280160	-6.170449	18.214527	18.322178	21.504986	21.612637	19.870138	19.979849	
37	0.255356	0.363006	3.718270	3.825921	-6.011896	-5.902186	18.022910	18.130561	21.485825	21.593475	19.831815	19.941526	
38	0.274888	0.382539	3.913593	4.021243	-5.738444	-5.628734	17.827588	17.935238	21.466292	21.573943	19.792750	19.902461	
39	0.294779	0.402430	4.112504	4.220154	-5.459969	-5.350258	17.628677	17.736327	21.446401	21.554052	19.752968	19.862679	
40	0.315017	0.422668	4.314883	4.422534	-5.176637	-5.066927	17.426297	17.533948	21.426163	21.533814	19.712492	19.822203	
41	0.335590	0.443240	4.520609	4.628260	-4.888621	-4.778910	17.220571	17.328222	21.405591	21.513242	19.671347	19.781058	
42	0.356485	0.464135	4.729558	4.837208	-4.596093	-4.486382	17.011623	17.119273	21.384696	21.492347	19.629557	19.739268	
43	0.377689	0.485340	4.941603	5.049254	-4.299229	-4.189518	16.799577	16.907228	21.363491	21.471142	19.587148	19.696859	
44	0.399191	0.506841	5.156617	5.264268	-3.998209	-3.888498	16.584563	16.692214	21.341990	21.449641	19.544146	19.653856	
45	0.420976	0.528627	5.374471	5.482122	-3.693213	-3.583502	16.366709	16.474360	21.320205	21.427855	19.500575	19.610285	
46	0.443032	0.550683	5.595033	5.702684	-3.384426	-3.274715	16.146147	16.253798	21.298148	21.405799	19.456462	19.566173	
47	0.465346	0.572997	5.818171	5.925822	-3.072033	-2.962322	15.923009	16.030660	21.275834	21.383485	19.411835	19.521546	
48	0.487904	0.595555	6.043749	6.151400	-2.756223	-2.646512	15.697431	15.805082	21.253277	21.360927	19.366719	19.476430	
49	0.510692	0.618343	6.271633	6.379284	-2.437185	-2.327474	15.469547	15.577198	21.230488	21.338139	19.321142	19.430853	
50	0.533697	0.641348	6.501685	6.609335	-2.115113	-2.005402	15.239496	15.347147	21.207483	21.315134	19.275132	19.384843	
51	0.556905	0.664556	6.733765	6.841416	-1.790199	-1.680488	15.007415	15.115066	21.184275	21.291926	19.228716	19.338427	
52	0.580303	0.687953	6.967736	7.075386	-1.462640	-1.352930	14.773445	14.881096	21.160878	21.268529	19.181922	19.291633	
53	0.603874	0.711525	7.203454	7.311105	-1.132633	-1.022923	14.537726	14.645377	21.137306	21.244957	19.134778	19.244489	
54	0.627607	0.735258	7.440779	7.548430	-0.800377	-0.690667	14.300401	14.408052	21.113573	21.221224	19.087313	19.197024	
55	0.651486	0.759137	7.679568	7.787219	-0.466072	-0.356362	14.061612	14.169263	21.089694	21.197345	19.039555	19.149266	
56	0.675497	0.783148	7.919677	8.027327	-0.129920	-0.020209	13.821504	13.929155	21.065684	21.173334	18.991533	19.101244	
57	0.699625	0.807276	8.160960	8.268611	0.207878	0.317589	13.580221	13.687871	21.041555	21.149206	18.943277	19.052987	
58	0.723857	0.831507	8.403273	8.510924	0.547118	0.656829	13.337907	13.445558	21.017324	21.124974	18.894814	19.004525	
59	0.748176	0.855827	8.646470	8.754120	0.887595	0.997306	13.094711	13.202362	20.993004	21.100655	18.846174	18.955885	
60	0.772570	0.880221	8.890403	8.998054	1.229105	1.338815	12.850777	12.958428	20.968610	21.076261	18.797387	18.907098	
61	0.797023	0.904673	9.134927	9.242577	1.571441	1.681151	12.606254	12.713904	20.944158	21.051809	18.748482	18.858193	
62	0.821519	0.929170	9.379893	9.487543	1.914397	2.024108	12.361288	12.468938	20.919661	21.027312	18.699489	18.809199	
63	0.846046	0.953697	9.625153	9.732804	2.257767	2.367478	12.116027	12.223678	20.895135	21.002785	18.650436	18.760147	
64	0.870587	0.978238	9.870559	9.978210	2.601344	2.711055	11.870621	11.978272	20.870593	20.978244	18.601354	18.711064	
65	0.895128	1.002779	10.115961	10.223612	2.944921	3.054632	11.625219	11.732870	20.846052	20.953703	18.552271	18.661982	
66	0.919655	1.027306	10.361206	10.468857	3.288291	3.398002	11.379974	11.487625	20.821526	20.929176	18.503218	18.612929	
67	0.944152	1.051802	10.606119	10.713770	3.631248	3.740958	11.135062	11.242712	20.797029	20.904680	18.454225	18.563935	
68	0.968604	1.076255	10.849258	10.956908	3.973584	4.083294	10.891923	10.999573	20.772576	20.880227	18.405320	18.515030	
69	0.992998	1.100649	11.094835	11.202486	4.315093	4.424804	10.646345	10.753996	20.748183	20.855833	18.356533	18.466244	
70	1.017318	1.124968	11.337961	11.445612	4.655570	4.765281	10.403219	10.510870	20.723863	20.831514	18.307893	18.417604	
71	1.041549	1.149200	11.580253	11.687903	4.994810	5.104520	10.160928	10.268578	20.699631	20.807282	18.259431	18.369141	
72	1.065677	1.173328	11.821526	11.929177	5.332608	5.442318	9.919654	10.027305	20.675503	20.783154	18.211174	18.320885	
73	1.089688	1.197339	12.061629	12.169279	5.668760	5.778471	9.679552	9.787203	20.651492	20.759143	18.163152	18.272863	
74	1.113567	1.221218	12.300414	12.408064	6.003065	6.112776	9.440767	9.548418	20.627613	20.735264	18.115395	18.225105	
75	1.137300	1.244951	12.537736	12.645387	6.335321	6.445032	9.203444	9.311095	20.603881	20.711531	18.067930	18.177640	
76	1.160872	1.268522	12.773453	12.881104	6.665328	6.775038	8.967727	9.075378	20.580309	20.687959	18.020786	18.130497	
77	1.184269	1.291920	13.007422	13.115073	6.992886	7.102597	8.733758	8.841409	20.556912	20.664562	17.973992	18.083703	
78	1.207477	1.315128	13.239502	13.347153	7.317800	7.427510	8.501679	8.609329	20.533704	20.641354	17.927576	18.037287	
79	1.230482	1.338133	13.469552	13.577203	7.639872	7.749583	8.271628	8.379279	20.510698	20.618349	17.881566	17.991277	
80	1.253270	1.360921	13.697435	13.805086	7.958909	8.068620	8.043745	8.151396	20.487910	20.595561	17.835990	17.945700	
81	1.275828	1.383479	13.923013	14.030664	8.274719	8.384430	7.818167	7.925818	20.465352	20.573003	17.790874	17.900585	
82	1.298142	1.405793	14.146151	14.253801	8.587112	8.696823	7.595030	7.702681	20.443038	20.550689	17.746247	17.855958	
83	1.320198	1.427849	14.366712	14.474363	8.895899	9.005610	7.374468	7.482119	20.420982	20.528633	17.702135	17.811845	
84	1.341984	1.449634	14.584566	14.692217	9.200894	9.310605	7.156615	7.264265	20.399197	20.506847	17.658564	17.768275	
85	1.363485	1.471136	14.799580	14.907231	9.501914	9.611625	6.941600	7.049251	20.377695	20.485346	17.615562	17.725272	
86	1.384690	1.492340	15.011625	15.119276	9.798778	9.908488	6.729555	6.837206	20.356491	20.464141	17.573153	17.682864	
87	1.405585	1.513235	15.220574	15.328224	10.091306	10.201016	6.520607	6.628258	20.335596	20.443247	17.531364	17.641074	
88	1.426157	1.533808	15.426299	15.533950	10.379322	10.489032	6.314881	6.422532	20.315023	20.422674	17.490219	17.599930	
89	1.446395	1.554046	15.628679	15.736329	10.662653	10.772363	6.112502	6.220153	20.294785	20.402436	17.449743	17.559454	
90	1.466286	1.573937	15.827589	15.935240	10.941128	11.050838	5.913591	6.021242	20.274894	20.382545	17.409962	17.519673	
91	1.485819	1.593469	16.022912	16.130563	11.214579	11.324290	5.718268	5.825919	20.255362	20.363013	17.370898	17.480609	
92	1.504980	1.612631	16.214529	16.322180	11.482842	11.592553	5.526652	5.634302	20.236200	20.343851	17.332575	17.442286	
93	1.523760	1.631410	16.402324	16.509975	11.745755	11.855466	5.338856	5.446507	20.217421	20.325071	17.295017	17.404727	
94	1.542146	1.649797	16.586185	16.693836	12.003160	12.112871	5.154995	5.262646	20.199035	20.306685	17.258245	17.367956	
95	1.560127	1.667778	16.766001	16.873652	12.254901	12.364612	4.975180	5.082830	20.181053	20.288704	17.222283	17.331994	
96	1.577694	1.685344	16.941663	17.049314	12.500828	12.610539	4.799517	4.907168	20.163487	20.271138	17.187151	17.296862	
97	1.594834	1.702485	17.113066	17.220717	12.740791	12.850502	4.628114	4.735765	20.146346	20.253997	17.152872	17.262582	
98	1.611538	1.719189	17.280106	17.387757	12.974647	13.084357	4.461074	4.568725	20.129642	20.237293	17.119465	17.229175	
99	1.627796	1.735446	17.442683	17.550334	13.202254	13.311964	4.298497	4.406148	20.113385	20.221035	17.086950	17.196661	
100	1.643597	1.751248	17.600699	17.708350	13.423475	13.533185	4.140481	4.248132	20.097583	20.205234	17.055349	17.165059	
101	1.658933	1.766584	17.754059	17.861710	13.638177	13.747888	3.987121	4.094772	20.082247	20.189898	17.024678	17.134389	
102	1.673794	1.781445	17.902670	18.010321	13.846231	13.955941	3.838510	3.946161	20.067386	20.175037	16.994958	17.104668	
103	1.688172	1.795822	18.046443	18.154093	14.047511	14.157221	3.694738	3.802389	20.053009	20.160660	16.966205	17.075916	
104	1.702056	1.809707	18.185291	18.292941	14.241896	14.351606	3.555890	3.663541	20.039124	20.146775	16.938437	17.048148	
105	1.715440	1.823091	18.319130	18.426781	14.429269	14.538979	3.422050	3.529701	20.025740	20.133391	16.911672	17.021383	
106	1.728315	1.835966	18.447880	18.555531	14.609517	14.719227	3.293300	3.400951	20.012865	20.120516	16.885924	16.995635	
107	1.740674	1.848325	18.571464	18.679115	14.782531	14.892242	3.169716	3.277367	20.000507	20.108157	16.861211	16.970922	
108	1.752508	1.860159	18.689807	18.797458	14.948207	15.057918	3.051374	3.159024	19.988672	20.096323	16.837546	16.947257	
109	1.763811	1.871462	18.802837	18.910488	15.106445	15.216156	2.938343	3.045994	19.977369	20.085020	16.814944	16.924655	
110	1.774576	1.882227	18.910487	19.018138	15.257150	15.366861	2.830693	2.938344	19.966604	20.074255	16.793419	16.903130	
111	1.784797	1.892447	19.012692	19.120342	15.400231	15.509942	2.728489	2.836140	19.956384	20.064035	16.772984	16.882694	
112	1.794466	1.902117	19.109389	19.217040	15.535601	15.645312	2.631791	2.739442	19.946714	20.054365	16.753651	16.863362	
113	1.803580	1.911230	19.200522	19.308173	15.663178	15.772889	2.540659	2.648309	19.937601	20.045252	16.735433	16.845144	
114	1.812131	1.919782	19.286035	19.393685	15.782886	15.892597	2.455146	2.562797	19.929050	20.036700	16.718341	16.828051	
115	1.820115	1.927766	19.365876	19.473526	15.894651	16.004362	2.375305	2.482956	19.921065	20.028716	16.702385	16.812096	
116	1.827527	1.935178	19.439997	19.547648	15.998405	16.108116	2.301183	2.408834	19.913653	20.021304	16.687577	16.797287	
117	1.834363	1.942014	19.508354	19.616005	16.094085	16.203796	2.232826	2.340477	19.906818	20.014468	16.673926	16.783636	
118	1.840618	1.948269	19.570906	19.678557	16.181631	16.291341	2.170274	2.277925	19.900562	20.008213	16.661442	16.771153	
119	1.846289	1.953940	19.627615	19.735266	16.260987	16.370697	2.113565	2.221216	19.894892	20.002542	16.650137	16.759847	
120	1.851372	1.959023	19.678447	19.786097	16.332100	16.441811	2.062734	2.170385	19.889808	19.997459	16.640021	16.749732	
121	1.855864	1.963515	19.723370	19.831021	16.394919	16.504630	2.017810	2.125461	19.885316	19.992967	16.631110	16.740821	
122	1.859763	1.967414	19.762359	19.870010	16.449390	16.559101	1.978822	2.086472	19.881417	19.989068	16.623426	16.733137	
123	1.863066	1.970717	19.795389	19.903040	16.495445	16.605156	1.945791	2.053442	19.878114	19.985765	16.617007	16.726718	
124	1.865771	1.973422	19.822441	19.930092	16.532978	16.642689	1.918739	2.026390	19.875409	19.983060	16.611937	16.721647	
125	1.867877	1.975528	19.843498	19.951149	16.561757	16.671467	1.897682	2.005333	19.873303	19.980954	16.608427	16.718137	
126	1.869382	1.977033	19.858548	19.966199	16.581179	16.690890	1.882632	1.990283	19.871798	19.979449	16.607064	16.716775	
127	1.870286	1.977936	19.867582	19.975233	16.590572	16.700283	1.873599	1.981249	19.870895	19.978546	16.608512	16.718222	
128	1.870587	1.978238	19.870594	19.978244	16.592709	16.592709	1.870587	1.978238	19.870594	19.978244	16.609989	16.702419	
129	1.873599	1.981249	19.870895	19.978546	16.608512	16.718222	1.870286	1.977936	19.867582	19.975233	16.590572	16.700283	
130	1.882632	1.990283	19.871798	19.979449	16.607064	16.716775	1.869382	1.977033	19.858548	19.966199	16.581179	16.690890	
131	1.897682	2.005333	19.873303	19.980954	16.608427	16.718137	1.867877	1.975528	19.843498	19.951149	16.561757	16.671467	
132	1.918739	2.026390	19.875409	19.983060	16.611937	16.721647	1.865771	1.973422	19.822441	19.930092	16.532978	16.642689	
133	1.945791	2.053442	19.878114	19.985765	16.617007	16.726718	1.863066	1.970717	19.795389	19.903040	16.495445	16.605156	
134	1.978822	2.086472	19.881417	19.989068	16.623426	16.733137	1.859763	1.967414	19.762359	19.870010	16.449390	16.559101	
135	2.017810	2.125461	19.885316	19.992967	16.631110	16.740821	1.855864	1.963515	19.723370	19.831021	16.394919	16.504630	
136	2.062734	2.170385	19.889808	19.997459	16.640021	16.749732	1.851372	1.959023	19.678447	19.786097	16.332100	16.441811	
137	2.113565	2.221216	19.894892	20.002542	16.650137	16.759847	1.846289	1.953940	19.627615	19.735266	16.260987	16.370697	
138	2.170274	2.277925	19.900562	20.008213	16.661442	16.771153	1.840618	1.948269	19.570906	19.678557	16.181631	16.291341	
139	2.232826	2.340477	19.906818	20.014468	16.673926	16.783636	1.834363	1.942014	19.508354	19.616005	16.094085	16.203796	
140	2.301183	2.408834	19.913653	20.021304	16.687577	16.797287	1.827527	1.935178	19.439997	19.547648	15.998405	16.108116	
141	2.375305	2.482956	19.921065	20.028716	16.702385	16.812096	1.820115	1.927766	19.365876	19.473526	15.894651	16.004362	
142	2.455146	2.562797	19.929050	20.036700	16.718341	16.828051	1.812131	1.919782	19.286035	19.393685	15.782886	15.892597	
143	2.540659	2.648309	19.937601	20.045252	16.735433	16.845144	1.803580	1.911230	19.200522	19.308173	15.663178	15.772889	
144	2.631791	2.739442	19.946714	20.054365	16.753651	16.863362	1.794466	1.902117	19.109389	19.217040	15.535601	15.645312	
145	2.728489	2.836140	19.956384	20.064035	16.772984	16.882694	1.784797	1.892447	19.012692	19.120342	15.400231	15.509942	
146	2.830693	2.938344	19.966604	20.074255	16.793419	16.903130	1.774576	1.882227	18.910487	19.018138	15.257150	15.366861	
147	2.938343	3.045994	19.977369	20.085020	16.814944	16.924655	1.763811	1.871462	18.802837	18.910488	15.106445	15.216156	
148	3.051374	3.159024	19.988672	20.096323	16.837546	16.947257	1.752508	1.860159	18.689807	18.797458	14.948207	15.057918	
149	3.169716	3.277367	20.000507	20.108157	16.861211	16.970922	1.740674	1.848325	18.571464	18.679115	14.782531	14.892242	
150	3.293300	3.400951	20.012865	20.120516	16.885924	16.995635	1.728315	1.835966	18.447880	18.555531	14.609517	14.719227	
151	3.422050	3.529701	20.025740	20.133391	16.911672	17.021383	1.715440	1.823091	18.319130	18.426781	14.429269	14.538979	
152	3.555890	3.663541	20.039124	20.146775	16.938437	17.048148	1.702056	1.809707	18.185291	18.292941	14.241896	14.351606	
153	3.694738	3.802389	20.053009	20.160660	16.966205	17.075916	1.688172	1.795822	18.046443	18.154093	14.047511	14.157221	
154	3.838510	3.946161	20.067386	20.175037	16.994958	17.104668	1.673794	1.781445	17.902670	18.010321	13.846231	13.955941	
155	3.987121	4.094772	20.082247	20.189898	17.024678	17.134389	1.658933	1.766584	17.754059	17.861710	13.638177	13.747888	
156	4.140481	4.248132	20.097583	20.205234	17.055349	17.165059	1.643597	1.751248	17.600699	17.708350	13.423475	13.533185	
157	4.298497	4.406148	20.113385	20.221035	17.086950	17.196661	1.627796	1.735446	17.442683	17.550334	13.202254	13.311964	
158	4.461074	4.568725	20.129642	20.237293	17.119465	17.229175	1.611538	1.719189	17.280106	17.387757	12.974647	13.084357	
159	4.628114	4.735765	20.146346	20.253997	17.152872	17.262582	1.594834	1.702485	17.113066	17.220717	12.740791	12.850502	
160	4.799517	4.907168	20.163487	20.271138	17.187151	17.296862	1.577694	1.685344	16.941663	17.049314	12.500828	12.610539	
161	4.975180	5.082830	20.181053	20.288704	17.222283	17.331994	1.560127	1.667778	16.766001	16.873652	12.254901	12.364612	
162	5.154995	5.262646	20.199035	20.306685	17.258245	17.367956	1.542146	1.649797	16.586185	16.693836	12.003160	12.112871	
163	5.338856	5.446507	20.217421	20.325071	17.295017	17.404727	1.523760	1.631410	16.402324	16.509975	11.745755	11.855466	
164	5.526652	5.634302	20.236200	20.343851	17.332575	17.442286	1.504980	1.612631	16.214529	16.322180	11.482842	11.592553	
165	5.718268	5.825919	20.255362	20.363013	17.370898	17.480609	1.485819	1.593469	16.022912	16.130563	11.214579	11.324290	
166	5.913591	6.021242	20.274894	20.382545	17.409962	17.519673	1.466286	1.573937	15.827589	15.935240	10.941128	11.050838	
167	6.112502	6.220153	20.294785	20.402436	17.449743	17.559454	1.446395	1.554046	15.628679	15.736329	10.662653	10.772363	
168	6.314881	6.422532	20.315023	20.422674	17.490219	17.599930	1.426157	1.533808	15.426299	15.533950	10.379322	10.489032	
169	6.520607	6.628258	20.335596	20.443247	17.531364	17.641074	1.405585	1.513235	15.220574	15.328224	10.091306	10.201016	
170	6.729555	6.837206	20.356491	20.464141	17.573153	17.682864	1.384690	1.492340	15.011625	15.119276	9.798778	9.908488	
171	6.941600	7.049251	20.377695	20.485346	17.615562	17.725272	1.363485	1.471136	14.799580	14.907231	9.501914	9.611625	
172	7.156615	7.264265	20.399197	20.506847	17.658564	17.768275	1.341984	1.449634	14.584566	14.692217	9.200894	9.310605	
173	7.374468	7.482119	20.420982	20.528633	17.702135	17.811845	1.320198	1.427849	14.366712	14.474363	8.895899	9.005610	
174	7.595030	7.702681	20.443038	20.550689	17.746247	17.855958	1.298142	1.405793	14.146151	14.253801	8.587112	8.696823	
175	7.818167	7.925818	20.465352	20.573003	17.790874	17.900585	1.275828	1.383479	13.923013	14.030664	8.274719	8.384430	
176	8.043745	8.151396	20.487910	20.595561	17.835990	17.945700	1.253270	1.360921	13.697435	13.805086	7.958909	8.068620	
177	8.271628	8.379279	20.510698	20.618349	17.881566	17.991277	1.230482	1.338133	13.469552	13.577203	7.639872	7.749583	
178	8.501679	8.609329	20.533704	20.641354	17.927576	18.037287	1.207477	1.315128	13.239502	13.347153	7.317800	7.427510	
179	8.733758	8.841409	20.556912	20.664562	17.973992	18.083703	1.184269	1.291920	13.007422	13.115073	6.992886	7.102597	
180	8.967727	9.075378	20.580309	20.687959	18.020786	18.130497	1.160872	1.268522	12.773453	12.881104	6.665328	6.775038	
181	9.203444	9.311095	20.603881	20.711531	18.067930	18.177640	1.137300	1.244951	12.537736	12.645387	6.335321	6.445032	
182	9.440767	9.548418	20.627613	20.735264	18.115395	18.225105	1.113567	1.221218	12.300414	12.408064	6.003065	6.112776	
183	9.679552	9.787203	20.651492	20.759143	18.163152	18.272863	1.089688	1.197339	12.061629	12.169279	5.668760	5.778471	
184	9.919654	10.027305	20.675503	20.783154	18.211174	18.320885	1.065677	1.173328	11.821526	11.929177	5.332608	5.442318	
185	10.160928	10.268578	20.699631	20.807282	18.259431	18.369141	1.041549	1.149200	11.580253	11.687903	4.994810	5.104520	
186	10.403219	10.510870	20.723863	20.831514	18.307893	18.417604	1.017318	1.124968	11.337961	11.445612	4.655570	4.765281	
187	10.646345	10.753996	20.748183	20.855833	18.356533	18.466244	0.992998	1.100649	11.094835	11.202486	4.315093	4.424804	
188	10.891923	10.999573	20.772576	20.880227	18.405320	18.515030	0.968604	1.076255	10.849258	10.956908	3.973584	4.083294	
189	11.135062	11.242712	20.797029	20.904680	18.454225	18.563935	0.944152	1.051802	10.606119	10.713770	3.631248	3.740958	
190	11.379974	11.487625	20.821526	20.929176	18.503218	18.612929	0.919655	1.027306	10.361206	10.468857	3.288291	3.398002	
191	11.625219	11.732870	20.846052	20.953703	18.552271	18.661982	0.895128	1.002779	10.115961	10.223612	2.944921	3.054632	
192	11.870621	11.978272	20.870593	20.978244	18.601354	18.711064	0.870587	0.978238	9.870559	9.978210	2.601344	2.711055	
193	12.116027	12.223678	20.895135	21.002785	18.650436	18.760147	0.846046	0.953697	9.625153	9.732804	2.257767	2.367478	
194	12.361288	12.468938	20.919661	21.027312	18.699489	18.809199	0.821519	0.929170	9.379893	9.487543	1.914397	2.024108	
195	12.606254	12.713904	20.944158	21.051809	18.748482	18.858193	0.797023	0.904673	9.134927	9.242577	1.571441	1.681151	
196	12.850777	12.958428	20.968610	21.076261	18.797387	18.907098	0.772570	0.880221	8.890403	8.998054	1.229105	1.338815	
197	13.094711	13.202362	20.993004	21.100655	18.846174	18.955885	0.748176	0.855827	8.646470	8.754120	0.887595	0.997306	
198	13.337907	13.445558	21.017324	21.124974	18.894814	19.004525	0.723857	0.831507	8.403273	8.510924	0.547118	0.656829	
199	13.580221	13.687871	21.041555	21.149206	18.943277	19.052987	0.699625	0.807276	8.160960	8.268611	0.207878	0.317589	
200	13.821504	13.929155	21.065684	21.173334	18.991533	19.101244	0.675497	0.783148	7.919677	8.027327	-0.129920	-0.020209	
201	14.061612	14.169263	21.089694	21.197345	19.039555	19.149266	0.651486	0.759137	7.679568	7.787219	-0.466072	-0.356362	
202	14.300401	14.408052	21.113573	21.221224	19.087313	19.197024	0.627607	0.735258	7.440779	7.548430	-0.800377	-0.690667	
203	14.537726	14.645377	21.137306	21.244957	19.134778	19.244489	0.603874	0.711525	7.203454	7.311105	-1.132633	-1.022923	
204	14.773445	14.881096	21.160878	21.268529	19.181922	19.291633	0.580303	0.687953	6.967736	7.075386	-1.462640	-1.352930	
205	15.007415	15.115066	21.184275	21.291926	19.228716	19.338427	0.556905	0.664556	6.733765	6.841416	-1.790199	-1.680488	
206	15.239496	15.347147	21.207483	21.315134	19.275132	19.384843	0.533697	0.641348	6.501685	6.609335	-2.115113	-2.005402	
207	15.469547	15.577198	21.230488	21.338139	19.321142	19.430853	0.510692	0.618343	6.271633	6.379284	-2.437185	-2.327474	
208	15.697431	15.805082	21.253277	21.360927	19.366719	19.476430	0.487904	0.595555	6.043749	6.151400	-2.756223	-2.646512	
209	15.923009	16.030660	21.275834	21.383485	19.411835	19.521546	0.465346	0.572997	5.818171	5.925822	-3.072033	-2.962322	
210	16.146147	16.253798	21.298148	21.405799	19.456462	19.566173	0.443032	0.550683	5.595033	5.702684	-3.384426	-3.274715	
211	16.366709	16.474360	21.320205	21.427855	19.500575	19.610285	0.420976	0.528627	5.374471	5.482122	-3.693213	-3.583502	
212	16.584563	16.692214	21.341990	21.449641	19.544146	19.653856	0.399191	0.506841	5.156617	5.264268	-3.998209	-3.888498	
213	16.799577	16.907228	21.363491	21.471142	19.587148	19.696859	0.377689	0.485340	4.941603	5.049254	-4.299229	-4.189518	
214	17.011623	17.119273	21.384696	21.492347	19.629557	19.739268	0.356485	0.464135	4.729558	4.837208	-4.596093	-4.486382	
215	17.220571	17.328222	21.405591	21.513242	19.671347	19.781058	0.335590	0.443240	4.520609	4.628260	-4.888621	-4.778910	
216	17.426297	17.533948	21.426163	21.533814	19.712492	19.822203	0.315017	0.422668	4.314883	4.422534	-5.176637	-5.066927	
217	17.628677	17.736327	21.446401	21.554052	19.752968	19.862679	0.294779	0.402430	4.112504	4.220154	-5.459969	-5.350258	
218	17.827588	17.935238	21.466292	21.573943	19.792750	19.902461	0.274888	0.382539	3.913593	4.021243	-5.738444	-5.628734	
219	18.022910	18.130561	21.485825	21.593475	19.831815	19.941526	0.255356	0.363006	3.718270	3.825921	-6.011896	-5.902186	
220	18.214527	18.322178	21.504986	21.612637	19.870138	19.979849	0.236194	0.343845	3.526653	3.634304	-6.280160	-6.170449	
221	18.402323	18.509974	21.523766	21.631417	19.907697	20.017408	0.217414	0.325065	3.338858	3.446508	-6.543074	-6.433363	
222	18.586184	18.693835	21.542152	21.649803	19.944470	20.054180	0.199028	0.306679	3.154997	3.262647	-6.800479	-6.690769	
223	18.766000	18.873650	21.560134	21.667784	19.980433	20.090143	0.181047	0.288698	2.975181	3.082832	-7.052222	-6.942511	
224	18.941662	19.049313	21.577700	21.685351	20.015565	20.125276	0.163481	0.271131	2.799519	2.907169	-7.298149	-7.188438	
225	19.113065	19.220716	21.594840	21.702491	20.049846	20.159556	0.146340	0.253991	2.628116	2.735766	-7.538113	-7.428402	
226	19.280105	19.387756	21.611544	21.719195	20.083254	20.192965	0.129636	0.237287	2.461075	2.568726	-7.771970	-7.662259	
227	19.442682	19.550333	21.627802	21.735453	20.115769	20.225480	0.113378	0.221029	2.298498	2.406149	-7.999578	-7.889867	
228	19.600698	19.708349	21.643604	21.751254	20.147372	20.257083	0.097577	0.205228	2.140482	2.248133	-8.220800	-8.111089	
229	19.754058	19.861709	21.658940	21.766590	20.178044	20.287755	0.082241	0.189892	1.987122	2.094773	-8.435504	-8.325793	
230	19.902669	20.010320	21.673801	21.781451	20.207767	20.317477	0.067380	0.175031	1.838511	1.946162	-8.643559	-8.533848	
231	20.046442	20.154092	21.688178	21.795829	20.236521	20.346232	0.053003	0.160653	1.694739	1.802389	-8.844841	-8.735130	
232	20.185290	20.292940	21.702063	21.809713	20.264291	20.374001	0.039118	0.146768	1.555891	1.663542	-9.039228	-8.929518	
233	20.319129	20.426780	21.715447	21.823097	20.291059	20.400769	0.025734	0.133385	1.422051	1.529702	-9.226604	-9.116893	
234	20.447880	20.555530	21.728322	21.835972	20.316809	20.426519	0.012859	0.120510	1.293301	1.400952	-9.406854	-9.297143	
235	20.571463	20.679114	21.740680	21.848331	20.341525	20.451236	0.000500	0.108151	1.169717	1.277368	-9.579871	-9.470161	
236	20.689806	20.797457	21.752514	21.860165	20.365194	20.474905	-0.011334	0.096317	1.051374	1.159025	-9.745551	-9.635841	
237	20.802836	20.910487	21.763817	21.871468	20.387800	20.497511	-0.022637	0.085014	0.938344	1.045995	-9.903794	-9.794083	
238	20.910486	21.018137	21.774582	21.882233	20.409330	20.519041	-0.033402	0.074249	0.830694	0.938345	-10.054504	-9.944793	
239	21.012691	21.120342	21.784803	21.892454	20.429771	20.539482	-0.043622	0.064028	0.728490	0.836140	-10.197590	-10.087879	
240	21.109389	21.217039	21.794473	21.902123	20.449110	20.558821	-0.053292	0.054359	0.631792	0.739443	-10.332967	-10.223256	
241	21.200521	21.308172	21.803586	21.911237	20.467337	20.577048	-0.062405	0.045245	0.540659	0.648310	-10.460553	-10.350842	
242	21.286034	21.393685	21.812137	21.919788	20.484439	20.594150	-0.070957	0.036694	0.455147	0.562797	-10.580270	-10.470560	
243	21.365875	21.473526	21.820121	21.927772	20.500408	20.610118	-0.078941	0.028710	0.375305	0.482956	-10.692048	-10.582337	
244	21.439996	21.547647	21.827533	21.935184	20.515232	20.624943	-0.086353	0.021298	0.301184	0.408835	-10.795818	-10.686108	
245	21.508354	21.616005	21.834369	21.942020	20.528903	20.638614	-0.093189	0.014462	0.232827	0.340477	-10.891518	-10.781808	
246	21.570906	21.678556	21.840624	21.948275	20.541414	20.651124	-0.099444	0.008207	0.170275	0.277926	-10.979091	-10.869380	
247	21.627614	21.735265	21.846295	21.953946	20.552755	20.662466	-0.105115	0.002536	0.113566	0.221217	-11.058483	-10.948773	
248	21.678446	21.786097	21.851378	21.959029	20.562922	20.672632	-0.110198	-0.002547	0.062735	0.170385	-11.129647	-11.019937	
249	21.723369	21.831020	21.855871	21.963521	20.571907	20.681617	-0.114690	-0.007039	0.017811	0.125462	-11.192540	-11.082830	
250	21.762358	21.870009	21.859770	21.967420	20.579704	20.689415	-0.118589	-0.010938	-0.021178	0.086473	-11.247125	-11.137414	
251	21.795388	21.903039	21.863073	21.970723	20.586310	20.696021	-0.121892	-0.014241	-0.054208	0.053443	-11.293367	-11.183656	
252	21.822440	21.930091	21.865778	21.973429	20.591721	20.701431	-0.124597	-0.016947	-0.081260	0.026391	-11.331240	-11.221529	
253	21.843498	21.951148	21.867883	21.975534	20.595932	20.705643	-0.126703	-0.019052	-0.102317	0.005334	-11.360720	-11.251009	
254	21.858548	21.966198	21.869388	21.977039	20.598942	20.708653	-0.128208	-0.020557	-0.117367	-0.009716	-11.381790	-11.272079	
255	21.867581	21.975232	21.870292	21.977943	20.600749	20.710460	-0.129111	-0.021461	-0.126401	-0.018750	-11.394437	-11.284726	
256	21.870593	21.978244	21.870593	21.978244	20.601351	20.711062	-0.129413	-0.021762	-0.129413	-0.021762	-11.398653	-11.288943	
257	21.865353	21.973004	21.869207	21.976858	20.600146	20.709857	-0.128027	-0.020376	-0.124172	-0.016522	-11.390221	-11.280510	
258	21.849639	21.957289	21.865047	21.972698	20.596524	20.706235	-0.123867	-0.016216	-0.108458	-0.000807	-11.364935	-11.255224	
259	21.823470	21.931121	21.858106	21.965756	20.590469	20.700180	-0.116925	-0.009274	-0.082290	0.025361	-11.322830	-11.213120	
260	21.786881	21.894532	21.848369	21.956019	20.581951	20.691662	-0.107188	0.000463	-0.045701	0.061950	-11.263965	-11.154254	
261	21.739918	21.847569	21.835818	21.943469	20.570930	20.680641	-0.094638	0.013013	0.001262	0.108913	-11.188420	-11.078709	
262	21.682639	21.790290	21.820430	21.928081	20.557354	20.667065	-0.079250	0.028401	0.058541	0.166192	-11.096299	-10.986588	
263	21.615118	21.722768	21.802177	21.909827	20.541161	20.650872	-0.060996	0.046655	0.126063	0.233714	-10.987728	-10.878017	
264	21.537438	21.645089	21.781024	21.888675	20.522277	20.631988	-0.039843	0.067807	0.203742	0.311393	-10.862857	-10.753146	
265	21.449699	21.557350	21.756934	21.864584	20.500617	20.610328	-0.015753	0.091898	0.291481	0.399132	-10.721855	-10.612145	
266	21.352011	21.459662	21.729863	21.837514	20.476088	20.585798	0.011318	0.118968	0.389170	0.496820	-10.564917	-10.455207	
267	21.244496	21.352146	21.699764	21.807415	20.448583	20.558293	0.041416	0.149067	0.496685	0.604336	-10.392256	-10.282546	
268	21.127288	21.234939	21.666585	21.774236	20.417988	20.527699	0.074595	0.182246	0.613892	0.721543	-10.204108	-10.094397	
269	21.000535	21.108186	21.630271	21.737922	20.384180	20.493890	0.110909	0.218560	0.740645	0.848296	-10.000727	-9.891016	
270	20.864395	20.972045	21.590761	21.698412	20.347025	20.456736	0.150419	0.258070	0.876786	0.984437	-9.782390	-9.672679	
271	20.719036	20.826687	21.547992	21.655643	20.306383	20.416093	0.193188	0.300839	1.022145	1.129795	-9.549392	-9.439681	
272	20.564639	20.672290	21.501897	21.609548	20.262104	20.371814	0.239283	0.346934	1.176541	1.284192	-9.302047	-9.192336	
273	20.401395	20.509046	21.452406	21.560057	20.214031	20.323741	0.288774	0.396425	1.339785	1.447436	-9.040687	-8.930976	
274	20.229505	20.337156	21.399446	21.507097	20.162000	20.271711	0.341734	0.449385	1.511676	1.619326	-8.765662	-8.655952	
275	20.049180	20.156830	21.342942	21.450593	20.105842	20.215553	0.398239	0.505889	1.692001	1.799652	-8.477340	-8.367630	
276	19.860640	19.968290	21.282815	21.390466	20.045381	20.155092	0.458365	0.566016	1.880541	1.988191	-8.176105	-8.066394	
277	19.664115	19.771765	21.218986	21.326637	19.980435	20.090146	0.522194	0.629845	2.077066	2.184716	-7.862354	-7.752643	
278	19.459843	19.567494	21.151373	21.259024	19.910819	20.020530	0.589807	0.697458	2.281337	2.388988	-7.536502	-7.426791	
279	19.248071	19.355722	21.079895	21.187545	19.836343	19.946054	0.661286	0.768937	2.493110	2.600760	-7.198976	-7.089266	
280	19.029053	19.136704	21.004466	21.112117	19.756815	19.866526	0.736715	0.844365	2.712128	2.819778	-6.850218	-6.740507	
281	18.803050	18.910701	20.925003	21.032654	19.672039	19.781750	0.816178	0.923828	2.938130	3.045781	-6.490681	-6.380970	
282	18.570332	18.677983	20.841421	20.949072	19.581818	19.691529	0.899759	1.007410	3.170848	3.278499	-6.120829	-6.011118	
283	18.331173	18.438824	20.753636	20.861287	19.485954	19.595665	0.987544	1.095195	3.410008	3.517658	-5.741137	-5.631427	
284	18.085853	18.193504	20.661564	20.769215	19.384248	19.493959	1.079616	1.187267	3.655327	3.762978	-5.352092	-5.242382	
285	17.834660	17.942311	20.565122	20.672773	19.276502	19.386213	1.176058	1.283709	3.906520	4.014171	-4.954187	-4.844476	
286	17.577884	17.685535	20.464229	20.571880	19.162519	19.272229	1.276951	1.384602	4.163297	4.270947	-4.547924	-4.438213	
287	17.315820	17.423471	20.358804	20.466454	19.042102	19.151813	1.382377	1.490027	4.425360	4.533011	-4.133811	-4.024100	
288	17.048769	17.156420	20.248769	20.356420	18.915061	19.024771	1.492412	1.600062	4.692412	4.800062	-3.712363	-3.602652	
289	16.777032	16.884683	20.134049	20.241699	18.781204	18.890915	1.607132	1.714783	4.964148	5.071799	-3.284100	-3.174390	
290	16.500915	16.608566	20.014570	20.122221	18.640347	18.750058	1.726610	1.834261	5.240265	5.347916	-2.849546	-2.739836	
291	16.220727	16.328378	19.890265	19.997915	18.492309	18.602020	1.850916	1.958567	5.520453	5.628104	-2.409229	-2.299518	
292	15.936776	16.044427	19.761065	19.868716	18.336916	18.446627	1.980115	2.087766	5.804404	5.912055	-1.963676	-1.853966	
293	15.649374	15.757025	19.626911	19.734561	18.173999	18.283709	2.114270	2.221921	6.091806	6.199457	-1.513420	-1.403709	
294	15.358832	15.466483	19.487743	19.595394	18.003396	18.113106	2.253438	2.361088	6.382349	6.489999	-1.058990	-0.949279	
295	15.065461	15.173112	19.343509	19.451160	17.824954	17.934664	2.397671	2.505322	6.675719	6.783370	-0.600917	-0.491206	
296	14.769574	14.877225	19.194161	19.301812	17.638527	17.748238	2.547019	2.654670	6.971606	7.079257	-0.139729	-0.030018	
297	14.471481	14.579132	19.039657	19.147308	17.443980	17.553691	2.701523	2.809174	7.269699	7.377350	0.324048	0.433759	
298	14.171491	14.279142	18.879961	18.987611	17.241188	17.350898	2.861220	2.968871	7.569689	7.677340	0.789891	0.899601	
299	13.869912	13.977562	18.715040	18.822691	17.030033	17.139744	3.026140	3.133791	7.871269	7.978920	1.257281	1.366992	
300	13.567048	13.674699	18.544873	18.652523	16.810412	16.920123	3.196308	3.303959	8.174133	8.281783	1.725707	1.835418	
301	13.263202	13.370853	18.369440	18.477091	16.582233	16.691944	3.371740	3.479391	8.477978	8.585629	2.194660	2.304371	
302	12.958674	13.066324	18.188732	18.296383	16.345416	16.455126	3.552448	3.660099	8.782507	8.890158	2.663642	2.773352	
303	12.653757	12.761408	18.002746	18.110397	16.099893	16.209603	3.738434	3.846085	9.087423	9.195074	3.132159	3.241870	
304	12.348744	12.456395	17.811486	17.919137	15.845610	15.955321	3.929694	4.037345	9.392436	9.500087	3.599728	3.709439	
305	12.043922	12.151572	17.614965	17.722616	15.582529	15.692240	4.126215	4.233866	9.697259	9.804910	4.065875	4.175586	
306	11.739570	11.847221	17.413204	17.520854	15.310625	15.420336	4.327977	4.435628	10.001610	10.109261	4.530136	4.639846	
307	11.435966	11.543617	17.206230	17.313881	15.029887	15.139597	4.534950	4.642601	10.305214	10.412865	4.992056	5.101767	
308	11.133380	11.241031	16.994083	17.101733	14.740321	14.850031	4.747098	4.854748	10.607800	10.715451	5.451195	5.560906	
309	10.832075	10.939726	16.776807	16.884458	14.441948	14.551658	4.964374	5.072024	10.909105	11.016756	5.907122	6.016833	
310	10.532310	10.639961	16.554458	16.662109	14.134805	14.244516	5.186723	5.294373	11.208871	11.316521	6.359420	6.469131	
311	10.234334	10.341985	16.327100	16.434750	13.818947	13.928658	5.414081	5.521732	11.506847	11.614497	6.807686	6.917397	
312	9.938391	10.046042	16.094805	16.202456	13.494445	13.604155	5.646375	5.754026	11.802789	11.910440	7.251530	7.361241	
313	9.644717	9.752368	15.857658	15.965309	13.161385	13.271096	5.883522	5.991173	12.096463	12.204114	7.690577	7.800288	
314	9.353540	9.461191	15.615749	15.723400	12.819873	12.929584	6.125431	6.233082	12.387640	12.495291	8.124466	8.234177	
315	9.065081	9.172731	15.369181	15.476831	12.470032	12.579743	6.372000	6.479651	12.676100	12.783751	8.552853	8.662563	
316	8.779551	8.887202	15.118064	15.225715	12.112003	12.221713	6.623117	6.730767	12.961629	13.069280	8.975407	9.085117	
317	8.497156	8.604807	14.862521	14.970172	11.745943	11.855654	6.878659	6.986310	13.244024	13.351675	9.391814	9.501524	
318	8.218096	8.325747	14.602688	14.710338	11.372033	11.481744	7.138493	7.246144	13.523084	13.630735	9.801773	9.911483	
319	7.942586	8.050236	14.338731	14.446382	10.990490	11.100201	7.402449	7.510100	13.798595	13.906246	10.204981	10.314691	
320	7.678458	7.786109	14.062722	14.170373	10.609989	10.719700	7.662722	7.770373	14.078458	14.186109	10.592709	10.702419	
321	7.402449	7.510100	13.798595	13.906246	10.204981	10.314691	7.942586	8.050236	14.338731	14.446382	10.990490	11.100201	
322	7.138493	7.246144	13.523084	13.630735	9.801773	9.911483	8.218096	8.325747	14.602688	14.710338	11.372033	11.481744	
323	6.878659	6.986310	13.244024	13.351675	9.391814	9.501524	8.497156	8.604807	14.862521	14.970172	11.745943	11.855654	
324	6.623117	6.730767	12.961629	13.069280	8.975407	9.085117	8.779551	8.887202	15.118064	15.225715	12.112003	12.221713	
325	6.372000	6.479651	12.676100	12.783751	8.552853	8.662563	9.065081	9.172731	15.369181	15.476831	12.470032	12.579743	
326	6.125431	6.233082	12.387640	12.495291	8.124466	8.234177	9.353540	9.461191	15.615749	15.723400	12.819873	12.929584	
327	5.883522	5.991173	12.096463	12.204114	7.690577	7.800288	9.644717	9.752368	15.857658	15.965309	13.161385	13.271096	
328	5.646375	5.754026	11.802789	11.910440	7.251530	7.361241	9.938391	10.046042	16.094805	16.202456	13.494445	13.604155	
329	5.414081	5.521732	11.506847	11.614497	6.807686	6.917397	10.234334	10.341985	16.327100	16.434750	13.818947	13.928658	
330	5.186723	5.294373	11.208871	11.316521	6.359420	6.469131	10.532310	10.639961	16.554458	16.662109	14.134805	14.244516	
331	4.964374	5.072024	10.909105	11.016756	5.907122	6.016833	10.832075	10.939726	16.776807	16.884458	14.441948	14.551658	
332	4.747098	4.854748	10.607800	10.715451	5.451195	5.560906	11.133380	11.241031	16.994083	17.101733	14.740321	14.850031	
333	4.534950	4.642601	10.305214	10.412865	4.992056	5.101767	11.435966	11.543617	17.206230	17.313881	15.029887	15.139597	
334	4.327977	4.435628	10.001610	10.109261	4.530136	4.639846	11.739570	11.847221	17.413204	17.520854	15.310625	15.420336	
335	4.126215	4.233866	9.697259	9.804910	4.065875	4.175586	12.043922	12.151572	17.614965	17.722616	15.582529	15.692240	
336	3.929694	4.037345	9.392436	9.500087	3.599728	3.709439	12.348744	12.456395	17.811486	17.919137	15.845610	15.955321	
337	3.738434	3.846085	9.087423	9.195074	3.132159	3.241870	12.653757	12.761408	18.002746	18.110397	16.099893	16.209603	
338	3.552448	3.660099	8.782507	8.890158	2.663642	2.773352	12.958674	13.066324	18.188732	18.296383	16.345416	16.455126	
339	3.371740	3.479391	8.477978	8.585629	2.194660	2.304371	13.263202	13.370853	18.369440	18.477091	16.582233	16.691944	
340	3.196308	3.303959	8.174133	8.281783	1.725707	1.835418	13.567048	13.674699	18.544873	18.652523	16.810412	16.920123	
341	3.026140	3.133791	7.871269	7.978920	1.257281	1.366992	13.869912	13.977562	18.715040	18.822691	17.030033	17.139744	
342	2.861220	2.968871	7.569689	7.677340	0.789891	0.899601	14.171491	14.279142	18.879961	18.987611	17.241188	17.350898	
343	2.701523	2.809174	7.269699	7.377350	0.324048	0.433759	14.471481	14.579132	19.039657	19.147308	17.443980	17.553691	
344	2.547019	2.654670	6.971606	7.079257	-0.139729	-0.030018	14.769574	14.877225	19.194161	19.301812	17.638527	17.748238	
345	2.397671	2.505322	6.675719	6.783370	-0.600917	-0.491206	15.065461	15.173112	19.343509	19.451160	17.824954	17.934664	
346	2.253438	2.361088	6.382349	6.489999	-1.058990	-0.949279	15.358832	15.466483	19.487743	19.595394	18.003396	18.113106	
347	2.114270	2.221921	6.091806	6.199457	-1.513420	-1.403709	15.649374	15.757025	19.626911	19.734561	18.173999	18.283709	
348	1.980115	2.087766	5.804404	5.912055	-1.963676	-1.853966	15.936776	16.044427	19.761065	19.868716	18.336916	18.446627	
349	1.850916	1.958567	5.520453	5.628104	-2.409229	-2.299518	16.220727	16.328378	19.890265	19.997915	18.492309	18.602020	
350	1.726610	1.834261	5.240265	5.347916	-2.849546	-2.739836	16.500915	16.608566	20.014570	20.122221	18.640347	18.750058	
351	1.607132	1.714783	4.964148	5.071799	-3.284100	-3.174390	16.777032	16.884683	20.134049	20.241699	18.781204	18.890915	
352	1.492412	1.600062	4.692412	4.800062	-3.712363	-3.602652	17.048769	17.156420	20.248769	20.356420	18.915061	19.024771	
353	1.382377	1.490027	4.425360	4.533011	-4.133811	-4.024100	17.315820	17.423471	20.358804	20.466454	19.042102	19.151813	
354	1.276951	1.384602	4.163297	4.270947	-4.547924	-4.438213	17.577884	17.685535	20.464229	20.571880	19.162519	19.272229	
355	1.176058	1.283709	3.906520	4.014171	-4.954187	-4.844476	17.834660	17.942311	20.565122	20.672773	19.276502	19.386213	
356	1.079616	1.187267	3.655327	3.762978	-5.352092	-5.242382	18.085853	18.193504	20.661564	20.769215	19.384248	19.493959	
357	0.987544	1.095195	3.410008	3.517658	-5.741137	-5.631427	18.331173	18.438824	20.753636	20.861287	19.485954	19.595665	
358	0.899759	1.007410	3.170848	3.278499	-6.120829	-6.011118	18.570332	18.677983	20.841421	20.949072	19.581818	19.691529	
359	0.816178	0.923828	2.938130	3.045781	-6.490681	-6.380970	18.803050	18.910701	20.925003	21.032654	19.672039	19.781750	
360	0.736715	0.844365	2.712128	2.819778	-6.850218	-6.740507	19.029053	19.136704	21.004466	21.112117	19.756815	19.866526	
361	0.661286	0.768937	2.493110	2.600760	-7.198976	-7.089266	19.248071	19.355722	21.079895	21.187545	19.836343	19.946054	
362	0.589807	0.697458	2.281337	2.388988	-7.536502	-7.426791	19.459843	19.567494	21.151373	21.259024	19.910819	20.020530	
363	0.522194	0.629845	2.077066	2.184716	-7.862354	-7.752643	19.664115	19.771765	21.218986	21.326637	19.980435	20.090146	
364	0.458365	0.566016	1.880541	1.988191	-8.176105	-8.066394	19.860640	19.968290	21.282815	21.390466	20.045381	20.155092	
365	0.398239	0.505889	1.692001	1.799652	-8.477340	-8.367630	20.049180	20.156830	21.342942	21.450593	20.105842	20.215553	
366	0.341734	0.449385	1.511676	1.619326	-8.765662	-8.655952	20.229505	20.337156	21.399446	21.507097	20.162000	20.271711	
367	0.288774	0.396425	1.339785	1.447436	-9.040687	-8.930976	20.401395	20.509046	21.452406	21.560057	20.214031	20.323741	
368	0.239283	0.346934	1.176541	1.284192	-9.302047	-9.192336	20.564639	20.672290	21.501897	21.609548	20.262104	20.371814	
369	0.193188	0.300839	1.022145	1.129795	-9.549392	-9.439681	20.719036	20.826687	21.547992	21.655643	20.306383	20.416093	
370	0.150419	0.258070	0.876786	0.984437	-9.782390	-9.672679	20.864395	20.972045	21.590761	21.698412	20.347025	20.456736	
371	0.110909	0.218560	0.740645	0.848296	-10.000727	-9.891016	21.000535	21.108186	21.630271	21.737922	20.384180	20.493890	
372	0.074595	0.182246	0.613892	0.721543	-10.204108	-10.094397	21.127288	21.234939	21.666585	21.774236	20.417988	20.527699	
373	0.041416	0.149067	0.496685	0.604336	-10.392256	-10.282546	21.244496	21.352146	21.699764	21.807415	20.448583	20.558293	
374	0.011318	0.118968	0.389170	0.496820	-10.564917	-10.455207	21.352011	21.459662	21.729863	21.837514	20.476088	20.585798	
375	-0.015753	0.091898	0.291481	0.399132	-10.721855	-10.612145	21.449699	21.557350	21.756934	21.864584	20.500617	20.610328	
376	-0.039843	0.067807	0.203742	0.311393	-10.862857	-10.753146	21.537438	21.645089	21.781024	21.888675	20.522277	20.631988	
377	-0.060996	0.046655	0.126063	0.233714	-10.987728	-10.878017	21.615118	21.722768	21.802177	21.909827	20.541161	20.650872	
378	-0.079250	0.028401	0.058541	0.166192	-11.096299	-10.986588	21.682639	21.790290	21.820430	21.928081	20.557354	20.667065	
379	-0.094638	0.013013	0.001262	0.108913	-11.188420	-11.078709	21.739918	21.847569	21.835818	21.943469	20.570930	20.680641	
380	-0.107188	0.000463	-0.045701	0.061950	-11.263965	-11.154254	21.786881	21.894532	21.848369	21.956019	20.581951	20.691662	
381	-0.116925	-0.009274	-0.082290	0.025361	-11.322830	-11.213120	21.823470	21.931121	21.858106	21.965756	20.590469	20.700180	
382	-0.123867	-0.016216	-0.108458	-0.000807	-11.364935	-11.255224	21.849639	21.957289	21.865047	21.972698	20.596524	20.706235	
383	-0.128027	-0.020376	-0.124172	-0.016522	-11.390221	-11.280510	21.865353	21.973004	21.869207	21.976858	20.600146	20.709857	
384	-0.129413	-0.021762	-0.129413	-0.021762	-11.398653	-11.288943	21.870593	21.978244	21.870593	21.978244	20.601351	20.711062	
