#p	a_up	a_dn	b_up	b_dn	c_up	c_dn	NaN
0	37.366058	37.368134	37.366058	37.368134	25.762695	25.770996	
1	37.366360	37.368435	37.369070	37.371145	25.766912	25.775213	
2	37.367263	37.369338	37.378104	37.380179	25.779559	25.787860	
3	37.368768	37.370843	37.393154	37.395229	25.800629	25.808930	
4	37.370874	37.372949	37.414211	37.416286	25.830109	25.838410	
5	37.373579	37.375654	37.441263	37.443338	25.867982	25.876283	
6	37.376882	37.378957	37.474293	37.476368	25.914224	25.922525	
7	37.380781	37.382856	37.513282	37.515357	25.968808	25.977109	
8	37.385273	37.387348	37.558206	37.560281	26.031701	26.040002	
9	37.390356	37.392431	37.609037	37.611112	26.102865	26.111166	
10	37.396027	37.398102	37.665746	37.667821	26.182258	26.190559	
11	37.402282	37.404357	37.728298	37.730373	26.269830	26.278131	
12	37.409118	37.411193	37.796655	37.798730	26.365531	26.373831	
13	37.416530	37.418605	37.870777	37.872852	26.469301	26.477602	
14	37.424514	37.426589	37.950618	37.952693	26.581078	26.589379	
15	37.433066	37.435141	38.036130	38.038206	26.700796	26.709097	
16	37.442179	37.444254	38.127263	38.129338	26.828382	26.836683	
17	37.451849	37.453924	38.223961	38.226036	26.963759	26.972060	
18	37.462069	37.464144	38.326165	38.328241	27.106845	27.115146	
19	37.472834	37.474909	38.433815	38.435891	27.257555	27.265856	
20	37.484137	37.486212	38.546846	38.548921	27.415798	27.424098	
21	37.495971	37.498047	38.665188	38.667264	27.581477	27.589778	
22	37.508330	37.510405	38.788772	38.790847	27.754495	27.762796	
23	37.521205	37.523280	38.917523	38.919598	27.934745	27.943046	
24	37.534589	37.536664	39.051362	39.053437	28.122121	28.130422	
25	37.548474	37.550549	39.190210	39.192285	28.316508	28.324809	
26	37.562851	37.564926	39.333983	39.336058	28.517790	28.526091	
27	37.577712	37.579787	39.482594	39.484669	28.725845	28.734146	
28	37.593048	37.595123	39.635954	39.638029	28.940549	28.948850	
29	37.608850	37.610925	39.793970	39.796045	29.161771	29.170072	
30	37.625107	37.627182	39.956547	39.958622	29.389380	29.397680	
31	37.641811	37.643886	40.123588	40.125663	29.623236	29.631537	
32	37.658952	37.661027	40.294991	40.297066	29.863200	29.871501	
33	37.676518	37.678593	40.470653	40.472728	30.109128	30.117428	
34	37.694499	37.696575	40.650469	40.652544	30.360870	30.369171	
35	37.712886	37.714961	40.834330	40.836405	30.618276	30.626576	
36	37.731665	37.733740	41.022126	41.024201	30.881189	30.889490	
37	37.750827	37.752902	41.213742	41.215818	31.149453	31.157754	
38	37.770359	37.772434	41.409065	41.411140	31.422905	31.431206	
39	37.790250	37.792325	41.607976	41.610052	31.701381	31.709681	
40	37.810488	37.812563	41.810356	41.812431	31.984712	31.993013	
41	37.831061	37.833136	42.016082	42.018157	32.272729	32.281029	
42	37.851956	37.854031	42.225031	42.227106	32.565257	32.573558	
43	37.873160	37.875235	42.437076	42.439152	32.862121	32.870421	
44	37.894662	37.896737	42.652091	42.654166	33.163141	33.171442	
45	37.916447	37.918522	42.869945	42.872020	33.468137	33.476437	
46	37.938503	37.940578	43.090507	43.092583	33.776924	33.785225	
47	37.960817	37.962892	43.313645	43.315720	34.089317	34.097618	
48	37.983375	37.985450	43.539224	43.541299	34.405127	34.413428	
49	38.006163	38.008239	43.767108	43.769183	34.724165	34.732466	
50	38.029168	38.031244	43.997160	43.999235	35.046237	35.054538	
51	38.052377	38.054452	44.229241	44.231316	35.371151	35.379452	
52	38.075774	38.077849	44.463212	44.465287	35.698710	35.707011	
53	38.099346	38.101421	44.698931	44.701006	36.028717	36.037017	
54	38.123078	38.125153	44.936257	44.938332	36.360973	36.369274	
55	38.146957	38.149032	45.175046	45.177121	36.695278	36.703579	
56	38.170968	38.173043	45.415155	45.417230	37.031431	37.039732	
57	38.195096	38.197172	45.656439	45.658515	37.369229	37.377530	
58	38.219328	38.221403	45.898754	45.900829	37.708469	37.716769	
59	38.243648	38.245723	46.141952	46.144027	38.048946	38.057247	
60	38.268041	38.270116	46.385887	46.387962	38.390455	38.398756	
61	38.292494	38.294569	46.630413	46.632488	38.732791	38.741092	
62	38.316991	38.319066	46.875382	46.877457	39.075748	39.084049	
63	38.341517	38.343592	47.120646	47.122721	39.419118	39.427419	
64	38.366058	38.368134	47.366058	47.368134	39.762695	39.770996	
65	38.390600	38.392675	47.611471	47.613546	40.106273	40.114573	
66	38.415126	38.417201	47.856735	47.858810	40.449643	40.457944	
67	38.439623	38.441698	48.101704	48.103779	40.792599	40.800900	
68	38.464075	38.466151	48.346230	48.348305	41.134935	41.143236	
69	38.488469	38.490544	48.590165	48.592240	41.476445	41.484746	
70	38.512789	38.514864	48.833363	48.835438	41.816922	41.825223	
71	38.537020	38.539095	49.075677	49.077752	42.156162	42.164463	
72	38.561149	38.563224	49.316962	49.319037	42.493960	42.502261	
73	38.585160	38.587235	49.557071	49.559146	42.830113	42.838413	
74	38.609039	38.611114	49.795860	49.797935	43.164418	43.172719	
75	38.632771	38.634846	50.033186	50.035261	43.496674	43.504975	
76	38.656343	38.658418	50.268905	50.270980	43.826681	43.834982	
77	38.679740	38.681815	50.502876	50.504951	44.154240	44.162540	
78	38.702948	38.705023	50.734957	50.737032	44.479153	44.487454	
79	38.725953	38.728029	50.965009	50.967084	44.801226	44.809527	
80	38.748742	38.750817	51.192893	51.194968	45.120263	45.128564	
81	38.771300	38.773375	51.418471	51.420547	45.436074	45.444374	
82	38.793613	38.795689	51.641609	51.643684	45.748467	45.756767	
83	38.815670	38.817745	51.862172	51.864247	46.057254	46.065555	
84	38.837455	38.839530	52.080026	52.082101	46.362250	46.370550	
85	38.858957	38.861032	52.295040	52.297115	46.663270	46.671571	
86	38.880161	38.882236	52.507086	52.509161	46.960134	46.968435	
87	38.901056	38.903131	52.716035	52.718110	47.252662	47.260963	
88	38.921629	38.923704	52.921761	52.923836	47.540679	47.548979	
89	38.941867	38.943942	53.124140	53.126215	47.824010	47.832311	
90	38.961758	38.963833	53.323051	53.325127	48.102486	48.110786	
91	38.981290	38.983365	53.518374	53.520449	48.375938	48.384238	
92	39.000452	39.002527	53.709991	53.712066	48.644201	48.652502	
93	39.019231	39.021306	53.897787	53.899862	48.907115	48.915416	
94	39.037617	39.039692	54.081648	54.083723	49.164521	49.172821	
95	39.055599	39.057674	54.261464	54.263539	49.416263	49.424564	
96	39.073165	39.075240	54.437126	54.439201	49.662190	49.670491	
97	39.090305	39.092381	54.608529	54.610604	49.902154	49.910455	
98	39.107009	39.109085	54.775570	54.777645	50.136011	50.144312	
99	39.123267	39.125342	54.938147	54.940222	50.363619	50.371920	
100	39.139069	39.141144	55.096163	55.098238	50.584842	50.593142	
101	39.154405	39.156480	55.249523	55.251598	50.799545	50.807846	
102	39.169266	39.171341	55.398134	55.400209	51.007601	51.015902	
103	39.183643	39.185718	55.541906	55.543982	51.208883	51.217183	
104	39.197528	39.199603	55.680754	55.682830	51.403270	51.411571	
105	39.210912	39.212987	55.814594	55.816669	51.590645	51.598946	
106	39.223787	39.225862	55.943344	55.945420	51.770896	51.779197	
107	39.236145	39.238221	56.066928	56.069003	51.943913	51.952214	
108	39.247980	39.250055	56.185271	56.187346	52.109593	52.117894	
109	39.259283	39.261358	56.298301	56.300377	52.267836	52.276136	
110	39.270048	39.272123	56.405951	56.408026	52.418545	52.426846	
111	39.280268	39.282343	56.508156	56.510231	52.561632	52.569933	
112	39.289938	39.292013	56.604854	56.606929	52.697009	52.705310	
113	39.299051	39.301126	56.695986	56.698062	52.824594	52.832895	
114	39.307602	39.309678	56.781499	56.783574	52.944312	52.952613	
115	39.315587	39.317662	56.861340	56.863415	53.056090	53.064391	
116	39.322999	39.325074	56.935462	56.937537	53.159860	53.168161	
117	39.329834	39.331910	57.003819	57.005894	53.255560	53.263861	
118	39.336090	39.338165	57.066371	57.068446	53.343133	53.351434	
119	39.341760	39.343836	57.123080	57.125155	53.422525	53.430826	
120	39.346844	39.348919	57.173911	57.175986	53.493689	53.501990	
121	39.351336	39.353411	57.218835	57.220910	53.556582	53.564883	
122	39.355235	39.357310	57.257823	57.259899	53.611166	53.619467	
123	39.358538	39.360613	57.290854	57.292929	53.657409	53.665710	
124	39.361243	39.363318	57.317906	57.319981	53.695281	53.703582	
125	39.363349	39.365424	57.338963	57.341038	53.724762	53.733062	
126	39.364854	39.366929	57.354013	57.356088	53.745832	53.754132	
127	39.365757	39.367832	57.363047	57.365122	53.758479	53.766780	
128	39.366058	39.368134	57.366058	57.368134	53.762695	53.770996	
129	39.369070	39.371145	57.366360	57.368435	53.763298	53.771598	
130	39.378104	39.380179	57.367263	57.369338	53.765104	53.773405	
131	39.393154	39.395229	57.368768	57.370843	53.768114	53.776415	
132	39.414211	39.416286	57.370874	57.372949	53.772326	53.780627	
133	39.441263	39.443338	57.373579	57.375654	53.777736	53.786037	
134	39.474293	39.476368	57.376882	57.378957	53.784342	53.792643	
135	39.513282	39.515357	57.380781	57.382856	53.792140	53.800441	
136	39.558206	39.560281	57.385273	57.387348	53.801125	53.809426	
137	39.609037	39.611112	57.390356	57.392431	53.811291	53.819592	
138	39.665746	39.667821	57.396027	57.398102	53.822633	53.830934	
139	39.728298	39.730373	57.402282	57.404357	53.835143	53.843444	
140	39.796655	39.798730	57.409118	57.411193	53.848815	53.857115	
141	39.870777	39.872852	57.416530	57.418605	53.863639	53.871940	
142	39.950618	39.952693	57.424514	57.426589	53.879607	53.887908	
143	40.036130	40.038206	57.433066	57.435141	53.896710	53.905010	
144	40.127263	40.129338	57.442179	57.444254	53.914936	53.923237	
145	40.223961	40.226036	57.451849	57.453924	53.934276	53.942577	
146	40.326165	40.328241	57.462069	57.464144	53.954717	53.963018	
147	40.433815	40.435891	57.472834	57.474909	53.976247	53.984547	
148	40.546846	40.548921	57.484137	57.486212	53.998853	54.007154	
149	40.665188	40.667264	57.495971	57.498047	54.022521	54.030822	
150	40.788772	40.790847	57.508330	57.510405	54.047238	54.055539	
151	40.917523	40.919598	57.521205	57.523280	54.072988	54.081289	
152	41.051362	41.053437	57.534589	57.536664	54.099756	54.108057	
153	41.190210	41.192285	57.548474	57.550549	54.127526	54.135826	
154	41.333983	41.336058	57.562851	57.564926	54.156280	54.164581	
155	41.482594	41.484669	57.577712	57.579787	54.186002	54.194303	
156	41.635954	41.638029	57.593048	57.595123	54.216674	54.224975	
157	41.793970	41.796045	57.608850	57.610925	54.248278	54.256578	
158	41.956547	41.958622	57.625107	57.627182	54.280793	54.289094	
159	42.123588	42.125663	57.641811	57.643886	54.314201	54.322502	
160	42.294991	42.297066	57.658952	57.661027	54.348482	54.356783	
161	42.470653	42.472728	57.676518	57.678593	54.383614	54.391915	
162	42.650469	42.652544	57.694499	57.696575	54.419577	54.427878	
163	42.834330	42.836405	57.712886	57.714961	54.456350	54.464650	
164	43.022126	43.024201	57.731665	57.733740	54.493909	54.502210	
165	43.213742	43.215818	57.750827	57.752902	54.532232	54.540533	
166	43.409065	43.411140	57.770359	57.772434	54.571297	54.579597	
167	43.607976	43.610052	57.790250	57.792325	54.611079	54.619380	
168	43.810356	43.812431	57.810488	57.812563	54.651555	54.659856	
169	44.016082	44.018157	57.831061	57.833136	54.692700	54.701001	
170	44.225031	44.227106	57.851956	57.854031	54.734490	54.742791	
171	44.437076	44.439152	57.873160	57.875235	54.776899	54.785200	
172	44.652091	44.654166	57.894662	57.896737	54.819902	54.828203	
173	44.869945	44.872020	57.916447	57.918522	54.863473	54.871773	
174	45.090507	45.092583	57.938503	57.940578	54.907585	54.915886	
175	45.313645	45.315720	57.960817	57.962892	54.952213	54.960513	
176	45.539224	45.541299	57.983375	57.985450	54.997328	55.005629	
177	45.767108	45.769183	58.006163	58.008239	55.042905	55.051206	
178	45.997160	45.999235	58.029168	58.031244	55.088916	55.097216	
179	46.229241	46.231316	58.052377	58.054452	55.135332	55.143633	
180	46.463212	46.465287	58.075774	58.077849	55.182126	55.190427	
181	46.698931	46.701006	58.099346	58.101421	55.229270	55.237571	
182	46.936257	46.938332	58.123078	58.125153	55.276735	55.285036	
183	47.175046	47.177121	58.146957	58.149032	55.324493	55.332794	
184	47.415155	47.417230	58.170968	58.173043	55.372515	55.380815	
185	47.656439	47.658515	58.195096	58.197172	55.420772	55.429072	
186	47.898754	47.900829	58.219328	58.221403	55.469234	55.477535	
187	48.141952	48.144027	58.243648	58.245723	55.517874	55.526175	
188	48.385887	48.387962	58.268041	58.270116	55.566661	55.574962	
189	48.630413	48.632488	58.292494	58.294569	55.615566	55.623867	
190	48.875382	48.877457	58.316991	58.319066	55.664560	55.672861	
191	49.120646	49.122721	58.341517	58.343592	55.713613	55.721914	
192	49.366058	49.368134	58.366058	58.368134	55.762695	55.770996	
193	49.611471	49.613546	58.390600	58.392675	55.811778	55.820079	
194	49.856735	49.858810	58.415126	58.417201	55.860831	55.869131	
195	50.101704	50.103779	58.439623	58.441698	55.909824	55.918125	
196	50.346230	50.348305	58.464075	58.466151	55.958730	55.967030	
197	50.590165	50.592240	58.488469	58.490544	56.007517	56.015817	
198	50.833363	50.835438	58.512789	58.514864	56.056156	56.064457	
199	51.075677	51.077752	58.537020	58.539095	56.104619	56.112920	
200	51.316962	51.319037	58.561149	58.563224	56.152876	56.161177	
201	51.557071	51.559146	58.585160	58.587235	56.200898	56.209199	
202	51.795860	51.797935	58.609039	58.611114	56.248656	56.256956	
203	52.033186	52.035261	58.632771	58.634846	56.296121	56.304422	
204	52.268905	52.270980	58.656343	58.658418	56.343265	56.351565	
205	52.502876	52.504951	58.679740	58.681815	56.390059	56.398360	
206	52.734957	52.737032	58.702948	58.705023	56.436475	56.444776	
207	52.965009	52.967084	58.725953	58.728029	56.482485	56.490786	
208	53.192893	53.194968	58.748742	58.750817	56.528062	56.536363	
209	53.418471	53.420547	58.771300	58.773375	56.573178	56.581479	
210	53.641609	53.643684	58.793613	58.795689	56.617805	56.626106	
211	53.862172	53.864247	58.815670	58.817745	56.661918	56.670219	
212	54.080026	54.082101	58.837455	58.839530	56.705489	56.713790	
213	54.295040	54.297115	58.858957	58.861032	56.748492	56.756792	
214	54.507086	54.509161	58.880161	58.882236	56.790901	56.799202	
215	54.716035	54.718110	58.901056	58.903131	56.832691	56.840991	
216	54.921761	54.923836	58.921629	58.923704	56.873836	56.882137	
217	55.124140	55.126215	58.941867	58.943942	56.914312	56.922612	
218	55.323051	55.325127	58.961758	58.963833	56.954094	56.962395	
219	55.518374	55.520449	58.981290	58.983365	56.993158	57.001459	
220	55.709991	55.712066	59.000452	59.002527	57.031482	57.039783	
221	55.897787	55.899862	59.019231	59.021306	57.069041	57.077342	
222	56.081648	56.083723	59.037617	59.039692	57.105813	57.114114	
223	56.261464	56.263539	59.055599	59.057674	57.141776	57.150077	
224	56.437126	56.439201	59.073165	59.075240	57.176909	57.185210	
225	56.608529	56.610604	59.090305	59.092381	57.211189	57.219490	
226	56.775570	56.777645	59.107009	59.109085	57.244598	57.252898	
227	56.938147	56.940222	59.123267	59.125342	57.277113	57.285414	
228	57.096163	57.098238	59.139069	59.141144	57.308716	57.317017	
229	57.249523	57.251598	59.154405	59.156480	57.339388	57.347689	
230	57.398134	57.400209	59.169266	59.171341	57.369110	57.377411	
231	57.541906	57.543982	59.183643	59.185718	57.397865	57.406166	
232	57.680754	57.682830	59.197528	59.199603	57.425635	57.433935	
233	57.814594	57.816669	59.210912	59.212987	57.452402	57.460703	
234	57.943344	57.945420	59.223787	59.225862	57.478153	57.486453	
235	58.066928	58.069003	59.236145	59.238221	57.502869	57.511170	
236	58.185271	58.187346	59.247980	59.250055	57.526538	57.534839	
237	58.298301	58.300377	59.259283	59.261358	57.549144	57.557445	
238	58.405951	58.408026	59.270048	59.272123	57.570674	57.578975	
239	58.508156	58.510231	59.280268	59.282343	57.591115	57.599416	
240	58.604854	58.606929	59.289938	59.292013	57.610454	57.618755	
241	58.695986	58.698062	59.299051	59.301126	57.628681	57.636982	
242	58.781499	58.783574	59.307602	59.309678	57.645783	57.654084	
243	58.861340	58.863415	59.315587	59.317662	57.661752	57.670052	
244	58.935462	58.937537	59.322999	59.325074	57.676576	57.684877	
245	59.003819	59.005894	59.329834	59.331910	57.690247	57.698548	
246	59.066371	59.068446	59.336090	59.338165	57.702758	57.711059	
247	59.123080	59.125155	59.341760	59.343836	57.714100	57.722400	
248	59.173911	59.175986	59.346844	59.348919	57.724266	57.732567	
249	59.218835	59.220910	59.351336	59.353411	57.733251	57.741551	
250	59.257823	59.259899	59.355235	59.357310	57.741048	57.749349	
251	59.290854	59.292929	59.358538	59.360613	57.747654	57.755955	
252	59.317906	59.319981	59.361243	59.363318	57.753065	57.761366	
253	59.338963	59.341038	59.363349	59.365424	57.757276	57.765577	
254	59.354013	59.356088	59.364854	59.366929	57.760286	57.768587	
255	59.363047	59.365122	59.365757	59.367832	57.762093	57.770394	
256	59.366058	59.368134	59.366058	59.368134	57.762695	57.770996	
257	59.360818	59.362893	59.364673	59.366748	57.761490	57.769791	
258	59.345104	59.347179	59.360513	59.362588	57.757868	57.766169	
259	59.318936	59.321011	59.353571	59.355646	57.751813	57.760114	
260	59.282347	59.284422	59.343834	59.345909	57.743295	57.751596	
261	59.235383	59.237458	59.331283	59.333358	57.732274	57.740575	
262	59.178104	59.180180	59.315895	59.317971	57.718698	57.726999	
263	59.110583	59.112658	59.297642	59.299717	57.702505	57.710806	
264	59.032904	59.034979	59.276489	59.278564	57.683621	57.691922	
265	58.945165	58.947240	59.252399	59.254474	57.661962	57.670262	
266	58.847476	58.849551	59.225328	59.227403	57.637432	57.645732	
267	58.739961	58.742036	59.195229	59.197304	57.609927	57.618227	
268	58.622753	58.624829	59.162051	59.164126	57.579332	57.587633	
269	58.496000	58.498076	59.125736	59.127811	57.545524	57.553824	
270	58.359860	58.361935	59.086226	59.088302	57.508369	57.516670	
271	58.214501	58.216576	59.043457	59.045533	57.467727	57.476027	
272	58.060104	58.062179	58.997362	58.999438	57.423447	57.431748	
273	57.896860	57.898935	58.947871	58.949947	57.375375	57.383675	
274	57.724970	57.727045	58.894911	58.896987	57.323344	57.331645	
275	57.544645	57.546720	58.838407	58.840482	57.267186	57.275487	
276	57.356105	57.358180	58.778280	58.780355	57.206725	57.215026	
277	57.159580	57.161655	58.714451	58.716526	57.141779	57.150080	
278	56.955308	56.957383	58.646838	58.648913	57.072163	57.080464	
279	56.743536	56.745611	58.575359	58.577435	56.997687	57.005988	
280	56.524518	56.526593	58.499931	58.502006	56.918159	56.926460	
281	56.298515	56.300590	58.420468	58.422543	56.833383	56.841684	
282	56.065797	56.067872	58.336886	58.338961	56.743162	56.751463	
283	55.826637	55.828713	58.249101	58.251176	56.647298	56.655598	
284	55.581318	55.583393	58.157029	58.159104	56.545592	56.553892	
285	55.330124	55.332200	58.060587	58.062662	56.437845	56.446146	
286	55.073348	55.075423	57.959693	57.961768	56.323862	56.332163	
287	54.811285	54.813360	57.854268	57.856343	56.203446	56.211746	
288	54.544233	54.546308	57.744233	57.746308	56.076404	56.084705	
289	54.272496	54.274571	57.629513	57.631588	55.942547	55.950848	
290	53.996379	53.998455	57.510034	57.512109	55.801690	55.809991	
291	53.716191	53.718266	57.385728	57.387804	55.653652	55.661953	
292	53.432240	53.434315	57.256529	57.258604	55.498259	55.506560	
293	53.144838	53.146913	57.122374	57.124449	55.335341	55.343642	
294	52.854295	52.856370	56.983206	56.985281	55.164738	55.173039	
295	52.560925	52.563000	56.838972	56.841047	54.986296	54.994597	
296	52.265037	52.267113	56.689624	56.691700	54.799869	54.808170	
297	51.966944	51.969019	56.535120	56.537196	54.605323	54.613623	
298	51.666954	51.669029	56.375423	56.377499	54.402529	54.410830	
299	51.365374	51.367449	56.210503	56.212578	54.191375	54.199675	
300	51.062510	51.064585	56.040335	56.042410	53.971754	53.980055	
301	50.758664	50.760739	55.864902	55.866977	53.743575	53.751875	
302	50.454135	50.456210	55.684194	55.686269	53.506757	53.515057	
303	50.149218	50.151294	55.498207	55.500282	53.261233	53.269534	
304	49.844205	49.846280	55.306947	55.309022	53.006951	53.015251	
305	49.539382	49.541457	55.110426	55.112501	52.743869	52.752170	
306	49.235030	49.237105	54.908663	54.910739	52.471964	52.480265	
307	48.931425	48.933501	54.701690	54.703765	52.191226	52.199527	
308	48.628838	48.630914	54.489541	54.491616	51.901659	51.909960	
309	48.327533	48.329608	54.272264	54.274340	51.603285	51.611586	
310	48.027766	48.029842	54.049914	54.051990	51.296142	51.304443	
311	47.729789	47.731864	53.822555	53.824630	50.980283	50.988584	
312	47.433845	47.435920	53.590259	53.592334	50.655779	50.664080	
313	47.140169	47.142244	53.353110	53.355185	50.322718	50.331019	
314	46.848989	46.851064	53.111198	53.113273	49.981204	49.989505	
315	46.560526	46.562601	52.864626	52.866701	49.631360	49.639661	
316	46.274990	46.277066	52.613503	52.615579	49.273325	49.281626	
317	45.992586	45.994661	52.357951	52.360026	48.907258	48.915559	
318	45.713507	45.715582	52.098098	52.100174	48.533332	48.541633	
319	45.437939	45.440014	51.834085	51.836160	48.151741	48.160042	
320	45.166058	45.168134	51.566058	51.568134	47.762695	47.770996	
321	44.898032	44.900107	51.294178	51.296253	47.366422	47.374723	
322	44.634018	44.636094	51.018609	51.020685	46.963167	46.971467	
323	44.374166	44.376241	50.739531	50.741606	46.553192	46.561493	
324	44.118613	44.120689	50.457126	50.459201	46.136777	46.145078	
325	43.867491	43.869566	50.171591	50.173666	45.714218	45.722519	
326	43.620919	43.622994	49.883128	49.885203	45.285829	45.294130	
327	43.379007	43.381082	49.591948	49.594023	44.851937	44.860238	
328	43.141858	43.143933	49.298272	49.300347	44.412889	44.421190	
329	42.909562	42.911637	49.002328	49.004403	43.969043	43.977344	
330	42.682202	42.684278	48.704350	48.706426	43.520776	43.529077	
331	42.459852	42.461927	48.404584	48.406659	43.068477	43.076778	
332	42.242576	42.244651	48.103278	48.105353	42.612549	42.620850	
333	42.030427	42.032502	47.800691	47.802766	42.153410	42.161711	
334	41.823453	41.825528	47.497087	47.499162	41.691489	41.699790	
335	41.621691	41.623766	47.192735	47.194810	41.227228	41.235529	
336	41.425170	41.427245	46.887911	46.889987	40.761081	40.769382	
337	41.233910	41.235985	46.582898	46.584973	40.293511	40.301812	
338	41.047923	41.049998	46.277982	46.280057	39.824994	39.833294	
339	40.867215	40.869290	45.973453	45.975528	39.356012	39.364313	
340	40.691782	40.693857	45.669607	45.671682	38.887058	38.895359	
341	40.521614	40.523689	45.366743	45.368818	38.418632	38.426933	
342	40.356693	40.358769	45.065163	45.067238	37.951242	37.959542	
343	40.196996	40.199072	44.765173	44.767248	37.485399	37.493699	
344	40.042492	40.044567	44.467079	44.469154	37.021622	37.029923	
345	39.893144	39.895220	44.171192	44.173267	36.560434	36.568735	
346	39.748911	39.750986	43.877821	43.879897	36.102360	36.110661	
347	39.609743	39.611818	43.587279	43.589354	35.647930	35.656231	
348	39.475588	39.477663	43.299877	43.301952	35.197674	35.205975	
349	39.346388	39.348464	43.015926	43.018001	34.752121	34.760422	
350	39.222082	39.224158	42.735737	42.737812	34.311803	34.320104	
351	39.102604	39.104679	42.459621	42.461696	33.877250	33.885550	
352	38.987884	38.989959	42.187884	42.189959	33.448987	33.457288	
353	38.877849	38.879924	41.920832	41.922907	33.027539	33.035840	
354	38.772423	38.774499	41.658769	41.660844	32.613426	32.621727	
355	38.671530	38.673605	41.401992	41.404067	32.207162	32.215463	
356	38.575088	38.577163	41.150799	41.152874	31.809257	31.817558	
357	38.483016	38.485091	40.905479	40.907555	31.420212	31.428513	
358	38.395231	38.397306	40.666320	40.668395	31.040521	31.048822	
359	38.311649	38.313724	40.433602	40.435677	30.670669	30.678970	
360	38.232186	38.234261	40.207599	40.209674	30.311131	30.319432	
361	38.156757	38.158832	39.988581	39.990656	29.962373	29.970674	
362	38.085278	38.087354	39.776809	39.778884	29.624847	29.633148	
363	38.017666	38.019741	39.572537	39.574612	29.298995	29.307296	
364	37.953837	37.955912	39.376012	39.378087	28.985244	28.993545	
365	37.893710	37.895785	39.187472	39.189547	28.684009	28.692309	
366	37.837205	37.839281	39.007147	39.009222	28.395687	28.403988	
367	37.784245	37.786321	38.835257	38.837332	28.120662	28.128963	
368	37.734754	37.736830	38.672013	38.674088	27.859302	27.867603	
369	37.688659	37.690735	38.517616	38.519691	27.611957	27.620258	
370	37.645890	37.647966	38.372257	38.374332	27.378959	27.387260	
371	37.606380	37.608456	38.236116	38.238192	27.160622	27.168923	
372	37.570066	37.572141	38.109363	38.111438	26.957241	26.965542	
373	37.536887	37.538963	37.992156	37.994231	26.769092	26.777393	
374	37.506789	37.508864	37.884641	37.886716	26.596431	26.604732	
375	37.479718	37.481793	37.786952	37.789027	26.439493	26.447794	
376	37.455628	37.457703	37.699213	37.701288	26.298492	26.306793	
377	37.434475	37.436550	37.621534	37.623609	26.173621	26.181922	
378	37.416221	37.418296	37.554012	37.556087	26.065050	26.073351	
379	37.400833	37.402909	37.496733	37.498809	25.972929	25.981230	
380	37.388283	37.390358	37.449770	37.451845	25.897384	25.905685	
381	37.378546	37.380621	37.413181	37.415256	25.838518	25.846819	
382	37.371604	37.373679	37.387013	37.389088	25.796414	25.804715	
383	37.367444	37.369519	37.371299	37.373374	25.771128	25.779429	
384	37.366058	37.368134	37.366058	37.368134	25.762695	25.770996	
