#p	a_up	a_dn	b_up	b_dn	c_up	c_dn	NaN
0	-3.887955	-3.843857	-3.887955	-3.843857	-15.051605	-15.007355	
1	-3.887654	-3.843556	-3.884943	-3.840845	-15.047389	-15.003138	
2	-3.886750	-3.842652	-3.875909	-3.831811	-15.034742	-14.990491	
3	-3.885245	-3.841147	-3.860859	-3.816761	-15.013672	-14.969421	
4	-3.883139	-3.839042	-3.839802	-3.795704	-14.984191	-14.939941	
5	-3.880434	-3.836336	-3.812750	-3.768652	-14.946319	-14.902068	
6	-3.877131	-3.833033	-3.779720	-3.735622	-14.900076	-14.855826	
7	-3.873232	-3.829134	-3.740731	-3.696633	-14.845492	-14.801242	
8	-3.868740	-3.824642	-3.695808	-3.651710	-14.782599	-14.738349	
9	-3.863657	-3.819559	-3.644976	-3.600878	-14.711435	-14.667185	
10	-3.857986	-3.813888	-3.588267	-3.544169	-14.632043	-14.587792	
11	-3.851731	-3.807633	-3.525715	-3.481617	-14.544470	-14.500220	
12	-3.844895	-3.800797	-3.457358	-3.413260	-14.448770	-14.404519	
13	-3.837483	-3.793385	-3.383237	-3.339139	-14.345000	-14.300749	
14	-3.829499	-3.785401	-3.303395	-3.259297	-14.233222	-14.188972	
15	-3.820948	-3.776850	-3.217883	-3.173785	-14.113504	-14.069254	
16	-3.811834	-3.767736	-3.126750	-3.082652	-13.985919	-13.941668	
17	-3.802164	-3.758067	-3.030052	-2.985954	-13.850542	-13.806291	
18	-3.791944	-3.747846	-2.927848	-2.883750	-13.707455	-13.663205	
19	-3.781179	-3.737081	-2.820198	-2.776100	-13.556745	-13.512495	
20	-3.769876	-3.725778	-2.707167	-2.663069	-13.398503	-13.354252	
21	-3.758042	-3.713944	-2.588825	-2.544727	-13.232823	-13.188573	
22	-3.745683	-3.701585	-2.465241	-2.421143	-13.059806	-13.015555	
23	-3.732808	-3.688710	-2.336490	-2.292392	-12.879555	-12.835305	
24	-3.719424	-3.675326	-2.202651	-2.158553	-12.692180	-12.647929	
25	-3.705540	-3.661442	-2.063803	-2.019705	-12.497793	-12.453542	
26	-3.691162	-3.647064	-1.920030	-1.875932	-12.296511	-12.252260	
27	-3.676301	-3.632203	-1.771419	-1.727321	-12.088455	-12.044205	
28	-3.660965	-3.616867	-1.618059	-1.573961	-11.873752	-11.829501	
29	-3.645164	-3.601066	-1.460043	-1.415945	-11.652529	-11.608279	
30	-3.628906	-3.584808	-1.297466	-1.253368	-11.424921	-11.380670	
31	-3.612202	-3.568104	-1.130426	-1.086328	-11.191064	-11.146814	
32	-3.595061	-3.550964	-0.959023	-0.914925	-10.951100	-10.906850	
33	-3.577495	-3.533397	-0.783360	-0.739262	-10.705173	-10.660922	
34	-3.559514	-3.515416	-0.603544	-0.559446	-10.453431	-10.409180	
35	-3.541128	-3.497030	-0.419683	-0.375585	-10.196025	-10.151775	
36	-3.522348	-3.478250	-0.231888	-0.187790	-9.933111	-9.888861	
37	-3.503186	-3.459088	-0.040271	0.003827	-9.664847	-9.620597	
38	-3.483654	-3.439556	0.155052	0.199150	-9.391395	-9.347145	
39	-3.463763	-3.419665	0.353963	0.398061	-9.112920	-9.068669	
40	-3.443525	-3.399427	0.556343	0.600441	-8.829588	-8.785338	
41	-3.422952	-3.378854	0.762069	0.806167	-8.541572	-8.497321	
42	-3.402057	-3.357960	0.971018	1.015116	-8.249044	-8.204793	
43	-3.380853	-3.336755	1.183063	1.227161	-7.952180	-7.907929	
44	-3.359351	-3.315254	1.398078	1.442176	-7.651160	-7.606909	
45	-3.337566	-3.293468	1.615932	1.660030	-7.346164	-7.301913	
46	-3.315510	-3.271412	1.836494	1.880592	-7.037377	-6.993126	
47	-3.293196	-3.249098	2.059632	2.103730	-6.724984	-6.680733	
48	-3.270638	-3.226540	2.285211	2.329309	-6.409173	-6.364923	
49	-3.247850	-3.203752	2.513095	2.557193	-6.090136	-6.045885	
50	-3.224845	-3.180747	2.743147	2.787245	-5.768063	-5.723813	
51	-3.201636	-3.157539	2.975228	3.019326	-5.443150	-5.398899	
52	-3.178239	-3.134141	3.209199	3.253296	-5.115591	-5.071340	
53	-3.154667	-3.110570	3.444918	3.489016	-4.785584	-4.741333	
54	-3.130935	-3.086837	3.682243	3.726341	-4.453328	-4.409077	
55	-3.107056	-3.062958	3.921033	3.965131	-4.119023	-4.074772	
56	-3.083045	-3.038947	4.161142	4.205240	-3.782870	-3.738619	
57	-3.058917	-3.014819	4.402426	4.446524	-3.445072	-3.400821	
58	-3.034685	-2.990587	4.644741	4.688838	-3.105832	-3.061581	
59	-3.010365	-2.966267	4.887939	4.932036	-2.765355	-2.721104	
60	-2.985972	-2.941874	5.131874	5.175972	-2.423845	-2.379595	
61	-2.961519	-2.917421	5.376400	5.420498	-2.081509	-2.037259	
62	-2.937022	-2.892924	5.621369	5.665466	-1.738553	-1.694302	
63	-2.912496	-2.868398	5.866633	5.910731	-1.395182	-1.350932	
64	-2.887955	-2.843857	6.112045	6.156143	-1.051605	-1.007355	
65	-2.863413	-2.819316	6.357458	6.401555	-0.708028	-0.663778	
66	-2.838887	-2.794789	6.602722	6.646820	-0.364658	-0.320407	
67	-2.814390	-2.770292	6.847691	6.891789	-0.021701	0.022549	
68	-2.789938	-2.745840	7.092217	7.136315	0.320635	0.364885	
69	-2.765544	-2.721446	7.336152	7.380250	0.662144	0.706395	
70	-2.741224	-2.697126	7.579350	7.623448	1.002621	1.046872	
71	-2.716993	-2.672895	7.821664	7.865762	1.341861	1.386112	
72	-2.692864	-2.648766	8.062949	8.107046	1.679659	1.723910	
73	-2.668853	-2.624756	8.303058	8.347156	2.015812	2.060063	
74	-2.644975	-2.600877	8.541847	8.585945	2.350117	2.394368	
75	-2.621242	-2.577144	8.779173	8.823271	2.682373	2.726624	
76	-2.597670	-2.553572	9.014892	9.058990	3.012380	3.056631	
77	-2.574273	-2.530175	9.248863	9.292961	3.339939	3.384190	
78	-2.551065	-2.506967	9.480944	9.525042	3.664853	3.709103	
79	-2.528060	-2.483962	9.710996	9.755094	3.986925	4.031176	
80	-2.505271	-2.461173	9.938880	9.982978	4.305963	4.350213	
81	-2.482713	-2.438615	10.164458	10.208556	4.621773	4.666024	
82	-2.460400	-2.416302	10.387596	10.431694	4.934166	4.978417	
83	-2.438343	-2.394245	10.608159	10.652256	5.242953	5.287204	
84	-2.416558	-2.372460	10.826013	10.870111	5.547949	5.592200	
85	-2.395057	-2.350959	11.041027	11.085125	5.848969	5.893220	
86	-2.373852	-2.329754	11.253073	11.297171	6.145833	6.190084	
87	-2.352957	-2.308859	11.462021	11.506119	6.438361	6.482612	
88	-2.332384	-2.288287	11.667748	11.711846	6.726378	6.770629	
89	-2.312147	-2.268049	11.870127	11.914225	7.009709	7.053960	
90	-2.292255	-2.248158	12.069038	12.113136	7.288185	7.332436	
91	-2.272723	-2.228625	12.264361	12.308459	7.561637	7.605888	
92	-2.253561	-2.209464	12.455978	12.500076	7.829901	7.874151	
93	-2.234782	-2.190684	12.643774	12.687872	8.092815	8.137065	
94	-2.216396	-2.172298	12.827635	12.871733	8.350220	8.394471	
95	-2.198414	-2.154316	13.007451	13.051549	8.601962	8.646213	
96	-2.180848	-2.136750	13.183113	13.227211	8.847890	8.892140	
97	-2.163708	-2.119610	13.354516	13.398614	9.087854	9.132104	
98	-2.147004	-2.102906	13.521557	13.565654	9.321711	9.365961	
99	-2.130746	-2.086648	13.684134	13.728232	9.549319	9.593569	
100	-2.114944	-2.070846	13.842150	13.886248	9.770541	9.814792	
101	-2.099608	-2.055510	13.995510	14.039607	9.985245	10.029495	
102	-2.084747	-2.040649	14.144121	14.188219	10.193300	10.237551	
103	-2.070370	-2.026272	14.287893	14.331991	10.394582	10.438833	
104	-2.056485	-2.012387	14.426741	14.470839	10.588969	10.633220	
105	-2.043101	-1.999003	14.560581	14.604679	10.776345	10.820595	
106	-2.030226	-1.986128	14.689331	14.733429	10.956595	11.000846	
107	-2.017868	-1.973770	14.812915	14.857013	11.129613	11.173863	
108	-2.006033	-1.961936	14.931258	14.975356	11.295292	11.339543	
109	-1.994730	-1.950633	15.044288	15.088386	11.453535	11.497785	
110	-1.983965	-1.939868	15.151938	15.196036	11.604245	11.648495	
111	-1.973745	-1.929647	15.254143	15.298241	11.747331	11.791582	
112	-1.964075	-1.919977	15.350841	15.394939	11.882708	11.926959	
113	-1.954962	-1.910864	15.441973	15.486071	12.010294	12.054544	
114	-1.946411	-1.902313	15.527486	15.571584	12.130012	12.174262	
115	-1.938427	-1.894329	15.607327	15.651425	12.241789	12.286040	
116	-1.931014	-1.886916	15.681449	15.725547	12.345559	12.389810	
117	-1.924179	-1.880081	15.749806	15.793904	12.441260	12.485510	
118	-1.917923	-1.873826	15.812358	15.856456	12.528832	12.573083	
119	-1.912253	-1.868155	15.869067	15.913164	12.608225	12.652475	
120	-1.907169	-1.863072	15.919898	15.963996	12.679389	12.723639	
121	-1.902677	-1.858579	15.964822	16.008920	12.742282	12.786532	
122	-1.898778	-1.854680	16.003810	16.047908	12.796866	12.841116	
123	-1.895475	-1.851377	16.036841	16.080939	12.843108	12.887359	
124	-1.892770	-1.848672	16.063893	16.107990	12.880981	12.925231	
125	-1.890664	-1.846566	16.084950	16.129048	12.910461	12.954712	
126	-1.889159	-1.845061	16.100000	16.144098	12.931531	12.975782	
127	-1.888256	-1.844158	16.109033	16.153131	12.944178	12.988429	
128	-1.887955	-1.843857	16.112045	16.156143	12.948395	12.992645	
129	-1.884943	-1.840845	16.112346	16.156444	12.948997	12.993248	
130	-1.875909	-1.831811	16.113250	16.157348	12.950804	12.995054	
131	-1.860859	-1.816761	16.114755	16.158853	12.953814	12.998064	
132	-1.839802	-1.795704	16.116861	16.160958	12.958025	13.002276	
133	-1.812750	-1.768652	16.119566	16.163664	12.963436	13.007686	
134	-1.779720	-1.735622	16.122869	16.166967	12.970042	13.014292	
135	-1.740731	-1.696633	16.126768	16.170866	12.977839	13.022090	
136	-1.695808	-1.651710	16.131260	16.175358	12.986824	13.031075	
137	-1.644976	-1.600878	16.136343	16.180441	12.996991	13.041241	
138	-1.588267	-1.544169	16.142014	16.186112	13.008332	13.052583	
139	-1.525715	-1.481617	16.148269	16.192367	13.020843	13.065093	
140	-1.457358	-1.413260	16.155105	16.199203	13.034514	13.078765	
141	-1.383237	-1.339139	16.162517	16.206615	13.049338	13.093589	
142	-1.303395	-1.259297	16.170501	16.214599	13.065307	13.109557	
143	-1.217883	-1.173785	16.179052	16.223150	13.082409	13.126660	
144	-1.126750	-1.082652	16.188166	16.232264	13.100636	13.144886	
145	-1.030052	-0.985954	16.197836	16.241933	13.119975	13.164226	
146	-0.927848	-0.883750	16.208056	16.252154	13.140416	13.184667	
147	-0.820198	-0.776100	16.218821	16.262919	13.161946	13.206197	
148	-0.707167	-0.663069	16.230124	16.274222	13.184552	13.228803	
149	-0.588825	-0.544727	16.241958	16.286056	13.208221	13.252471	
150	-0.465241	-0.421143	16.254317	16.298415	13.232938	13.277188	
151	-0.336490	-0.292392	16.267192	16.311290	13.258688	13.302938	
152	-0.202651	-0.158553	16.280576	16.324674	13.285456	13.329706	
153	-0.063803	-0.019705	16.294460	16.338558	13.313225	13.357476	
154	0.079970	0.124068	16.308838	16.352936	13.341980	13.386230	
155	0.228581	0.272679	16.323699	16.367797	13.371702	13.415952	
156	0.381941	0.426039	16.339035	16.383133	13.402374	13.446624	
157	0.539957	0.584055	16.354836	16.398934	13.433977	13.478228	
158	0.702534	0.746632	16.371094	16.415192	13.466493	13.510743	
159	0.869574	0.913672	16.387798	16.431896	13.499901	13.544151	
160	1.040977	1.085075	16.404939	16.449036	13.534181	13.578432	
161	1.216640	1.260738	16.422505	16.466603	13.569314	13.613564	
162	1.396456	1.440554	16.440486	16.484584	13.605277	13.649527	
163	1.580317	1.624415	16.458872	16.502970	13.642049	13.686300	
164	1.768112	1.812210	16.477652	16.521750	13.679608	13.723859	
165	1.959729	2.003827	16.496814	16.540912	13.717932	13.762182	
166	2.155052	2.199150	16.516346	16.560444	13.756996	13.801247	
167	2.353963	2.398061	16.536237	16.580335	13.796778	13.841029	
168	2.556343	2.600441	16.556475	16.600573	13.837254	13.881505	
169	2.762069	2.806167	16.577048	16.621146	13.878400	13.922650	
170	2.971018	3.015116	16.597943	16.642040	13.920189	13.964440	
171	3.183063	3.227161	16.619147	16.663245	13.962598	14.006849	
172	3.398078	3.442176	16.640649	16.684746	14.005601	14.049852	
173	3.615932	3.660030	16.662434	16.706532	14.049172	14.093423	
174	3.836494	3.880592	16.684490	16.728588	14.093285	14.137535	
175	4.059632	4.103730	16.706804	16.750902	14.137912	14.182163	
176	4.285211	4.329309	16.729362	16.773460	14.183028	14.227278	
177	4.513095	4.557193	16.752150	16.796248	14.228605	14.272855	
178	4.743147	4.787245	16.775155	16.819253	14.274615	14.318866	
179	4.975228	5.019326	16.798364	16.842461	14.321031	14.365282	
180	5.209199	5.253296	16.821761	16.865859	14.367825	14.412076	
181	5.444918	5.489016	16.845333	16.889430	14.414969	14.459220	
182	5.682243	5.726341	16.869065	16.913163	14.462434	14.506685	
183	5.921033	5.965131	16.892944	16.937042	14.510192	14.554443	
184	6.161142	6.205240	16.916955	16.961053	14.558214	14.602465	
185	6.402426	6.446524	16.941083	16.985181	14.606471	14.650721	
186	6.644741	6.688838	16.965315	17.009413	14.654934	14.699184	
187	6.887939	6.932036	16.989635	17.033733	14.703573	14.747824	
188	7.131874	7.175972	17.014028	17.058126	14.752360	14.796611	
189	7.376400	7.420498	17.038481	17.082579	14.801266	14.845516	
190	7.621369	7.665466	17.062978	17.107076	14.850259	14.894510	
191	7.866633	7.910731	17.087504	17.131602	14.899312	14.943563	
192	8.112045	8.156143	17.112045	17.156143	14.948395	14.992645	
193	8.357458	8.401555	17.136587	17.180684	14.997477	15.041728	
194	8.602722	8.646820	17.161113	17.205211	15.046530	15.090781	
195	8.847691	8.891789	17.185610	17.229708	15.095524	15.139774	
196	9.092217	9.136315	17.210062	17.254160	15.144429	15.188680	
197	9.336152	9.380250	17.234456	17.278554	15.193216	15.237467	
198	9.579350	9.623448	17.258776	17.302874	15.241856	15.286106	
199	9.821664	9.865762	17.283007	17.327105	15.290319	15.334569	
200	10.062949	10.107046	17.307136	17.351234	15.338575	15.382826	
201	10.303058	10.347156	17.331147	17.375244	15.386597	15.430848	
202	10.541847	10.585945	17.355025	17.399123	15.434355	15.478606	
203	10.779173	10.823271	17.378758	17.422856	15.481820	15.526071	
204	11.014892	11.058990	17.402330	17.446428	15.528964	15.573215	
205	11.248863	11.292961	17.425727	17.469825	15.575758	15.620009	
206	11.480944	11.525042	17.448935	17.493033	15.622174	15.666425	
207	11.710996	11.755094	17.471940	17.516038	15.668185	15.712435	
208	11.938880	11.982978	17.494729	17.538827	15.713762	15.758012	
209	12.164458	12.208556	17.517287	17.561385	15.758877	15.803128	
210	12.387596	12.431694	17.539600	17.583698	15.803505	15.847755	
211	12.608159	12.652256	17.561657	17.605755	15.847617	15.891868	
212	12.826013	12.870111	17.583442	17.627540	15.891188	15.935439	
213	13.041027	13.085125	17.604943	17.649041	15.934191	15.978442	
214	13.253073	13.297171	17.626148	17.670246	15.976600	16.020851	
215	13.462021	13.506119	17.647043	17.691141	16.018390	16.062641	
216	13.667748	13.711846	17.667616	17.711713	16.059535	16.103786	
217	13.870127	13.914225	17.687853	17.731951	16.100011	16.144262	
218	14.069038	14.113136	17.707745	17.751842	16.139793	16.184044	
219	14.264361	14.308459	17.727277	17.771375	16.178858	16.223108	
220	14.455978	14.500076	17.746439	17.790536	16.217181	16.261432	
221	14.643774	14.687872	17.765218	17.809316	16.254740	16.298991	
222	14.827635	14.871733	17.783604	17.827702	16.291513	16.335763	
223	15.007451	15.051549	17.801586	17.845684	16.327476	16.371726	
224	15.183113	15.227211	17.819152	17.863250	16.362608	16.406859	
225	15.354516	15.398614	17.836292	17.880390	16.396889	16.441139	
226	15.521557	15.565654	17.852996	17.897094	16.430297	16.474548	
227	15.684134	15.728232	17.869254	17.913352	16.462812	16.507063	
228	15.842150	15.886248	17.885056	17.929154	16.494416	16.538666	
229	15.995510	16.039607	17.900392	17.944490	16.525088	16.569338	
230	16.144121	16.188219	17.915253	17.959351	16.554810	16.599060	
231	16.287893	16.331991	17.929630	17.973728	16.583564	16.627815	
232	16.426741	16.470839	17.943515	17.987613	16.611334	16.655584	
233	16.560581	16.604679	17.956899	18.000997	16.638102	16.682352	
234	16.689331	16.733429	17.969774	18.013872	16.663852	16.708102	
235	16.812915	16.857013	17.982132	18.026230	16.688569	16.732819	
236	16.931258	16.975356	17.993967	18.038064	16.712237	16.756488	
237	17.044288	17.088386	18.005270	18.049367	16.734843	16.779094	
238	17.151938	17.196036	18.016035	18.060132	16.756373	16.800624	
239	17.254143	17.298241	18.026255	18.070353	16.776814	16.821065	
240	17.350841	17.394939	18.035925	18.080023	16.796154	16.840404	
241	17.441973	17.486071	18.045038	18.089136	16.814380	16.858631	
242	17.527486	17.571584	18.053589	18.097687	16.831483	16.875733	
243	17.607327	17.651425	18.061573	18.105671	16.847451	16.891702	
244	17.681449	17.725547	18.068986	18.113084	16.862275	16.906526	
245	17.749806	17.793904	18.075821	18.119919	16.875947	16.920197	
246	17.812358	17.856456	18.082077	18.126174	16.888457	16.932708	
247	17.869067	17.913164	18.087747	18.131845	16.899799	16.944050	
248	17.919898	17.963996	18.092831	18.136928	16.909965	16.954216	
249	17.964822	18.008920	18.097323	18.141421	16.918950	16.963201	
250	18.003810	18.047908	18.101222	18.145320	16.926748	16.970998	
251	18.036841	18.080939	18.104525	18.148623	16.933354	16.977604	
252	18.063893	18.107990	18.107230	18.151328	16.938764	16.983015	
253	18.084950	18.129048	18.109336	18.153434	16.942976	16.987226	
254	18.100000	18.144098	18.110841	18.154939	16.945986	16.990236	
255	18.109033	18.153131	18.111744	18.155842	16.947792	16.992043	
256	18.112045	18.156143	18.112045	18.156143	16.948395	16.992645	
257	18.106805	18.150903	18.110660	18.154757	16.947190	16.991440	
258	18.091091	18.135189	18.106500	18.150598	16.943568	16.987818	
259	18.064923	18.109021	18.099558	18.143656	16.937513	16.981763	
260	18.028334	18.072432	18.089821	18.133919	16.928995	16.973245	
261	17.981370	18.025468	18.077270	18.121368	16.917974	16.962224	
262	17.924091	17.968189	18.061882	18.105980	16.904398	16.948648	
263	17.856570	17.900668	18.043629	18.087727	16.888205	16.932455	
264	17.778891	17.822989	18.022476	18.066574	16.869321	16.913571	
265	17.691152	17.735249	17.998386	18.042484	16.847661	16.891911	
266	17.593463	17.637561	17.971315	18.015413	16.823131	16.867382	
267	17.485948	17.530046	17.941216	17.985314	16.795626	16.839876	
268	17.368740	17.412838	17.908038	17.952136	16.765031	16.809282	
269	17.241987	17.286085	17.871723	17.915821	16.731223	16.775474	
270	17.105847	17.149945	17.832213	17.876311	16.694068	16.738319	
271	16.960488	17.004586	17.789444	17.833542	16.653426	16.697677	
272	16.806091	16.850189	17.743349	17.787447	16.609147	16.653397	
273	16.642847	16.686945	17.693858	17.737956	16.561074	16.605324	
274	16.470957	16.515055	17.640898	17.684996	16.509044	16.553294	
275	16.290631	16.334729	17.584394	17.628492	16.452886	16.497136	
276	16.102092	16.146189	17.524267	17.568365	16.392424	16.436675	
277	15.905567	15.949664	17.460438	17.504536	16.327478	16.371729	
278	15.701295	15.745393	17.392825	17.436923	16.257862	16.302113	
279	15.489523	15.533621	17.321346	17.365444	16.183387	16.227637	
280	15.270505	15.314602	17.245918	17.290015	16.103858	16.148109	
281	15.044502	15.088600	17.166454	17.210552	16.019082	16.063333	
282	14.811784	14.855882	17.082873	17.126971	15.928861	15.973112	
283	14.572624	14.616722	16.995088	17.039186	15.832997	15.877248	
284	14.327305	14.371403	16.903016	16.947114	15.731291	15.775542	
285	14.076111	14.120209	16.806574	16.850672	15.623545	15.667795	
286	13.819335	13.863433	16.705680	16.749778	15.509561	15.553812	
287	13.557271	13.601369	16.600255	16.644353	15.389145	15.433396	
288	13.290220	13.334318	16.490220	16.534318	15.262103	15.306354	
289	13.018483	13.062581	16.375500	16.419597	15.128247	15.172497	
290	12.742366	12.786464	16.256021	16.300119	14.987389	15.031640	
291	12.462178	12.506276	16.131715	16.175813	14.839352	14.883602	
292	12.178227	12.222325	16.002516	16.046614	14.683958	14.728209	
293	11.890824	11.934922	15.868361	15.912459	14.521041	14.565291	
294	11.600282	11.644380	15.729193	15.773291	14.350438	14.394688	
295	11.306912	11.351010	15.584959	15.629057	14.171995	14.216246	
296	11.011024	11.055122	15.435611	15.479709	13.985569	14.029819	
297	10.712931	10.757029	15.281107	15.325205	13.791022	13.835272	
298	10.412941	10.457039	15.121410	15.165508	13.588229	13.632479	
299	10.111361	10.155459	14.956490	15.000588	13.377074	13.421325	
300	9.808497	9.852595	14.786322	14.830420	13.157453	13.201704	
301	9.504651	9.548749	14.610889	14.654987	12.929274	12.973524	
302	9.200122	9.244220	14.430181	14.474278	12.692456	12.736707	
303	8.895205	8.939303	14.244194	14.288292	12.446933	12.491183	
304	8.590192	8.634290	14.052934	14.097032	12.192650	12.236901	
305	8.285369	8.329467	13.856412	13.900510	11.929569	11.973819	
306	7.981017	8.025115	13.654650	13.698748	11.657664	11.701914	
307	7.677412	7.721510	13.447676	13.491774	11.376925	11.421176	
308	7.374825	7.418923	13.235528	13.279626	11.087358	11.131609	
309	7.073520	7.117618	13.018251	13.062349	10.788985	10.833235	
310	6.773753	6.817851	12.795901	12.839999	10.481841	10.526092	
311	6.475776	6.519874	12.568542	12.612640	10.165982	10.210233	
312	6.179832	6.223929	12.336246	12.380344	9.841479	9.885729	
313	5.886156	5.930253	12.099097	12.143194	9.508417	9.552668	
314	5.594976	5.639074	11.857185	11.901283	9.166903	9.211154	
315	5.306513	5.350611	11.610613	11.654711	8.817059	8.861310	
316	5.020977	5.065075	11.359490	11.403588	8.459025	8.503275	
317	4.738573	4.782671	11.103938	11.148036	8.092957	8.137208	
318	4.459494	4.503592	10.844085	10.888183	7.719032	7.763282	
319	4.183926	4.228024	10.580072	10.624169	7.337441	7.381691	
320	3.912045	3.956143	10.312045	10.356143	6.948395	6.992645	
321	3.644019	3.688117	10.040165	10.084262	6.552121	6.596372	
322	3.380005	3.424103	9.764596	9.808694	6.148866	6.193117	
323	3.120153	3.164251	9.485518	9.529615	5.738891	5.783142	
324	2.864600	2.908698	9.203113	9.247211	5.322476	5.366727	
325	2.613478	2.657576	8.917578	8.961676	4.899918	4.944168	
326	2.366906	2.411003	8.629115	8.673213	4.471528	4.515779	
327	2.124994	2.169092	8.337935	8.382033	4.037637	4.081887	
328	1.887844	1.931942	8.044259	8.088357	3.598588	3.642839	
329	1.655549	1.699647	7.748315	7.792412	3.154743	3.198993	
330	1.428189	1.472287	7.450337	7.494435	2.706476	2.750726	
331	1.205839	1.249937	7.150571	7.194669	2.254176	2.298427	
332	0.988562	1.032660	6.849265	6.893363	1.798249	1.842499	
333	0.776414	0.820512	6.546678	6.590776	1.339110	1.383360	
334	0.569440	0.613538	6.243074	6.287172	0.877188	0.921439	
335	0.367678	0.411776	5.938722	5.982820	0.412928	0.457178	
336	0.171157	0.215255	5.633898	5.677996	-0.053220	-0.008969	
337	-0.020103	0.023994	5.328885	5.372983	-0.520789	-0.476539	
338	-0.206090	-0.161992	5.023969	5.068066	-0.989307	-0.945056	
339	-0.386798	-0.342700	4.719440	4.763537	-1.458289	-1.414038	
340	-0.562231	-0.518133	4.415594	4.459691	-1.927242	-1.882992	
341	-0.732399	-0.688301	4.112730	4.156827	-2.395668	-2.351418	
342	-0.897320	-0.853222	3.811150	3.855248	-2.863059	-2.818808	
343	-1.057017	-1.012919	3.511160	3.555258	-3.328902	-3.284651	
344	-1.211521	-1.167423	3.213066	3.257164	-3.792679	-3.748428	
345	-1.360869	-1.316771	2.917179	2.961277	-4.253867	-4.209616	
346	-1.505103	-1.461005	2.623808	2.667906	-4.711940	-4.667690	
347	-1.644270	-1.600173	2.333266	2.377364	-5.166370	-5.122120	
348	-1.778425	-1.734327	2.045864	2.089962	-5.616627	-5.572376	
349	-1.907625	-1.863527	1.761913	1.806011	-6.062179	-6.017929	
350	-2.031931	-1.987833	1.481724	1.525822	-6.502497	-6.458247	
351	-2.151409	-2.107311	1.205608	1.249705	-6.937051	-6.892800	
352	-2.266129	-2.222031	0.933871	0.977969	-7.365314	-7.321063	
353	-2.376164	-2.332066	0.666819	0.710917	-7.786762	-7.742511	
354	-2.481590	-2.437492	0.404755	0.448853	-8.200875	-8.156624	
355	-2.582483	-2.538385	0.147979	0.192077	-8.607138	-8.562888	
356	-2.678925	-2.634827	-0.103214	-0.059116	-9.005043	-8.960793	
357	-2.770997	-2.726899	-0.348534	-0.304436	-9.394089	-9.349838	
358	-2.858782	-2.814684	-0.587693	-0.543595	-9.773780	-9.729529	
359	-2.942364	-2.898266	-0.820411	-0.776314	-10.143632	-10.099381	
360	-3.021827	-2.977729	-1.046414	-1.002316	-10.503169	-10.458919	
361	-3.097256	-3.053158	-1.265432	-1.221334	-10.851928	-10.807677	
362	-3.168735	-3.124637	-1.477204	-1.433106	-11.189453	-11.145203	
363	-3.236347	-3.192249	-1.681476	-1.637378	-11.515305	-11.471055	
364	-3.300176	-3.256078	-1.878001	-1.833903	-11.829056	-11.784806	
365	-3.360303	-3.316205	-2.066541	-2.022443	-12.130292	-12.086041	
366	-3.416808	-3.372710	-2.246866	-2.202768	-12.418614	-12.374363	
367	-3.469768	-3.425670	-2.418756	-2.374658	-12.693638	-12.649388	
368	-3.519259	-3.475161	-2.582000	-2.537903	-12.954998	-12.910748	
369	-3.565354	-3.521256	-2.736397	-2.692299	-13.202343	-13.158093	
370	-3.608123	-3.564025	-2.881756	-2.837658	-13.435342	-13.391091	
371	-3.647633	-3.603535	-3.017897	-2.973799	-13.653679	-13.609428	
372	-3.683947	-3.639849	-3.144650	-3.100552	-13.857059	-13.812809	
373	-3.717126	-3.673028	-3.261857	-3.217759	-14.045208	-14.000958	
374	-3.747224	-3.703127	-3.369373	-3.325275	-14.217869	-14.173619	
375	-3.774295	-3.730197	-3.467061	-3.422963	-14.374807	-14.330557	
376	-3.798386	-3.754288	-3.554800	-3.510702	-14.515808	-14.471558	
377	-3.819538	-3.775440	-3.632479	-3.588381	-14.640680	-14.596429	
378	-3.837792	-3.793694	-3.700001	-3.655903	-14.749250	-14.705000	
379	-3.853180	-3.809082	-3.757280	-3.713182	-14.841372	-14.797121	
380	-3.865730	-3.821632	-3.804243	-3.760145	-14.916917	-14.872666	
381	-3.875467	-3.831369	-3.840832	-3.796734	-14.975782	-14.931532	
382	-3.882409	-3.838311	-3.867000	-3.822902	-15.017887	-14.973636	
383	-3.886569	-3.842471	-3.882714	-3.838617	-15.043173	-14.998922	
384	-3.887955	-3.843857	-3.887955	-3.843857	-15.051605	-15.007355	
