#p	a_up	a_dn	b_up	b_dn	c_up	c_dn	NaN
0	37.923810	33.295404	37.925769	33.296057	27.143372	22.368591	
1	37.924111	33.295705	37.928781	33.299069	27.147588	22.372808	
2	37.925014	33.296609	37.937815	33.308103	27.160235	22.385455	
3	37.926519	33.298114	37.952865	33.323153	27.181305	22.406525	
4	37.928625	33.300219	37.973922	33.344210	27.210785	22.436005	
5	37.931330	33.302924	38.000974	33.371262	27.248658	22.473878	
6	37.934633	33.306228	38.034004	33.404292	27.294900	22.520120	
7	37.938532	33.310126	38.072993	33.443281	27.349485	22.574704	
8	37.943024	33.314619	38.117916	33.488204	27.412378	22.637597	
9	37.948108	33.319702	38.168748	33.539036	27.483542	22.708761	
10	37.953778	33.325373	38.225457	33.595745	27.562934	22.788154	
11	37.960034	33.331628	38.288008	33.658296	27.650507	22.875726	
12	37.966869	33.338464	38.356366	33.726654	27.746207	22.971427	
13	37.974282	33.345876	38.430487	33.800775	27.849977	23.075197	
14	37.982266	33.353860	38.510328	33.880617	27.961755	23.186974	
15	37.990817	33.362411	38.595841	33.966129	28.081472	23.306692	
16	37.999930	33.371524	38.686974	34.057262	28.209058	23.434278	
17	38.009600	33.381194	38.783672	34.153960	28.344435	23.569655	
18	38.019820	33.391415	38.885876	34.256164	28.487521	23.712741	
19	38.030585	33.402180	38.993526	34.363814	28.638231	23.863451	
20	38.041888	33.413483	39.106556	34.476845	28.796474	24.021694	
21	38.053723	33.425317	39.224899	34.595187	28.962154	24.187373	
22	38.066081	33.437675	39.348483	34.718771	29.135171	24.360391	
23	38.078956	33.450550	39.477233	34.847522	29.315422	24.540641	
24	38.092340	33.463934	39.611073	34.981361	29.502797	24.728017	
25	38.106225	33.477819	39.749921	35.120209	29.697184	24.922404	
26	38.120602	33.492196	39.893694	35.263982	29.898466	25.123686	
27	38.135463	33.507058	40.042305	35.412593	30.106522	25.331741	
28	38.150799	33.522394	40.195665	35.565953	30.321225	25.546445	
29	38.166601	33.538195	40.353681	35.723969	30.542448	25.767667	
30	38.182859	33.554453	40.516258	35.886546	30.770056	25.995276	
31	38.199563	33.571157	40.683298	36.053586	31.003912	26.229132	
32	38.216703	33.588297	40.854701	36.224989	31.243877	26.469096	
33	38.234269	33.605863	41.030364	36.400652	31.489804	26.715024	
34	38.252251	33.623845	41.210180	36.580468	31.741546	26.966766	
35	38.270637	33.642231	41.394041	36.764329	31.998952	27.224172	
36	38.289416	33.661011	41.581836	36.952124	32.261866	27.487085	
37	38.308578	33.680172	41.773453	37.143741	32.530129	27.755349	
38	38.328110	33.699705	41.968776	37.339064	32.803581	28.028801	
39	38.348002	33.719596	42.167687	37.537975	33.082057	28.307277	
40	38.368240	33.739834	42.370067	37.740355	33.365388	28.590608	
41	38.388812	33.760406	42.575793	37.946081	33.653405	28.878625	
42	38.409707	33.781301	42.784742	38.155030	33.945933	29.171153	
43	38.430912	33.802506	42.996787	38.367075	34.242797	29.468017	
44	38.452413	33.824007	43.211802	38.582090	34.543817	29.769037	
45	38.474198	33.845793	43.429656	38.799944	34.848813	30.074033	
46	38.496255	33.867849	43.650218	39.020506	35.157600	30.382820	
47	38.518568	33.890163	43.873356	39.243644	35.469993	30.695213	
48	38.541126	33.912721	44.098935	39.469223	35.785804	31.011023	
49	38.563915	33.935509	44.326819	39.697107	36.104841	31.330061	
50	38.586920	33.958514	44.556871	39.927159	36.426914	31.652133	
51	38.610128	33.981722	44.788952	40.159240	36.751827	31.977047	
52	38.633525	34.005119	45.022922	40.393210	37.079386	32.304606	
53	38.657097	34.028691	45.258642	40.628930	37.409393	32.634613	
54	38.680830	34.052424	45.495967	40.866255	37.741649	32.966869	
55	38.704709	34.076303	45.734757	41.105045	38.075954	33.301174	
56	38.728719	34.100314	45.974866	41.345154	38.412107	33.637327	
57	38.752848	34.124442	46.216150	41.586438	38.749905	33.975125	
58	38.777079	34.148674	46.458464	41.828752	39.089145	34.314365	
59	38.801399	34.172993	46.701662	42.071950	39.429622	34.654842	
60	38.825793	34.197387	46.945598	42.315886	39.771132	34.996351	
61	38.850245	34.221839	47.190123	42.560412	40.113468	35.338687	
62	38.874742	34.246336	47.435092	42.805380	40.456424	35.681644	
63	38.899269	34.270863	47.680357	43.050645	40.799794	36.025014	
64	38.923810	34.295404	47.925769	43.296057	41.143372	36.368591	
65	38.948351	34.319945	48.171181	43.541469	41.486949	36.712169	
66	38.972877	34.344472	48.416446	43.786734	41.830319	37.055539	
67	38.997374	34.368969	48.661415	44.031703	42.173275	37.398495	
68	39.021827	34.393421	48.905941	44.276229	42.515612	37.740831	
69	39.046220	34.417815	49.149876	44.520164	42.857121	38.082341	
70	39.070540	34.442135	49.393074	44.763362	43.197598	38.422818	
71	39.094772	34.466366	49.635388	45.005676	43.536838	38.762058	
72	39.118900	34.490494	49.876672	45.246960	43.874636	39.099856	
73	39.142911	34.514505	50.116782	45.487070	44.210789	39.436009	
74	39.166790	34.538384	50.355571	45.725859	44.545094	39.770314	
75	39.190522	34.562117	50.592897	45.963185	44.877350	40.102570	
76	39.214094	34.585689	50.828616	46.198904	45.207357	40.432577	
77	39.237491	34.609086	51.062587	46.432875	45.534916	40.760136	
78	39.260700	34.632294	51.294668	46.664956	45.859830	41.085049	
79	39.283705	34.655299	51.524719	46.895008	46.181902	41.407122	
80	39.306493	34.678087	51.752603	47.122891	46.500940	41.726159	
81	39.329051	34.700645	51.978182	47.348470	46.816750	42.041970	
82	39.351365	34.722959	52.201320	47.571608	47.129143	42.354363	
83	39.373421	34.745015	52.421882	47.792170	47.437930	42.663150	
84	39.395206	34.766801	52.639736	48.010025	47.742926	42.968146	
85	39.416708	34.788302	52.854751	48.225039	48.043946	43.269166	
86	39.437912	34.809507	53.066797	48.437085	48.340810	43.566030	
87	39.458807	34.830402	53.275745	48.646033	48.633338	43.858558	
88	39.479380	34.850974	53.481471	48.851759	48.921355	44.146575	
89	39.499618	34.871212	53.683851	49.054139	49.204686	44.429906	
90	39.519509	34.891103	53.882762	49.253050	49.483162	44.708382	
91	39.539041	34.910636	54.078085	49.448373	49.756614	44.981834	
92	39.558203	34.929797	54.269702	49.639990	50.024878	45.250097	
93	39.576983	34.948577	54.457498	49.827786	50.287791	45.513011	
94	39.595369	34.966963	54.641359	50.011647	50.545197	45.770417	
95	39.613350	34.984945	54.821175	50.191463	50.796939	46.022159	
96	39.630917	35.002511	54.996837	50.367125	51.042867	46.268086	
97	39.648057	35.019651	55.168240	50.538528	51.282831	46.508050	
98	39.664761	35.036355	55.335280	50.705568	51.516687	46.741907	
99	39.681019	35.052613	55.497858	50.868146	51.744295	46.969515	
100	39.696820	35.068414	55.655874	51.026162	51.965518	47.190738	
101	39.712156	35.083750	55.809233	51.179521	52.180222	47.405441	
102	39.727017	35.098612	55.957844	51.328132	52.388277	47.613497	
103	39.741395	35.112989	56.101617	51.471905	52.589559	47.814779	
104	39.755279	35.126874	56.240465	51.610753	52.783946	48.009166	
105	39.768663	35.140258	56.374305	51.744593	52.971321	48.196541	
106	39.781538	35.153133	56.503055	51.873343	53.151572	48.376792	
107	39.793897	35.165491	56.626639	51.996927	53.324589	48.549809	
108	39.805731	35.177325	56.744982	52.115270	53.490269	48.715489	
109	39.817034	35.188628	56.858012	52.228300	53.648512	48.873732	
110	39.827799	35.199393	56.965662	52.335950	53.799222	49.024441	
111	39.838019	35.209614	57.067867	52.438155	53.942308	49.167528	
112	39.847689	35.219284	57.164564	52.534852	54.077685	49.302905	
113	39.856803	35.228397	57.255697	52.625985	54.205271	49.430490	
114	39.865354	35.236948	57.341210	52.711498	54.324988	49.550208	
115	39.873338	35.244932	57.421051	52.791339	54.436766	49.661986	
116	39.880750	35.252344	57.495172	52.865461	54.540536	49.765756	
117	39.887586	35.259180	57.563530	52.933818	54.636237	49.861456	
118	39.893841	35.265435	57.626082	52.996370	54.723809	49.949029	
119	39.899512	35.271106	57.682790	53.053078	54.803201	50.028421	
120	39.904595	35.276189	57.733622	53.103910	54.874366	50.099585	
121	39.909087	35.280682	57.778546	53.148834	54.937259	50.162478	
122	39.912986	35.284581	57.817534	53.187822	54.991843	50.217062	
123	39.916289	35.287884	57.850564	53.220852	55.038085	50.263305	
124	39.918994	35.290589	57.877616	53.247904	55.075958	50.301177	
125	39.921100	35.292694	57.898674	53.268962	55.105438	50.330658	
126	39.922605	35.294199	57.913724	53.284012	55.126508	50.351728	
127	39.923509	35.295103	57.922757	53.293045	55.139155	50.364375	
128	39.923810	35.295404	57.925769	53.296057	55.143372	50.368591	
129	39.926822	35.298416	57.926070	53.296358	55.143974	50.369194	
130	39.935855	35.307449	57.926974	53.297262	55.145781	50.371000	
131	39.950905	35.322499	57.928479	53.298767	55.148791	50.374010	
132	39.971962	35.343557	57.930584	53.300872	55.153002	50.378222	
133	39.999014	35.370609	57.933290	53.303578	55.158413	50.383632	
134	40.032045	35.403639	57.936593	53.306881	55.165019	50.390238	
135	40.071033	35.442628	57.940491	53.310780	55.172816	50.398036	
136	40.115957	35.487551	57.944984	53.315272	55.181801	50.407021	
137	40.166788	35.538383	57.950067	53.320355	55.191967	50.417187	
138	40.223497	35.595091	57.955738	53.326026	55.203309	50.428529	
139	40.286049	35.657643	57.961993	53.332281	55.215819	50.441039	
140	40.354406	35.726001	57.968829	53.339117	55.229491	50.454711	
141	40.428528	35.800122	57.976241	53.346529	55.244315	50.469535	
142	40.508369	35.879963	57.984225	53.354513	55.260283	50.485503	
143	40.593882	35.965476	57.992776	53.363064	55.277386	50.502606	
144	40.685014	36.056609	58.001890	53.372178	55.295613	50.520832	
145	40.781712	36.153306	58.011559	53.381847	55.314952	50.540172	
146	40.883917	36.255511	58.021780	53.392068	55.335393	50.560613	
147	40.991567	36.363161	58.032545	53.402833	55.356923	50.582143	
148	41.104597	36.476191	58.043848	53.414136	55.379529	50.604749	
149	41.222940	36.594534	58.055682	53.425970	55.403198	50.628417	
150	41.346524	36.718118	58.068041	53.438329	55.427914	50.653134	
151	41.475274	36.846868	58.080916	53.451204	55.453664	50.678884	
152	41.609114	36.980708	58.094300	53.464588	55.480432	50.705652	
153	41.747962	37.119556	58.108184	53.478472	55.508202	50.733422	
154	41.891734	37.263329	58.122562	53.492850	55.536957	50.762176	
155	42.040345	37.411940	58.137423	53.507711	55.566679	50.791898	
156	42.193705	37.565299	58.152759	53.523047	55.597351	50.822570	
157	42.351721	37.723316	58.168560	53.538848	55.628954	50.854174	
158	42.514298	37.885893	58.184818	53.555106	55.661469	50.886689	
159	42.681339	38.052933	58.201522	53.571810	55.694877	50.920097	
160	42.852742	38.224336	58.218662	53.588950	55.729158	50.954378	
161	43.028404	38.399999	58.236229	53.606517	55.764290	50.989510	
162	43.208220	38.579814	58.254210	53.624498	55.800254	51.025473	
163	43.392081	38.763676	58.272596	53.642884	55.837026	51.062246	
164	43.579877	38.951471	58.291376	53.661664	55.874585	51.099805	
165	43.771494	39.143088	58.310538	53.680826	55.912908	51.138128	
166	43.966817	39.338411	58.330070	53.700358	55.951973	51.177193	
167	44.165728	39.537322	58.349961	53.720249	55.991755	51.216975	
168	44.368107	39.739702	58.370199	53.740487	56.032231	51.257451	
169	44.573834	39.945428	58.390771	53.761060	56.073376	51.298596	
170	44.782782	40.154377	58.411666	53.781954	56.115166	51.340386	
171	44.994828	40.366422	58.432871	53.803159	56.157575	51.382795	
172	45.209842	40.581437	58.454372	53.824660	56.200578	51.425798	
173	45.427696	40.799291	58.476158	53.846446	56.244149	51.469369	
174	45.648259	41.019853	58.498214	53.868502	56.288261	51.513481	
175	45.871397	41.242991	58.520528	53.890816	56.332889	51.558109	
176	46.096975	41.468570	58.543086	53.913374	56.378005	51.603224	
177	46.324859	41.696454	58.565874	53.936162	56.423582	51.648801	
178	46.554911	41.926505	58.588879	53.959167	56.469592	51.694812	
179	46.786992	42.158587	58.612087	53.982375	56.516008	51.741228	
180	47.020963	42.392557	58.635484	54.005772	56.562802	51.788022	
181	47.256682	42.628276	58.659056	54.029344	56.609946	51.835166	
182	47.494008	42.865602	58.682789	54.053077	56.657411	51.882631	
183	47.732797	43.104392	58.706668	54.076956	56.705169	51.930389	
184	47.972907	43.344501	58.730679	54.100967	56.753191	51.978411	
185	48.214191	43.585785	58.754807	54.125095	56.801448	52.026668	
186	48.456505	43.828099	58.779039	54.149327	56.849911	52.075130	
187	48.699703	44.071297	58.803358	54.173646	56.898550	52.123770	
188	48.943638	44.315233	58.827752	54.198040	56.947337	52.172557	
189	49.188164	44.559758	58.852205	54.222493	56.996242	52.221462	
190	49.433133	44.804727	58.876701	54.246989	57.045236	52.270456	
191	49.678397	45.049992	58.901228	54.271516	57.094289	52.319509	
192	49.923810	45.295404	58.925769	54.296057	57.143372	52.368591	
193	50.169222	45.540816	58.950310	54.320598	57.192454	52.417674	
194	50.414486	45.786081	58.974837	54.345125	57.241507	52.466727	
195	50.659455	46.031050	58.999334	54.369622	57.290501	52.515720	
196	50.903981	46.275575	59.023786	54.394074	57.339406	52.564626	
197	51.147916	46.519511	59.048180	54.418468	57.388193	52.613413	
198	51.391114	46.762709	59.072500	54.442788	57.436833	52.662052	
199	51.633429	47.005023	59.096731	54.467019	57.485295	52.710515	
200	51.874713	47.246307	59.120859	54.491147	57.533552	52.758772	
201	52.114822	47.486416	59.144870	54.515158	57.581574	52.806794	
202	52.353612	47.725206	59.168749	54.539037	57.629332	52.854552	
203	52.590937	47.962532	59.192482	54.562770	57.676797	52.902017	
204	52.826657	48.198251	59.216054	54.586342	57.723941	52.949161	
205	53.060627	48.432221	59.239451	54.609739	57.770735	52.995955	
206	53.292708	48.664303	59.262659	54.632947	57.817151	53.042371	
207	53.522760	48.894354	59.285664	54.655952	57.863162	53.088381	
208	53.750644	49.122238	59.308453	54.678741	57.908738	53.133958	
209	53.976223	49.347817	59.331010	54.701298	57.953854	53.179074	
210	54.199361	49.570955	59.353324	54.723612	57.998482	53.223701	
211	54.419923	49.791517	59.375380	54.745668	58.042594	53.267814	
212	54.637777	50.009371	59.397166	54.767454	58.086165	53.311385	
213	54.852792	50.224386	59.418667	54.788955	58.129168	53.354388	
214	55.064837	50.436431	59.439872	54.810160	58.171577	53.396797	
215	55.273786	50.645380	59.460767	54.831055	58.213367	53.438587	
216	55.479512	50.851106	59.481339	54.851627	58.254512	53.479732	
217	55.681892	51.053486	59.501577	54.871865	58.294988	53.520208	
218	55.880803	51.252397	59.521468	54.891756	58.334770	53.559990	
219	56.076126	51.447720	59.541001	54.911289	58.373835	53.599054	
220	56.267743	51.639337	59.560162	54.930450	58.412158	53.637378	
221	56.455538	51.827132	59.578942	54.949230	58.449717	53.674937	
222	56.639399	52.010994	59.597328	54.967616	58.486489	53.711709	
223	56.819215	52.190809	59.615310	54.985598	58.522453	53.747672	
224	56.994878	52.366472	59.632876	55.003164	58.557585	53.782805	
225	57.166281	52.537875	59.650016	55.020304	58.591866	53.817085	
226	57.333321	52.704915	59.666720	55.037008	58.625274	53.850494	
227	57.495898	52.867492	59.682978	55.053266	58.657789	53.883009	
228	57.653914	53.025509	59.698780	55.069068	58.689392	53.914612	
229	57.807274	53.178868	59.714116	55.084404	58.720064	53.945284	
230	57.955885	53.327479	59.728977	55.099265	58.749787	53.975006	
231	58.099658	53.471252	59.743354	55.113642	58.778541	54.003761	
232	58.238506	53.610100	59.757239	55.127527	58.806311	54.031531	
233	58.372345	53.743940	59.770623	55.140911	58.833079	54.058298	
234	58.501096	53.872690	59.783498	55.153786	58.858829	54.084049	
235	58.624680	53.996274	59.795856	55.166144	58.883546	54.108765	
236	58.743022	54.114617	59.807690	55.177978	58.907214	54.132434	
237	58.856053	54.227647	59.818993	55.189281	58.929820	54.155040	
238	58.963703	54.335297	59.829758	55.200046	58.951350	54.176570	
239	59.065907	54.437502	59.839979	55.210267	58.971791	54.197011	
240	59.162605	54.534199	59.849649	55.219937	58.991131	54.216350	
241	59.253738	54.625332	59.858762	55.229050	59.009357	54.234577	
242	59.339250	54.710845	59.867313	55.237601	59.026460	54.251679	
243	59.419092	54.790686	59.875297	55.245585	59.042428	54.267648	
244	59.493213	54.864807	59.882709	55.252997	59.057252	54.282472	
245	59.561570	54.933165	59.889545	55.259833	59.070924	54.296143	
246	59.624122	54.995717	59.895800	55.266088	59.083434	54.308654	
247	59.680831	55.052425	59.901471	55.271759	59.094776	54.319996	
248	59.731663	55.103257	59.906554	55.276842	59.104942	54.330162	
249	59.776586	55.148180	59.911047	55.281335	59.113927	54.339147	
250	59.815575	55.187169	59.914946	55.285234	59.121725	54.346944	
251	59.848605	55.220199	59.918249	55.288537	59.128331	54.353550	
252	59.875657	55.247251	59.920954	55.291242	59.133741	54.358961	
253	59.896714	55.268309	59.923060	55.293348	59.137952	54.363172	
254	59.911764	55.283359	59.924565	55.294853	59.140962	54.366182	
255	59.920798	55.292392	59.925468	55.295756	59.142769	54.367989	
256	59.923810	55.295404	59.925769	55.296057	59.143372	54.368591	
257	59.919314	55.290463	59.923638	55.294372	59.142166	54.367386	
258	59.903773	55.274769	59.919306	55.290192	59.138545	54.363764	
259	59.877639	55.248605	59.912330	55.283246	59.132489	54.357709	
260	59.841062	55.212017	59.902581	55.273508	59.123971	54.349191	
261	59.794104	55.165054	59.890024	55.260957	59.112950	54.338170	
262	59.736829	55.107776	59.874633	55.245568	59.099375	54.324594	
263	59.669309	55.040255	59.856378	55.227315	59.083182	54.308401	
264	59.591631	54.962575	59.835224	55.206162	59.064297	54.289517	
265	59.503893	54.874837	59.811133	55.182071	59.042638	54.267858	
266	59.406205	54.777148	59.784062	55.155001	59.018108	54.243328	
267	59.298690	54.669633	59.753962	55.124902	58.990603	54.215823	
268	59.181483	54.552425	59.720784	55.091723	58.960008	54.185228	
269	59.054730	54.425672	59.684469	55.055409	58.926200	54.151420	
270	58.918590	54.289532	59.644959	55.015899	58.889045	54.114265	
271	58.773231	54.144173	59.602190	54.973130	58.848403	54.073623	
272	58.618834	53.989776	59.556094	54.927035	58.804124	54.029343	
273	58.455590	53.826532	59.506603	54.877544	58.756051	53.981271	
274	58.283700	53.654642	59.453643	54.824584	58.704020	53.929240	
275	58.103375	53.474317	59.397139	54.768079	58.647862	53.873082	
276	57.914835	53.285777	59.337012	54.707952	58.587401	53.812621	
277	57.718310	53.089252	59.273183	54.644123	58.522455	53.747675	
278	57.514038	52.884980	59.205570	54.576511	58.452839	53.678059	
279	57.302266	52.673208	59.134091	54.505032	58.378363	53.603583	
280	57.083248	52.454190	59.058662	54.429603	58.298835	53.524055	
281	56.857246	52.228187	58.979199	54.350140	58.214059	53.439279	
282	56.624527	51.995469	58.895617	54.266558	58.123838	53.349058	
283	56.385368	51.756310	58.807832	54.178773	58.027974	53.253194	
284	56.140049	51.510990	58.715760	54.086701	57.926268	53.151488	
285	55.888855	51.259797	58.619318	53.990259	57.818522	53.043741	
286	55.632079	51.003020	58.518425	53.889366	57.704538	52.929758	
287	55.370015	50.740957	58.412999	53.783940	57.584122	52.809342	
288	55.102964	50.473905	58.302964	53.673905	57.457080	52.682300	
289	54.831227	50.202168	58.188244	53.559185	57.323223	52.548443	
290	54.555110	49.926052	58.068766	53.439707	57.182366	52.407586	
291	54.274922	49.645863	57.944460	53.315401	57.034328	52.259548	
292	53.990971	49.361912	57.815260	53.186201	56.878935	52.104155	
293	53.703568	49.074510	57.681105	53.052046	56.716018	51.941237	
294	53.413026	48.783967	57.541937	52.912878	56.545414	51.770634	
295	53.119656	48.490597	57.397704	52.768644	56.366972	51.592192	
296	52.823768	48.194710	57.248356	52.619297	56.180546	51.405765	
297	52.525675	47.896616	57.093852	52.464793	55.985999	51.211219	
298	52.225685	47.596626	56.934155	52.305096	55.783206	51.008425	
299	51.924105	47.295046	56.769234	52.140175	55.572051	50.797271	
300	51.621241	46.992182	56.599066	51.970007	55.352430	50.577650	
301	51.317395	46.688336	56.423633	51.794574	55.124251	50.349470	
302	51.012866	46.383807	56.242925	51.613866	54.887433	50.112653	
303	50.707949	46.078891	56.056938	51.427879	54.641909	49.867129	
304	50.402936	45.773877	55.865678	51.236619	54.387627	49.612847	
305	50.098113	45.469054	55.669157	51.040098	54.124546	49.349765	
306	49.793761	45.164702	55.467395	50.838336	53.852641	49.077860	
307	49.490156	44.861098	55.260421	50.631362	53.571902	48.797122	
308	49.187569	44.558511	55.048272	50.419213	53.282335	48.507555	
309	48.886264	44.257205	54.830996	50.201937	52.983962	48.209181	
310	48.586497	43.957439	54.608646	49.979587	52.676818	47.902038	
311	48.288520	43.659461	54.381286	49.752227	52.360959	47.586179	
312	47.992576	43.363517	54.148990	49.519931	52.036455	47.261675	
313	47.698900	43.069841	53.911841	49.282782	51.703394	46.928614	
314	47.407720	42.778661	53.669929	49.040870	51.361880	46.587100	
315	47.119257	42.490198	53.423357	48.794298	51.012036	46.237256	
316	46.833721	42.204663	53.172235	48.543176	50.654002	45.879221	
317	46.551317	41.922258	52.916682	48.287623	50.287934	45.513154	
318	46.272238	41.643179	52.656830	48.027771	49.914009	45.139228	
319	45.996670	41.367611	52.392816	47.763757	49.532418	44.757637	
320	45.724789	41.095731	52.124790	47.495731	49.143372	44.368591	
321	45.456763	40.827704	51.852909	47.223850	48.747098	43.972318	
322	45.192749	40.563691	51.577341	46.948282	48.343843	43.569063	
323	44.932897	40.303838	51.298262	46.669203	47.933868	43.159088	
324	44.677344	40.048286	51.015857	46.386799	47.517453	42.742673	
325	44.426222	39.797163	50.730322	46.101263	47.094895	42.320114	
326	44.179650	39.550591	50.441859	45.812800	46.666505	41.891725	
327	43.937738	39.308679	50.150679	45.521620	46.232614	41.457833	
328	43.700588	39.071530	49.857003	45.227944	45.793565	41.018785	
329	43.468293	38.839234	49.561059	44.932000	45.349720	40.574939	
330	43.240933	38.611875	49.263082	44.634023	44.901452	40.126672	
331	43.018583	38.389524	48.963315	44.334256	44.449153	39.674373	
332	42.801306	38.172248	48.662010	44.032951	43.993226	39.218445	
333	42.589158	37.960099	48.359423	43.730364	43.534086	38.759306	
334	42.382184	37.753125	48.055818	43.426759	43.072165	38.297385	
335	42.180422	37.551363	47.751466	43.122407	42.607904	37.833124	
336	41.983901	37.354842	47.446643	42.817584	42.141757	37.366977	
337	41.792640	37.163582	47.141629	42.512570	41.674187	36.899407	
338	41.606654	36.977595	46.836713	42.207654	41.205670	36.430890	
339	41.425946	36.796887	46.532184	41.903125	40.736688	35.961908	
340	41.250513	36.621454	46.228338	41.599279	40.267734	35.492954	
341	41.080345	36.451286	45.925474	41.296415	39.799309	35.024528	
342	40.915424	36.286366	45.623894	40.994835	39.331918	34.557138	
343	40.755727	36.126669	45.323904	40.694845	38.866075	34.091295	
344	40.601223	35.972165	45.025811	40.396752	38.402298	33.627518	
345	40.451875	35.822817	44.729923	40.100864	37.941110	33.166330	
346	40.307641	35.678583	44.436553	39.807494	37.483037	32.708256	
347	40.168473	35.539415	44.146010	39.516951	37.028607	32.253826	
348	40.034319	35.405260	43.858608	39.229549	36.578350	31.803570	
349	39.905119	35.276061	43.574657	38.945598	36.132798	31.358017	
350	39.780813	35.151755	43.294469	38.665410	35.692480	30.917699	
351	39.661335	35.032276	43.018352	38.389293	35.257926	30.483146	
352	39.546615	34.917556	42.746615	38.117556	34.829663	30.054883	
353	39.436579	34.807521	42.479564	37.850504	34.408215	29.633435	
354	39.331154	34.702096	42.217500	37.588441	33.994102	29.219322	
355	39.230261	34.601202	41.960724	37.331665	33.587839	28.813058	
356	39.133819	34.504760	41.709530	37.080471	33.189933	28.415153	
357	39.041747	34.412688	41.464211	36.835152	32.800888	28.026108	
358	38.953962	34.324903	41.225052	36.595992	32.421197	27.646417	
359	38.870380	34.241321	40.992333	36.363274	32.051345	27.276565	
360	38.790917	34.161858	40.766331	36.137271	31.691807	26.917027	
361	38.715488	34.086429	40.547313	35.918253	31.343049	26.568269	
362	38.644009	34.014951	40.335541	35.706481	31.005524	26.230743	
363	38.576396	33.947338	40.131269	35.502209	30.679671	25.904891	
364	38.512567	33.883509	39.934744	35.305684	30.365921	25.591140	
365	38.452440	33.823382	39.746204	35.117144	30.064685	25.289905	
366	38.395936	33.766878	39.565879	34.936819	29.776363	25.001583	
367	38.342976	33.713918	39.393989	34.764929	29.501339	24.726558	
368	38.293484	33.664426	39.230745	34.601685	29.239979	24.465198	
369	38.247389	33.618331	39.076348	34.447288	28.992633	24.217853	
370	38.204620	33.575562	38.930989	34.301929	28.759635	23.984855	
371	38.165110	33.536052	38.794849	34.165789	28.541298	23.766518	
372	38.128795	33.499738	38.668096	34.039036	28.337917	23.563137	
373	38.095616	33.466559	38.550889	33.921828	28.149769	23.374988	
374	38.065517	33.436461	38.443374	33.814313	27.977108	23.202327	
375	38.038446	33.409390	38.345686	33.716625	27.820170	23.045389	
376	38.014355	33.385299	38.257948	33.628886	27.679168	22.904388	
377	37.993201	33.364146	38.180270	33.551207	27.554297	22.779517	
378	37.974945	33.345893	38.112750	33.483685	27.445726	22.670946	
379	37.959555	33.330505	38.055475	33.426407	27.353605	22.578825	
380	37.946998	33.317953	38.008517	33.379444	27.278060	22.503280	
381	37.937249	33.308215	37.971940	33.342856	27.219195	22.444414	
382	37.930273	33.301269	37.945806	33.316692	27.177090	22.402310	
383	37.925940	33.297089	37.930264	33.300998	27.151804	22.377024	
384	37.923810	33.295404	37.925769	33.296057	27.143372	22.368591	
