#p	a1_up	a1_dn	b1_up	b1_dn	c1_up	c1_dn	a2_up	a2_dn	b2_up	b2_dn	c2_up	c2_dn	NaN
0	-1.247116	-1.218735	-1.247116	-1.218735	-12.173035	-12.144348	20.752884	20.781265	20.752884	20.781265	19.826966	19.855652	
1	-1.246815	-1.218434	-1.244105	-1.215723	-12.168818	-12.140132	20.749872	20.778254	20.752583	20.780964	19.826363	19.855050	
2	-1.245912	-1.217530	-1.235071	-1.206690	-12.156171	-12.127485	20.740839	20.769220	20.751680	20.780061	19.824556	19.853243	
3	-1.244407	-1.216025	-1.220021	-1.191640	-12.135101	-12.106415	20.725789	20.754170	20.750175	20.778556	19.821546	19.850233	
4	-1.242301	-1.213920	-1.198964	-1.170582	-12.105621	-12.076935	20.704731	20.733113	20.748069	20.776450	19.817335	19.846022	
5	-1.239596	-1.211215	-1.171912	-1.143530	-12.067748	-12.039062	20.677679	20.706061	20.745364	20.773745	19.811925	19.840611	
6	-1.236293	-1.207911	-1.138881	-1.110500	-12.021506	-11.992820	20.644649	20.673031	20.742061	20.770442	19.805319	19.834005	
7	-1.232394	-1.204013	-1.099893	-1.071511	-11.966922	-11.938235	20.605661	20.634042	20.738162	20.766543	19.797521	19.826207	
8	-1.227902	-1.199520	-1.054969	-1.026588	-11.904029	-11.875342	20.560737	20.589118	20.733669	20.762051	19.788536	19.817223	
9	-1.222818	-1.194437	-1.004138	-0.975756	-11.832865	-11.804178	20.509905	20.538287	20.728586	20.756968	19.778370	19.807056	
10	-1.217148	-1.188766	-0.947429	-0.919048	-11.753472	-11.724786	20.453197	20.481578	20.722915	20.751297	19.767028	19.795715	
11	-1.210892	-1.182511	-0.884877	-0.856496	-11.665900	-11.637213	20.390645	20.419026	20.716660	20.745042	19.754518	19.783204	
12	-1.204057	-1.175675	-0.816520	-0.788138	-11.570200	-11.541513	20.322288	20.350669	20.709824	20.738206	19.740846	19.769533	
13	-1.196644	-1.168263	-0.742398	-0.714017	-11.466429	-11.437743	20.248166	20.276547	20.702412	20.730794	19.726022	19.754708	
14	-1.188660	-1.160279	-0.662557	-0.634176	-11.354652	-11.325965	20.168325	20.196706	20.694428	20.722810	19.710054	19.738740	
15	-1.180109	-1.151728	-0.577044	-0.548663	-11.234934	-11.206248	20.082812	20.111193	20.685877	20.714258	19.692951	19.721638	
16	-1.170996	-1.142614	-0.485912	-0.457530	-11.107348	-11.078662	19.991679	20.020061	20.676764	20.705145	19.674725	19.703411	
17	-1.161326	-1.132945	-0.389214	-0.360833	-10.971971	-10.943285	19.894982	19.923363	20.667094	20.695475	19.655385	19.684072	
18	-1.151106	-1.122724	-0.287009	-0.258628	-10.828885	-10.800198	19.792777	19.821158	20.656873	20.685255	19.634944	19.663631	
19	-1.140341	-1.111959	-0.179359	-0.150978	-10.678175	-10.649489	19.685127	19.713509	20.646108	20.674490	19.613414	19.642101	
20	-1.129038	-1.100656	-0.066329	-0.037948	-10.519933	-10.491246	19.572097	19.600478	20.634805	20.663187	19.590808	19.619495	
21	-1.117203	-1.088822	0.052014	0.080395	-10.354253	-10.325566	19.453754	19.482135	20.622971	20.651352	19.567140	19.595826	
22	-1.104845	-1.076464	0.175598	0.203979	-10.181235	-10.152549	19.330170	19.358552	20.610613	20.638994	19.542423	19.571109	
23	-1.091970	-1.063589	0.304348	0.332729	-10.000985	-9.972298	19.201420	19.229801	20.597738	20.626119	19.516673	19.545359	
24	-1.078586	-1.050205	0.438188	0.466569	-9.813609	-9.784923	19.067580	19.095962	20.584354	20.612735	19.489905	19.518591	
25	-1.064701	-1.036320	0.577036	0.605417	-9.619222	-9.590536	18.928732	18.957114	20.570469	20.598850	19.462135	19.490822	
26	-1.050324	-1.021943	0.720808	0.749190	-9.417940	-9.389254	18.784959	18.813341	20.556092	20.584473	19.433381	19.462067	
27	-1.035463	-1.007081	0.869419	0.897801	-9.209885	-9.181198	18.636348	18.664730	20.541231	20.569612	19.403658	19.432345	
28	-1.020127	-0.991745	1.022779	1.051160	-8.995181	-8.966495	18.482989	18.511370	20.525895	20.554276	19.372986	19.401673	
29	-1.004325	-0.975944	1.180795	1.209177	-8.773959	-8.745272	18.324973	18.353354	20.510093	20.538474	19.341383	19.370070	
30	-0.988067	-0.959686	1.343372	1.371754	-8.546351	-8.517664	18.162395	18.190777	20.493835	20.522217	19.308868	19.337554	
31	-0.971363	-0.942982	1.510413	1.538794	-8.312494	-8.283808	17.995355	18.023736	20.477131	20.505513	19.275460	19.304146	
32	-0.954223	-0.925842	1.681816	1.710197	-8.072530	-8.043843	17.823952	17.852333	20.459991	20.488372	19.241179	19.269866	
33	-0.936657	-0.908276	1.857478	1.885859	-7.826603	-7.797916	17.648290	17.676671	20.442425	20.470806	19.206047	19.234733	
34	-0.918675	-0.890294	2.037294	2.065675	-7.574860	-7.546174	17.468474	17.496855	20.424443	20.452824	19.170084	19.198770	
35	-0.900289	-0.871908	2.221155	2.249537	-7.317455	-7.288768	17.284613	17.312994	20.406057	20.434438	19.133311	19.161998	
36	-0.881510	-0.853128	2.408951	2.437332	-7.054541	-7.025854	17.096817	17.125198	20.387277	20.415659	19.095752	19.124439	
37	-0.862348	-0.833967	2.600568	2.628949	-6.786277	-6.757591	16.905200	16.933582	20.368116	20.396497	19.057429	19.086115	
38	-0.842816	-0.814434	2.795891	2.824272	-6.512825	-6.484139	16.709877	16.738259	20.348583	20.376965	19.018364	19.047051	
39	-0.822925	-0.794543	2.994802	3.023183	-6.234350	-6.205663	16.510966	16.539348	20.328692	20.357074	18.978582	19.007269	
40	-0.802687	-0.774305	3.197181	3.225563	-5.951018	-5.922332	16.308587	16.336968	20.308454	20.336836	18.938106	18.966793	
41	-0.782114	-0.753733	3.402907	3.431289	-5.663002	-5.634315	16.102860	16.131242	20.287882	20.316263	18.896961	18.925647	
42	-0.761219	-0.732838	3.611856	3.640237	-5.370473	-5.341787	15.893912	15.922293	20.266987	20.295368	18.855171	18.883858	
43	-0.740015	-0.711633	3.823902	3.852283	-5.073610	-5.044923	15.681866	15.710248	20.245782	20.274164	18.812762	18.841449	
44	-0.718513	-0.690132	4.038916	4.067297	-4.772589	-4.743903	15.466852	15.495233	20.224281	20.252662	18.769759	18.798446	
45	-0.696728	-0.668346	4.256770	4.285152	-4.467594	-4.438907	15.248998	15.277379	20.202495	20.230877	18.726188	18.754875	
46	-0.674671	-0.646290	4.477333	4.505714	-4.158806	-4.130120	15.028435	15.056817	20.180439	20.208821	18.682076	18.710762	
47	-0.652358	-0.623976	4.700470	4.728852	-3.846413	-3.817727	14.805298	14.833679	20.158125	20.186507	18.637448	18.666135	
48	-0.629800	-0.601418	4.926049	4.954430	-3.530603	-3.501917	14.579719	14.608100	20.135568	20.163949	18.592333	18.621019	
49	-0.607011	-0.578630	5.153933	5.182314	-3.211566	-3.182879	14.351835	14.380216	20.112779	20.141161	18.546756	18.575442	
50	-0.584006	-0.555625	5.383985	5.412366	-2.889493	-2.860806	14.121783	14.150164	20.089774	20.118155	18.500745	18.529432	
51	-0.560798	-0.532417	5.616066	5.644447	-2.564579	-2.535893	13.889702	13.918083	20.066566	20.094947	18.454329	18.483016	
52	-0.537401	-0.509020	5.850037	5.878418	-2.237021	-2.208334	13.655731	13.684113	20.043169	20.071550	18.407535	18.436222	
53	-0.513829	-0.485448	6.085756	6.114137	-1.907014	-1.878327	13.420012	13.448394	20.019597	20.047978	18.360391	18.389078	
54	-0.490097	-0.461715	6.323081	6.351463	-1.574758	-1.546071	13.182686	13.211068	19.995864	20.024246	18.312926	18.341613	
55	-0.466218	-0.437836	6.561871	6.590252	-1.240452	-1.211766	12.943897	12.972278	19.971985	20.000367	18.265168	18.293855	
56	-0.442207	-0.413825	6.801980	6.830361	-0.904300	-0.875613	12.703788	12.732169	19.947974	19.976356	18.217146	18.245833	
57	-0.418078	-0.389697	7.043264	7.071645	-0.566502	-0.537815	12.462504	12.490885	19.923846	19.952227	18.168890	18.197576	
58	-0.393847	-0.365465	7.285578	7.313960	-0.227262	-0.198575	12.220190	12.248571	19.899615	19.927996	18.120427	18.149113	
59	-0.369527	-0.341146	7.528776	7.557157	0.113215	0.141902	11.976992	12.005373	19.875295	19.903676	18.071787	18.100474	
60	-0.345133	-0.316752	7.772711	7.801093	0.454725	0.483411	11.733057	11.761438	19.850901	19.879283	18.023000	18.051687	
61	-0.320681	-0.292300	8.017237	8.045618	0.797061	0.825748	11.488531	11.516912	19.826449	19.854830	17.974095	18.002781	
62	-0.296184	-0.267803	8.262206	8.290587	1.140017	1.168704	11.243562	11.271944	19.801952	19.830333	17.925101	17.953788	
63	-0.271658	-0.243276	8.507470	8.535851	1.483388	1.512074	10.998298	11.026680	19.777425	19.805807	17.876048	17.904735	
64	-0.247116	-0.218735	8.752881	8.781263	1.826965	1.855651	10.752886	10.781268	19.752884	19.781266	17.826966	17.855652	
65	-0.222575	-0.194194	8.998293	9.026674	2.170542	2.199229	10.507475	10.535856	19.728343	19.756724	17.777883	17.806570	
66	-0.198049	-0.169667	9.243556	9.271937	2.513912	2.542599	10.262212	10.290593	19.703816	19.732198	17.728830	17.757517	
67	-0.173552	-0.145170	9.488520	9.516902	2.856869	2.885555	10.017248	10.045629	19.679320	19.707701	17.679837	17.708523	
68	-0.149099	-0.120718	9.732931	9.761313	3.199205	3.227891	9.772837	9.801218	19.654867	19.683248	17.630932	17.659618	
69	-0.124706	-0.096324	9.977002	10.005383	3.540714	3.569401	9.528766	9.557147	19.630473	19.658855	17.582145	17.610831	
70	-0.100386	-0.072005	10.220194	10.248575	3.881191	3.909878	9.285574	9.313955	19.606154	19.634535	17.533505	17.562191	
71	-0.076154	-0.047773	10.462506	10.490888	4.220431	4.249118	9.043262	9.071643	19.581922	19.610304	17.485042	17.513729	
72	-0.052026	-0.023645	10.703790	10.732171	4.558229	4.586916	8.801978	8.830359	19.557794	19.586175	17.436785	17.465472	
73	-0.028015	0.000366	10.943898	10.972280	4.894382	4.923069	8.561869	8.590251	19.533783	19.562164	17.388763	17.417450	
74	-0.004136	0.024245	11.182687	11.211069	5.228687	5.257374	8.323080	8.351462	19.509904	19.538285	17.341006	17.369692	
75	0.019596	0.047978	11.420013	11.448394	5.560943	5.589630	8.085755	8.114136	19.486171	19.514553	17.293540	17.322227	
76	0.043168	0.071550	11.655732	11.684113	5.890950	5.919637	7.850036	7.878417	19.462599	19.490981	17.246397	17.275083	
77	0.066565	0.094947	11.889702	11.918084	6.218509	6.247196	7.616065	7.644447	19.439202	19.467584	17.199603	17.228289	
78	0.089774	0.118155	12.121783	12.150165	6.543423	6.572109	7.383984	7.412366	19.415994	19.444376	17.153186	17.181873	
79	0.112779	0.141160	12.351835	12.380217	6.865495	6.894182	7.153933	7.182314	19.392989	19.421370	17.107176	17.135862	
80	0.135567	0.163948	12.579719	12.608100	7.184533	7.213219	6.926049	6.954430	19.370201	19.398582	17.061599	17.090286	
81	0.158125	0.186506	12.805298	12.833679	7.500343	7.529029	6.700470	6.728851	19.347643	19.376024	17.016483	17.045170	
82	0.180439	0.208820	13.028436	13.056817	7.812736	7.841422	6.477332	6.505714	19.325329	19.353710	16.971856	17.000542	
83	0.202495	0.230876	13.248998	13.277379	8.121523	8.150210	6.256770	6.285151	19.303273	19.331654	16.927744	16.956430	
84	0.224280	0.252662	13.466852	13.495233	8.426519	8.455205	6.038916	6.067297	19.281487	19.309869	16.884173	16.912859	
85	0.245782	0.274163	13.681866	13.710248	8.727539	8.756226	5.823901	5.852283	19.259986	19.288367	16.841170	16.869856	
86	0.266986	0.295368	13.893912	13.922293	9.024403	9.053089	5.611856	5.640237	19.238781	19.267163	16.798761	16.827447	
87	0.287881	0.316263	14.102861	14.131242	9.316931	9.345618	5.402907	5.431288	19.217887	19.246268	16.756971	16.785658	
88	0.308454	0.336835	14.308587	14.336968	9.604948	9.633634	5.197181	5.225562	19.197314	19.225695	16.715826	16.744512	
89	0.328692	0.357073	14.510966	14.539348	9.888279	9.916965	4.994801	5.023183	19.177076	19.205457	16.675350	16.704037	
90	0.348583	0.376964	14.709877	14.738259	10.166754	10.195441	4.795890	4.824272	19.157185	19.185566	16.635568	16.664254	
91	0.368115	0.396497	14.905200	14.933582	10.440206	10.468893	4.600568	4.628949	19.137653	19.166034	16.596503	16.625190	
92	0.387277	0.415658	15.096817	15.125199	10.708470	10.737157	4.408951	4.437332	19.118491	19.146872	16.558180	16.586867	
93	0.406056	0.434438	15.284613	15.312994	10.971384	11.000070	4.221155	4.249536	19.099711	19.128093	16.520621	16.549307	
94	0.424443	0.452824	15.468474	15.496855	11.228789	11.257476	4.037294	4.065675	19.081325	19.109707	16.483849	16.512535	
95	0.442424	0.470806	15.648290	15.676671	11.480531	11.509218	3.857478	3.885859	19.063344	19.091725	16.447886	16.476572	
96	0.459990	0.488372	15.823952	15.852333	11.726459	11.755145	3.681816	3.710197	19.045777	19.074159	16.412753	16.441440	
97	0.477131	0.505512	15.995355	16.023736	11.966423	11.995109	3.510413	3.538794	19.028637	19.057018	16.378473	16.407159	
98	0.493835	0.522216	16.162396	16.190777	12.200279	12.228966	3.343372	3.371754	19.011933	19.040314	16.345065	16.373751	
99	0.510092	0.538474	16.324973	16.353354	12.427887	12.456574	3.180795	3.209176	18.995675	19.024057	16.312550	16.341236	
100	0.525894	0.554275	16.482989	16.511370	12.649110	12.677796	3.022779	3.051160	18.979874	19.008255	16.280946	16.309633	
101	0.541230	0.569611	16.636349	16.664730	12.863813	12.892500	2.869419	2.897801	18.964538	18.992919	16.250275	16.278961	
102	0.556091	0.584473	16.784960	16.813341	13.071868	13.100555	2.720808	2.749190	18.949677	18.978058	16.220553	16.249239	
103	0.570468	0.598850	16.928732	16.957114	13.273150	13.301837	2.577035	2.605417	18.935299	18.963681	16.191798	16.220485	
104	0.584353	0.612735	17.067580	17.095962	13.467537	13.496224	2.438187	2.466569	18.921415	18.949796	16.164029	16.192715	
105	0.597737	0.626119	17.201420	17.229801	13.654912	13.683599	2.304348	2.332729	18.908031	18.936412	16.137261	16.165948	
106	0.610612	0.638994	17.330170	17.358552	13.835163	13.863849	2.175597	2.203979	18.895156	18.923537	16.111511	16.140198	
107	0.622971	0.651352	17.453754	17.482135	14.008180	14.036866	2.052014	2.080395	18.882797	18.911179	16.086795	16.115481	
108	0.634805	0.663186	17.572097	17.600478	14.173859	14.202546	1.933671	1.962052	18.870963	18.899344	16.063127	16.091813	
109	0.646108	0.674489	17.685127	17.713509	14.332101	14.360788	1.820641	1.849022	18.859660	18.888041	16.040521	16.069208	
110	0.656873	0.685254	17.792777	17.821158	14.482811	14.511497	1.712991	1.741372	18.848895	18.877276	16.018992	16.047678	
111	0.667093	0.695475	17.894982	17.923363	14.625897	14.654583	1.610786	1.639167	18.838674	18.867056	15.998551	16.027238	
112	0.676763	0.705145	17.991680	18.020061	14.761273	14.789959	1.514088	1.542470	18.829005	18.857386	15.979212	16.007899	
113	0.685876	0.714258	18.082812	18.111194	14.888858	14.917544	1.422956	1.451337	18.819891	18.848273	15.960987	15.989673	
114	0.694428	0.722809	18.168325	18.196706	15.008574	15.037261	1.337443	1.365824	18.811340	18.839721	15.943885	15.972572	
115	0.702412	0.730793	18.248166	18.276547	15.120351	15.149037	1.257602	1.285983	18.803356	18.831737	15.927918	15.956605	
116	0.709824	0.738205	18.322288	18.350669	15.224119	15.252806	1.183480	1.211862	18.795944	18.824325	15.913095	15.941782	
117	0.716660	0.745041	18.390645	18.419026	15.319818	15.348504	1.115123	1.143504	18.789108	18.817489	15.899426	15.928112	
118	0.722915	0.751296	18.453197	18.481578	15.407388	15.436074	1.052571	1.080952	18.782853	18.811234	15.886918	15.915605	
119	0.728586	0.756967	18.509905	18.538287	15.486776	15.515463	0.995862	1.024244	18.777182	18.805563	15.875580	15.904266	
120	0.733669	0.762050	18.560737	18.589118	15.557935	15.586622	0.945031	0.973412	18.772099	18.800480	15.865419	15.894105	
121	0.738161	0.766543	18.605661	18.634042	15.620821	15.649508	0.900107	0.928489	18.767607	18.795988	15.856441	15.885128	
122	0.742060	0.770441	18.644649	18.673031	15.675394	15.704081	0.861119	0.889500	18.763708	18.792089	15.848655	15.877341	
123	0.745363	0.773745	18.677680	18.706061	15.721618	15.750304	0.828088	0.856470	18.760405	18.788786	15.842067	15.870754	
124	0.748068	0.776450	18.704731	18.733113	15.759456	15.788143	0.801036	0.829418	18.757699	18.786081	15.836691	15.865377	
125	0.750174	0.778555	18.725789	18.754170	15.788863	15.817550	0.779979	0.808360	18.755594	18.783975	15.832553	15.861239	
126	0.751679	0.780060	18.740839	18.769220	15.809728	15.838415	0.764929	0.793310	18.754089	18.782470	15.829748	15.858434	
127	0.752582	0.780964	18.749872	18.778254	15.821533	15.850220	0.755895	0.784277	18.753185	18.781567	15.828783	15.857470	
128	0.752884	0.781265	18.752884	18.781266	15.829674	15.852943	0.752884	0.781265	18.752884	18.781266	15.824257	15.824257	
129	0.755895	0.784277	18.753185	18.781567	15.828783	15.857470	0.752582	0.780964	18.749872	18.778254	15.821533	15.850220	
130	0.764929	0.793310	18.754089	18.782470	15.829748	15.858434	0.751679	0.780060	18.740839	18.769220	15.809728	15.838415	
131	0.779979	0.808360	18.755594	18.783975	15.832553	15.861239	0.750174	0.778555	18.725789	18.754170	15.788863	15.817550	
132	0.801036	0.829418	18.757699	18.786081	15.836691	15.865377	0.748068	0.776450	18.704731	18.733113	15.759456	15.788143	
133	0.828088	0.856470	18.760405	18.788786	15.842067	15.870754	0.745363	0.773745	18.677680	18.706061	15.721618	15.750304	
134	0.861119	0.889500	18.763708	18.792089	15.848655	15.877341	0.742060	0.770441	18.644649	18.673031	15.675394	15.704081	
135	0.900107	0.928489	18.767607	18.795988	15.856441	15.885128	0.738161	0.766543	18.605661	18.634042	15.620821	15.649508	
136	0.945031	0.973412	18.772099	18.800480	15.865419	15.894105	0.733669	0.762050	18.560737	18.589118	15.557935	15.586622	
137	0.995862	1.024244	18.777182	18.805563	15.875580	15.904266	0.728586	0.756967	18.509905	18.538287	15.486776	15.515463	
138	1.052571	1.080952	18.782853	18.811234	15.886918	15.915605	0.722915	0.751296	18.453197	18.481578	15.407388	15.436074	
139	1.115123	1.143504	18.789108	18.817489	15.899426	15.928112	0.716660	0.745041	18.390645	18.419026	15.319818	15.348504	
140	1.183480	1.211862	18.795944	18.824325	15.913095	15.941782	0.709824	0.738205	18.322288	18.350669	15.224119	15.252806	
141	1.257602	1.285983	18.803356	18.831737	15.927918	15.956605	0.702412	0.730793	18.248166	18.276547	15.120351	15.149037	
142	1.337443	1.365824	18.811340	18.839721	15.943885	15.972572	0.694428	0.722809	18.168325	18.196706	15.008574	15.037261	
143	1.422956	1.451337	18.819891	18.848273	15.960987	15.989673	0.685876	0.714258	18.082812	18.111194	14.888858	14.917544	
144	1.514088	1.542470	18.829005	18.857386	15.979212	16.007899	0.676763	0.705145	17.991680	18.020061	14.761273	14.789959	
145	1.610786	1.639167	18.838674	18.867056	15.998551	16.027238	0.667093	0.695475	17.894982	17.923363	14.625897	14.654583	
146	1.712991	1.741372	18.848895	18.877276	16.018992	16.047678	0.656873	0.685254	17.792777	17.821158	14.482811	14.511497	
147	1.820641	1.849022	18.859660	18.888041	16.040521	16.069208	0.646108	0.674489	17.685127	17.713509	14.332101	14.360788	
148	1.933671	1.962052	18.870963	18.899344	16.063127	16.091813	0.634805	0.663186	17.572097	17.600478	14.173859	14.202546	
149	2.052014	2.080395	18.882797	18.911179	16.086795	16.115481	0.622971	0.651352	17.453754	17.482135	14.008180	14.036866	
150	2.175597	2.203979	18.895156	18.923537	16.111511	16.140198	0.610612	0.638994	17.330170	17.358552	13.835163	13.863849	
151	2.304348	2.332729	18.908031	18.936412	16.137261	16.165948	0.597737	0.626119	17.201420	17.229801	13.654912	13.683599	
152	2.438187	2.466569	18.921415	18.949796	16.164029	16.192715	0.584353	0.612735	17.067580	17.095962	13.467537	13.496224	
153	2.577035	2.605417	18.935299	18.963681	16.191798	16.220485	0.570468	0.598850	16.928732	16.957114	13.273150	13.301837	
154	2.720808	2.749190	18.949677	18.978058	16.220553	16.249239	0.556091	0.584473	16.784960	16.813341	13.071868	13.100555	
155	2.869419	2.897801	18.964538	18.992919	16.250275	16.278961	0.541230	0.569611	16.636349	16.664730	12.863813	12.892500	
156	3.022779	3.051160	18.979874	19.008255	16.280946	16.309633	0.525894	0.554275	16.482989	16.511370	12.649110	12.677796	
157	3.180795	3.209176	18.995675	19.024057	16.312550	16.341236	0.510092	0.538474	16.324973	16.353354	12.427887	12.456574	
158	3.343372	3.371754	19.011933	19.040314	16.345065	16.373751	0.493835	0.522216	16.162396	16.190777	12.200279	12.228966	
159	3.510413	3.538794	19.028637	19.057018	16.378473	16.407159	0.477131	0.505512	15.995355	16.023736	11.966423	11.995109	
160	3.681816	3.710197	19.045777	19.074159	16.412753	16.441440	0.459990	0.488372	15.823952	15.852333	11.726459	11.755145	
161	3.857478	3.885859	19.063344	19.091725	16.447886	16.476572	0.442424	0.470806	15.648290	15.676671	11.480531	11.509218	
162	4.037294	4.065675	19.081325	19.109707	16.483849	16.512535	0.424443	0.452824	15.468474	15.496855	11.228789	11.257476	
163	4.221155	4.249536	19.099711	19.128093	16.520621	16.549307	0.406056	0.434438	15.284613	15.312994	10.971384	11.000070	
164	4.408951	4.437332	19.118491	19.146872	16.558180	16.586867	0.387277	0.415658	15.096817	15.125199	10.708470	10.737157	
165	4.600568	4.628949	19.137653	19.166034	16.596503	16.625190	0.368115	0.396497	14.905200	14.933582	10.440206	10.468893	
166	4.795890	4.824272	19.157185	19.185566	16.635568	16.664254	0.348583	0.376964	14.709877	14.738259	10.166754	10.195441	
167	4.994801	5.023183	19.177076	19.205457	16.675350	16.704037	0.328692	0.357073	14.510966	14.539348	9.888279	9.916965	
168	5.197181	5.225562	19.197314	19.225695	16.715826	16.744512	0.308454	0.336835	14.308587	14.336968	9.604948	9.633634	
169	5.402907	5.431288	19.217887	19.246268	16.756971	16.785658	0.287881	0.316263	14.102861	14.131242	9.316931	9.345618	
170	5.611856	5.640237	19.238781	19.267163	16.798761	16.827447	0.266986	0.295368	13.893912	13.922293	9.024403	9.053089	
171	5.823901	5.852283	19.259986	19.288367	16.841170	16.869856	0.245782	0.274163	13.681866	13.710248	8.727539	8.756226	
172	6.038916	6.067297	19.281487	19.309869	16.884173	16.912859	0.224280	0.252662	13.466852	13.495233	8.426519	8.455205	
173	6.256770	6.285151	19.303273	19.331654	16.927744	16.956430	0.202495	0.230876	13.248998	13.277379	8.121523	8.150210	
174	6.477332	6.505714	19.325329	19.353710	16.971856	17.000542	0.180439	0.208820	13.028436	13.056817	7.812736	7.841422	
175	6.700470	6.728851	19.347643	19.376024	17.016483	17.045170	0.158125	0.186506	12.805298	12.833679	7.500343	7.529029	
176	6.926049	6.954430	19.370201	19.398582	17.061599	17.090286	0.135567	0.163948	12.579719	12.608100	7.184533	7.213219	
177	7.153933	7.182314	19.392989	19.421370	17.107176	17.135862	0.112779	0.141160	12.351835	12.380217	6.865495	6.894182	
178	7.383984	7.412366	19.415994	19.444376	17.153186	17.181873	0.089774	0.118155	12.121783	12.150165	6.543423	6.572109	
179	7.616065	7.644447	19.439202	19.467584	17.199603	17.228289	0.066565	0.094947	11.889702	11.918084	6.218509	6.247196	
180	7.850036	7.878417	19.462599	19.490981	17.246397	17.275083	0.043168	0.071550	11.655732	11.684113	5.890950	5.919637	
181	8.085755	8.114136	19.486171	19.514553	17.293540	17.322227	0.019596	0.047978	11.420013	11.448394	5.560943	5.589630	
182	8.323080	8.351462	19.509904	19.538285	17.341006	17.369692	-0.004136	0.024245	11.182687	11.211069	5.228687	5.257374	
183	8.561869	8.590251	19.533783	19.562164	17.388763	17.417450	-0.028015	0.000366	10.943898	10.972280	4.894382	4.923069	
184	8.801978	8.830359	19.557794	19.586175	17.436785	17.465472	-0.052026	-0.023645	10.703790	10.732171	4.558229	4.586916	
185	9.043262	9.071643	19.581922	19.610304	17.485042	17.513729	-0.076154	-0.047773	10.462506	10.490888	4.220431	4.249118	
186	9.285574	9.313955	19.606154	19.634535	17.533505	17.562191	-0.100386	-0.072005	10.220194	10.248575	3.881191	3.909878	
187	9.528766	9.557147	19.630473	19.658855	17.582145	17.610831	-0.124706	-0.096324	9.977002	10.005383	3.540714	3.569401	
188	9.772837	9.801218	19.654867	19.683248	17.630932	17.659618	-0.149099	-0.120718	9.732931	9.761313	3.199205	3.227891	
189	10.017248	10.045629	19.679320	19.707701	17.679837	17.708523	-0.173552	-0.145170	9.488520	9.516902	2.856869	2.885555	
190	10.262212	10.290593	19.703816	19.732198	17.728830	17.757517	-0.198049	-0.169667	9.243556	9.271937	2.513912	2.542599	
191	10.507475	10.535856	19.728343	19.756724	17.777883	17.806570	-0.222575	-0.194194	8.998293	9.026674	2.170542	2.199229	
192	10.752886	10.781268	19.752884	19.781266	17.826966	17.855652	-0.247116	-0.218735	8.752881	8.781263	1.826965	1.855651	
193	10.998298	11.026680	19.777425	19.805807	17.876048	17.904735	-0.271658	-0.243276	8.507470	8.535851	1.483388	1.512074	
194	11.243562	11.271944	19.801952	19.830333	17.925101	17.953788	-0.296184	-0.267803	8.262206	8.290587	1.140017	1.168704	
195	11.488531	11.516912	19.826449	19.854830	17.974095	18.002781	-0.320681	-0.292300	8.017237	8.045618	0.797061	0.825748	
196	11.733057	11.761438	19.850901	19.879283	18.023000	18.051687	-0.345133	-0.316752	7.772711	7.801093	0.454725	0.483411	
197	11.976992	12.005373	19.875295	19.903676	18.071787	18.100474	-0.369527	-0.341146	7.528776	7.557157	0.113215	0.141902	
198	12.220190	12.248571	19.899615	19.927996	18.120427	18.149113	-0.393847	-0.365465	7.285578	7.313960	-0.227262	-0.198575	
199	12.462504	12.490885	19.923846	19.952227	18.168890	18.197576	-0.418078	-0.389697	7.043264	7.071645	-0.566502	-0.537815	
200	12.703788	12.732169	19.947974	19.976356	18.217146	18.245833	-0.442207	-0.413825	6.801980	6.830361	-0.904300	-0.875613	
201	12.943897	12.972278	19.971985	20.000367	18.265168	18.293855	-0.466218	-0.437836	6.561871	6.590252	-1.240452	-1.211766	
202	13.182686	13.211068	19.995864	20.024246	18.312926	18.341613	-0.490097	-0.461715	6.323081	6.351463	-1.574758	-1.546071	
203	13.420012	13.448394	20.019597	20.047978	18.360391	18.389078	-0.513829	-0.485448	6.085756	6.114137	-1.907014	-1.878327	
204	13.655731	13.684113	20.043169	20.071550	18.407535	18.436222	-0.537401	-0.509020	5.850037	5.878418	-2.237021	-2.208334	
205	13.889702	13.918083	20.066566	20.094947	18.454329	18.483016	-0.560798	-0.532417	5.616066	5.644447	-2.564579	-2.535893	
206	14.121783	14.150164	20.089774	20.118155	18.500745	18.529432	-0.584006	-0.555625	5.383985	5.412366	-2.889493	-2.860806	
207	14.351835	14.380216	20.112779	20.141161	18.546756	18.575442	-0.607011	-0.578630	5.153933	5.182314	-3.211566	-3.182879	
208	14.579719	14.608100	20.135568	20.163949	18.592333	18.621019	-0.629800	-0.601418	4.926049	4.954430	-3.530603	-3.501917	
209	14.805298	14.833679	20.158125	20.186507	18.637448	18.666135	-0.652358	-0.623976	4.700470	4.728852	-3.846413	-3.817727	
210	15.028435	15.056817	20.180439	20.208821	18.682076	18.710762	-0.674671	-0.646290	4.477333	4.505714	-4.158806	-4.130120	
211	15.248998	15.277379	20.202495	20.230877	18.726188	18.754875	-0.696728	-0.668346	4.256770	4.285152	-4.467594	-4.438907	
212	15.466852	15.495233	20.224281	20.252662	18.769759	18.798446	-0.718513	-0.690132	4.038916	4.067297	-4.772589	-4.743903	
213	15.681866	15.710248	20.245782	20.274164	18.812762	18.841449	-0.740015	-0.711633	3.823902	3.852283	-5.073610	-5.044923	
214	15.893912	15.922293	20.266987	20.295368	18.855171	18.883858	-0.761219	-0.732838	3.611856	3.640237	-5.370473	-5.341787	
215	16.102860	16.131242	20.287882	20.316263	18.896961	18.925647	-0.782114	-0.753733	3.402907	3.431289	-5.663002	-5.634315	
216	16.308587	16.336968	20.308454	20.336836	18.938106	18.966793	-0.802687	-0.774305	3.197181	3.225563	-5.951018	-5.922332	
217	16.510966	16.539348	20.328692	20.357074	18.978582	19.007269	-0.822925	-0.794543	2.994802	3.023183	-6.234350	-6.205663	
218	16.709877	16.738259	20.348583	20.376965	19.018364	19.047051	-0.842816	-0.814434	2.795891	2.824272	-6.512825	-6.484139	
219	16.905200	16.933582	20.368116	20.396497	19.057429	19.086115	-0.862348	-0.833967	2.600568	2.628949	-6.786277	-6.757591	
220	17.096817	17.125198	20.387277	20.415659	19.095752	19.124439	-0.881510	-0.853128	2.408951	2.437332	-7.054541	-7.025854	
221	17.284613	17.312994	20.406057	20.434438	19.133311	19.161998	-0.900289	-0.871908	2.221155	2.249537	-7.317455	-7.288768	
222	17.468474	17.496855	20.424443	20.452824	19.170084	19.198770	-0.918675	-0.890294	2.037294	2.065675	-7.574860	-7.546174	
223	17.648290	17.676671	20.442425	20.470806	19.206047	19.234733	-0.936657	-0.908276	1.857478	1.885859	-7.826603	-7.797916	
224	17.823952	17.852333	20.459991	20.488372	19.241179	19.269866	-0.954223	-0.925842	1.681816	1.710197	-8.072530	-8.043843	
225	17.995355	18.023736	20.477131	20.505513	19.275460	19.304146	-0.971363	-0.942982	1.510413	1.538794	-8.312494	-8.283808	
226	18.162395	18.190777	20.493835	20.522217	19.308868	19.337554	-0.988067	-0.959686	1.343372	1.371754	-8.546351	-8.517664	
227	18.324973	18.353354	20.510093	20.538474	19.341383	19.370070	-1.004325	-0.975944	1.180795	1.209177	-8.773959	-8.745272	
228	18.482989	18.511370	20.525895	20.554276	19.372986	19.401673	-1.020127	-0.991745	1.022779	1.051160	-8.995181	-8.966495	
229	18.636348	18.664730	20.541231	20.569612	19.403658	19.432345	-1.035463	-1.007081	0.869419	0.897801	-9.209885	-9.181198	
230	18.784959	18.813341	20.556092	20.584473	19.433381	19.462067	-1.050324	-1.021943	0.720808	0.749190	-9.417940	-9.389254	
231	18.928732	18.957114	20.570469	20.598850	19.462135	19.490822	-1.064701	-1.036320	0.577036	0.605417	-9.619222	-9.590536	
232	19.067580	19.095962	20.584354	20.612735	19.489905	19.518591	-1.078586	-1.050205	0.438188	0.466569	-9.813609	-9.784923	
233	19.201420	19.229801	20.597738	20.626119	19.516673	19.545359	-1.091970	-1.063589	0.304348	0.332729	-10.000985	-9.972298	
234	19.330170	19.358552	20.610613	20.638994	19.542423	19.571109	-1.104845	-1.076464	0.175598	0.203979	-10.181235	-10.152549	
235	19.453754	19.482135	20.622971	20.651352	19.567140	19.595826	-1.117203	-1.088822	0.052014	0.080395	-10.354253	-10.325566	
236	19.572097	19.600478	20.634805	20.663187	19.590808	19.619495	-1.129038	-1.100656	-0.066329	-0.037948	-10.519933	-10.491246	
237	19.685127	19.713509	20.646108	20.674490	19.613414	19.642101	-1.140341	-1.111959	-0.179359	-0.150978	-10.678175	-10.649489	
238	19.792777	19.821158	20.656873	20.685255	19.634944	19.663631	-1.151106	-1.122724	-0.287009	-0.258628	-10.828885	-10.800198	
239	19.894982	19.923363	20.667094	20.695475	19.655385	19.684072	-1.161326	-1.132945	-0.389214	-0.360833	-10.971971	-10.943285	
240	19.991679	20.020061	20.676764	20.705145	19.674725	19.703411	-1.170996	-1.142614	-0.485912	-0.457530	-11.107348	-11.078662	
241	20.082812	20.111193	20.685877	20.714258	19.692951	19.721638	-1.180109	-1.151728	-0.577044	-0.548663	-11.234934	-11.206248	
242	20.168325	20.196706	20.694428	20.722810	19.710054	19.738740	-1.188660	-1.160279	-0.662557	-0.634176	-11.354652	-11.325965	
243	20.248166	20.276547	20.702412	20.730794	19.726022	19.754708	-1.196644	-1.168263	-0.742398	-0.714017	-11.466429	-11.437743	
244	20.322288	20.350669	20.709824	20.738206	19.740846	19.769533	-1.204057	-1.175675	-0.816520	-0.788138	-11.570200	-11.541513	
245	20.390645	20.419026	20.716660	20.745042	19.754518	19.783204	-1.210892	-1.182511	-0.884877	-0.856496	-11.665900	-11.637213	
246	20.453197	20.481578	20.722915	20.751297	19.767028	19.795715	-1.217148	-1.188766	-0.947429	-0.919048	-11.753472	-11.724786	
247	20.509905	20.538287	20.728586	20.756968	19.778370	19.807056	-1.222818	-1.194437	-1.004138	-0.975756	-11.832865	-11.804178	
248	20.560737	20.589118	20.733669	20.762051	19.788536	19.817223	-1.227902	-1.199520	-1.054969	-1.026588	-11.904029	-11.875342	
249	20.605661	20.634042	20.738162	20.766543	19.797521	19.826207	-1.232394	-1.204013	-1.099893	-1.071511	-11.966922	-11.938235	
250	20.644649	20.673031	20.742061	20.770442	19.805319	19.834005	-1.236293	-1.207911	-1.138881	-1.110500	-12.021506	-11.992820	
251	20.677679	20.706061	20.745364	20.773745	19.811925	19.840611	-1.239596	-1.211215	-1.171912	-1.143530	-12.067748	-12.039062	
252	20.704731	20.733113	20.748069	20.776450	19.817335	19.846022	-1.242301	-1.213920	-1.198964	-1.170582	-12.105621	-12.076935	
253	20.725789	20.754170	20.750175	20.778556	19.821546	19.850233	-1.244407	-1.216025	-1.220021	-1.191640	-12.135101	-12.106415	
254	20.740839	20.769220	20.751680	20.780061	19.824556	19.853243	-1.245912	-1.217530	-1.235071	-1.206690	-12.156171	-12.127485	
255	20.749872	20.778254	20.752583	20.780964	19.826363	19.855050	-1.246815	-1.218434	-1.244105	-1.215723	-12.168818	-12.140132	
256	20.752884	20.781265	20.752884	20.781265	19.826966	19.855652	-1.247116	-1.218735	-1.247116	-1.218735	-12.173035	-12.144348	
257	20.747644	20.776025	20.751498	20.779880	19.825760	19.854447	-1.245731	-1.217349	-1.241876	-1.213495	-12.164602	-12.135916	
258	20.731930	20.760311	20.747339	20.775720	19.822139	19.850825	-1.241571	-1.213189	-1.226162	-1.197781	-12.139316	-12.110630	
259	20.705762	20.734143	20.740397	20.768778	19.816083	19.844770	-1.234629	-1.206248	-1.199994	-1.171612	-12.097212	-12.068525	
260	20.669173	20.697554	20.730660	20.759041	19.807565	19.836252	-1.224892	-1.196511	-1.163405	-1.135023	-12.038346	-12.009660	
261	20.622209	20.650590	20.718109	20.746490	19.796544	19.825231	-1.212341	-1.183960	-1.116441	-1.088060	-11.962801	-11.934115	
262	20.564930	20.593312	20.702721	20.731103	19.782969	19.811655	-1.196953	-1.168572	-1.059162	-1.030781	-11.870680	-11.841994	
263	20.497409	20.525790	20.684468	20.712849	19.766776	19.795462	-1.178700	-1.150319	-0.991641	-0.963260	-11.762109	-11.733423	
264	20.419729	20.448111	20.663315	20.691696	19.747891	19.776578	-1.157547	-1.129166	-0.913962	-0.885580	-11.637238	-11.608551	
265	20.331990	20.360372	20.639225	20.667606	19.726232	19.754918	-1.133457	-1.105076	-0.826223	-0.797841	-11.496237	-11.467550	
266	20.234302	20.262683	20.612154	20.640535	19.701702	19.730388	-1.106386	-1.078005	-0.728534	-0.700153	-11.339299	-11.310612	
267	20.126787	20.155168	20.582055	20.610436	19.674197	19.702883	-1.076287	-1.047906	-0.621019	-0.592637	-11.166638	-11.137951	
268	20.009579	20.037961	20.548876	20.577258	19.643602	19.672289	-1.043109	-1.014727	-0.503811	-0.475430	-10.978489	-10.949803	
269	19.882826	19.911208	20.512562	20.540943	19.609794	19.638480	-1.006794	-0.978413	-0.377058	-0.348677	-10.775108	-10.746422	
270	19.746686	19.775067	20.473052	20.501433	19.572639	19.601326	-0.967284	-0.938903	-0.240918	-0.212536	-10.556771	-10.528085	
271	19.601327	19.629708	20.430283	20.458664	19.531997	19.560684	-0.924515	-0.896134	-0.095559	-0.067178	-10.323773	-10.295087	
272	19.446930	19.475311	20.384188	20.412570	19.487718	19.516404	-0.878420	-0.850039	0.058838	0.087219	-10.076428	-10.047741	
273	19.283686	19.312067	20.334697	20.363078	19.439645	19.468331	-0.828929	-0.800548	0.222082	0.250463	-9.815068	-9.786381	
274	19.111796	19.140177	20.281737	20.310118	19.387614	19.416301	-0.775969	-0.747588	0.393972	0.422354	-9.540043	-9.511357	
275	18.931470	18.959852	20.225233	20.253614	19.331456	19.360143	-0.719465	-0.691083	0.574297	0.602679	-9.251722	-9.223035	
276	18.742930	18.771312	20.165106	20.193487	19.270995	19.299682	-0.659338	-0.630957	0.762837	0.791219	-8.950486	-8.921799	
277	18.546405	18.574787	20.101277	20.129658	19.206049	19.234736	-0.595509	-0.567128	0.959362	0.987744	-8.636735	-8.608048	
278	18.342134	18.370515	20.033664	20.062045	19.136433	19.165120	-0.527896	-0.499515	1.163634	1.192016	-8.310883	-8.282196	
279	18.130362	18.158743	19.962185	19.990567	19.061957	19.090644	-0.456417	-0.428036	1.375406	1.403788	-7.973357	-7.944671	
280	17.911343	17.939725	19.886756	19.915138	18.982429	19.011116	-0.380989	-0.352607	1.594424	1.622806	-7.624599	-7.595913	
281	17.685341	17.713722	19.807293	19.835675	18.897653	18.926340	-0.301526	-0.273144	1.820427	1.848808	-7.265062	-7.236375	
282	17.452623	17.481004	19.723712	19.752093	18.807432	18.836119	-0.217944	-0.189562	2.053145	2.081527	-6.895209	-6.866523	
283	17.213463	17.241845	19.635927	19.664308	18.711568	18.740254	-0.130159	-0.101777	2.292305	2.320686	-6.515518	-6.486832	
284	16.968144	16.996525	19.543855	19.572236	18.609862	18.638548	-0.038087	-0.009706	2.537624	2.566005	-6.126473	-6.097787	
285	16.716950	16.745332	19.447413	19.475794	18.502116	18.530802	0.058355	0.086736	2.788818	2.817199	-5.728568	-5.699881	
286	16.460174	16.488555	19.346519	19.374901	18.388132	18.416819	0.159249	0.187630	3.045594	3.073975	-5.322304	-5.293618	
287	16.198110	16.226492	19.241094	19.269475	18.267716	18.296402	0.264674	0.293055	3.307657	3.336039	-4.908191	-4.879505	
288	15.931059	15.959440	19.131059	19.159440	18.140674	18.169361	0.374709	0.403090	3.574709	3.603090	-4.486743	-4.458057	
289	15.659322	15.687703	19.016339	19.044720	18.006817	18.035504	0.489429	0.517811	3.846446	3.874827	-4.058481	-4.029794	
290	15.383205	15.411587	18.896860	18.925242	17.865960	17.894647	0.608908	0.637289	4.122562	4.150944	-3.623927	-3.595240	
291	15.103017	15.131398	18.772554	18.800936	17.717923	17.746609	0.733214	0.761595	4.402751	4.431132	-3.183609	-3.154923	
292	14.819066	14.847447	18.643355	18.671736	17.562529	17.591216	0.862413	0.890794	4.686702	4.715083	-2.738057	-2.709370	
293	14.531663	14.560045	18.509200	18.537581	17.399612	17.428298	0.996568	1.024949	4.974104	5.002486	-2.287800	-2.259113	
294	14.241121	14.269503	18.370032	18.398413	17.229009	17.257695	1.135736	1.164117	5.264647	5.293028	-1.833370	-1.804683	
295	13.947751	13.976132	18.225798	18.254180	17.050566	17.079253	1.279970	1.308351	5.558017	5.586399	-1.375297	-1.346610	
296	13.651863	13.680245	18.076450	18.104832	16.864140	16.892826	1.429317	1.457699	5.853904	5.882286	-0.914109	-0.885422	
297	13.353770	13.382151	17.921946	17.950328	16.669593	16.698279	1.583822	1.612203	6.151998	6.180379	-0.450332	-0.421645	
298	13.053780	13.082161	17.762249	17.790631	16.466800	16.495486	1.743519	1.771900	6.451988	6.480369	0.015511	0.044198	
299	12.752200	12.780581	17.597329	17.625710	16.255645	16.284332	1.908439	1.936820	6.753568	6.781949	0.482902	0.511589	
300	12.449336	12.477717	17.427161	17.455542	16.036024	16.064711	2.078607	2.106988	7.056432	7.084813	0.951328	0.980014	
301	12.145490	12.173871	17.251728	17.280109	15.807845	15.836532	2.254040	2.282421	7.360278	7.388659	1.420281	1.448968	
302	11.840961	11.869343	17.071020	17.099401	15.571027	15.599714	2.434748	2.463129	7.664807	7.693188	1.889263	1.917950	
303	11.536045	11.564426	16.885033	16.913415	15.325504	15.354190	2.620735	2.649116	7.969723	7.998105	2.357781	2.386467	
304	11.231031	11.259413	16.693773	16.722154	15.071221	15.099908	2.811995	2.840376	8.274736	8.303118	2.825350	2.854037	
305	10.926208	10.954589	16.497252	16.525633	14.808140	14.836826	3.008516	3.036897	8.579560	8.607941	3.291497	3.320184	
306	10.621856	10.650238	16.295490	16.323871	14.536235	14.564922	3.210278	3.238659	8.883912	8.912293	3.755758	3.784445	
307	10.318252	10.346633	16.088516	16.116897	14.255497	14.284183	3.417252	3.445633	9.187516	9.215897	4.217679	4.246366	
308	10.015665	10.044046	15.876368	15.904749	13.965930	13.994616	3.629400	3.657782	9.490103	9.518484	4.676819	4.705505	
309	9.714359	9.742741	15.659091	15.687472	13.667556	13.696243	3.846677	3.875058	9.791409	9.819790	5.132746	5.161433	
310	9.414593	9.442974	15.436741	15.465122	13.360413	13.389099	4.069027	4.097408	10.091175	10.119556	5.585045	5.613732	
311	9.116616	9.144997	15.209381	15.237763	13.044554	13.073241	4.296386	4.324768	10.389152	10.417533	6.033312	6.061999	
312	8.820671	8.849053	14.977086	15.005467	12.720050	12.748737	4.528682	4.557063	10.685096	10.713478	6.477158	6.505844	
313	8.526995	8.555377	14.739937	14.768318	12.386989	12.415676	4.765831	4.794213	10.978772	11.007154	6.916206	6.944892	
314	8.235816	8.264197	14.498025	14.526407	12.045475	12.074162	5.007743	5.036124	11.269952	11.298333	7.350097	7.378784	
315	7.947353	7.975735	14.251453	14.279835	11.695632	11.724318	5.254315	5.282696	11.558415	11.586796	7.778486	7.807173	
316	7.661818	7.690200	14.000331	14.028713	11.337598	11.366284	5.505437	5.533818	11.843950	11.872331	8.201045	8.229731	
317	7.379415	7.407796	13.744780	13.773161	10.971531	11.000218	5.760988	5.789370	12.126353	12.154734	8.617459	8.646145	
318	7.100337	7.128719	13.484928	13.513310	10.597607	10.626293	6.020839	6.049221	12.405430	12.433812	9.027432	9.056119	
319	6.824774	6.853155	13.220919	13.249301	10.216021	10.244707	6.284849	6.313230	12.680994	12.709375	9.430683	9.459369	
320	6.555106	6.579043	12.955106	12.983487	9.829674	9.858360	6.550662	6.583487	12.950662	12.979043	9.824257	9.852943	
321	6.284849	6.313230	12.680994	12.709375	9.430683	9.459369	6.824774	6.853155	13.220919	13.249301	10.216021	10.244707	
322	6.020839	6.049221	12.405430	12.433812	9.027432	9.056119	7.100337	7.128719	13.484928	13.513310	10.597607	10.626293	
323	5.760988	5.789370	12.126353	12.154734	8.617459	8.646145	7.379415	7.407796	13.744780	13.773161	10.971531	11.000218	
324	5.505437	5.533818	11.843950	11.872331	8.201045	8.229731	7.661818	7.690200	14.000331	14.028713	11.337598	11.366284	
325	5.254315	5.282696	11.558415	11.586796	7.778486	7.807173	7.947353	7.975735	14.251453	14.279835	11.695632	11.724318	
326	5.007743	5.036124	11.269952	11.298333	7.350097	7.378784	8.235816	8.264197	14.498025	14.526407	12.045475	12.074162	
327	4.765831	4.794213	10.978772	11.007154	6.916206	6.944892	8.526995	8.555377	14.739937	14.768318	12.386989	12.415676	
328	4.528682	4.557063	10.685096	10.713478	6.477158	6.505844	8.820671	8.849053	14.977086	15.005467	12.720050	12.748737	
329	4.296386	4.324768	10.389152	10.417533	6.033312	6.061999	9.116616	9.144997	15.209381	15.237763	13.044554	13.073241	
330	4.069027	4.097408	10.091175	10.119556	5.585045	5.613732	9.414593	9.442974	15.436741	15.465122	13.360413	13.389099	
331	3.846677	3.875058	9.791409	9.819790	5.132746	5.161433	9.714359	9.742741	15.659091	15.687472	13.667556	13.696243	
332	3.629400	3.657782	9.490103	9.518484	4.676819	4.705505	10.015665	10.044046	15.876368	15.904749	13.965930	13.994616	
333	3.417252	3.445633	9.187516	9.215897	4.217679	4.246366	10.318252	10.346633	16.088516	16.116897	14.255497	14.284183	
334	3.210278	3.238659	8.883912	8.912293	3.755758	3.784445	10.621856	10.650238	16.295490	16.323871	14.536235	14.564922	
335	3.008516	3.036897	8.579560	8.607941	3.291497	3.320184	10.926208	10.954589	16.497252	16.525633	14.808140	14.836826	
336	2.811995	2.840376	8.274736	8.303118	2.825350	2.854037	11.231031	11.259413	16.693773	16.722154	15.071221	15.099908	
337	2.620735	2.649116	7.969723	7.998105	2.357781	2.386467	11.536045	11.564426	16.885033	16.913415	15.325504	15.354190	
338	2.434748	2.463129	7.664807	7.693188	1.889263	1.917950	11.840961	11.869343	17.071020	17.099401	15.571027	15.599714	
339	2.254040	2.282421	7.360278	7.388659	1.420281	1.448968	12.145490	12.173871	17.251728	17.280109	15.807845	15.836532	
340	2.078607	2.106988	7.056432	7.084813	0.951328	0.980014	12.449336	12.477717	17.427161	17.455542	16.036024	16.064711	
341	1.908439	1.936820	6.753568	6.781949	0.482902	0.511589	12.752200	12.780581	17.597329	17.625710	16.255645	16.284332	
342	1.743519	1.771900	6.451988	6.480369	0.015511	0.044198	13.053780	13.082161	17.762249	17.790631	16.466800	16.495486	
343	1.583822	1.612203	6.151998	6.180379	-0.450332	-0.421645	13.353770	13.382151	17.921946	17.950328	16.669593	16.698279	
344	1.429317	1.457699	5.853904	5.882286	-0.914109	-0.885422	13.651863	13.680245	18.076450	18.104832	16.864140	16.892826	
345	1.279970	1.308351	5.558017	5.586399	-1.375297	-1.346610	13.947751	13.976132	18.225798	18.254180	17.050566	17.079253	
346	1.135736	1.164117	5.264647	5.293028	-1.833370	-1.804683	14.241121	14.269503	18.370032	18.398413	17.229009	17.257695	
347	0.996568	1.024949	4.974104	5.002486	-2.287800	-2.259113	14.531663	14.560045	18.509200	18.537581	17.399612	17.428298	
348	0.862413	0.890794	4.686702	4.715083	-2.738057	-2.709370	14.819066	14.847447	18.643355	18.671736	17.562529	17.591216	
349	0.733214	0.761595	4.402751	4.431132	-3.183609	-3.154923	15.103017	15.131398	18.772554	18.800936	17.717923	17.746609	
350	0.608908	0.637289	4.122562	4.150944	-3.623927	-3.595240	15.383205	15.411587	18.896860	18.925242	17.865960	17.894647	
351	0.489429	0.517811	3.846446	3.874827	-4.058481	-4.029794	15.659322	15.687703	19.016339	19.044720	18.006817	18.035504	
352	0.374709	0.403090	3.574709	3.603090	-4.486743	-4.458057	15.931059	15.959440	19.131059	19.159440	18.140674	18.169361	
353	0.264674	0.293055	3.307657	3.336039	-4.908191	-4.879505	16.198110	16.226492	19.241094	19.269475	18.267716	18.296402	
354	0.159249	0.187630	3.045594	3.073975	-5.322304	-5.293618	16.460174	16.488555	19.346519	19.374901	18.388132	18.416819	
355	0.058355	0.086736	2.788818	2.817199	-5.728568	-5.699881	16.716950	16.745332	19.447413	19.475794	18.502116	18.530802	
356	-0.038087	-0.009706	2.537624	2.566005	-6.126473	-6.097787	16.968144	16.996525	19.543855	19.572236	18.609862	18.638548	
357	-0.130159	-0.101777	2.292305	2.320686	-6.515518	-6.486832	17.213463	17.241845	19.635927	19.664308	18.711568	18.740254	
358	-0.217944	-0.189562	2.053145	2.081527	-6.895209	-6.866523	17.452623	17.481004	19.723712	19.752093	18.807432	18.836119	
359	-0.301526	-0.273144	1.820427	1.848808	-7.265062	-7.236375	17.685341	17.713722	19.807293	19.835675	18.897653	18.926340	
360	-0.380989	-0.352607	1.594424	1.622806	-7.624599	-7.595913	17.911343	17.939725	19.886756	19.915138	18.982429	19.011116	
361	-0.456417	-0.428036	1.375406	1.403788	-7.973357	-7.944671	18.130362	18.158743	19.962185	19.990567	19.061957	19.090644	
362	-0.527896	-0.499515	1.163634	1.192016	-8.310883	-8.282196	18.342134	18.370515	20.033664	20.062045	19.136433	19.165120	
363	-0.595509	-0.567128	0.959362	0.987744	-8.636735	-8.608048	18.546405	18.574787	20.101277	20.129658	19.206049	19.234736	
364	-0.659338	-0.630957	0.762837	0.791219	-8.950486	-8.921799	18.742930	18.771312	20.165106	20.193487	19.270995	19.299682	
365	-0.719465	-0.691083	0.574297	0.602679	-9.251722	-9.223035	18.931470	18.959852	20.225233	20.253614	19.331456	19.360143	
366	-0.775969	-0.747588	0.393972	0.422354	-9.540043	-9.511357	19.111796	19.140177	20.281737	20.310118	19.387614	19.416301	
367	-0.828929	-0.800548	0.222082	0.250463	-9.815068	-9.786381	19.283686	19.312067	20.334697	20.363078	19.439645	19.468331	
368	-0.878420	-0.850039	0.058838	0.087219	-10.076428	-10.047741	19.446930	19.475311	20.384188	20.412570	19.487718	19.516404	
369	-0.924515	-0.896134	-0.095559	-0.067178	-10.323773	-10.295087	19.601327	19.629708	20.430283	20.458664	19.531997	19.560684	
370	-0.967284	-0.938903	-0.240918	-0.212536	-10.556771	-10.528085	19.746686	19.775067	20.473052	20.501433	19.572639	19.601326	
371	-1.006794	-0.978413	-0.377058	-0.348677	-10.775108	-10.746422	19.882826	19.911208	20.512562	20.540943	19.609794	19.638480	
372	-1.043109	-1.014727	-0.503811	-0.475430	-10.978489	-10.949803	20.009579	20.037961	20.548876	20.577258	19.643602	19.672289	
373	-1.076287	-1.047906	-0.621019	-0.592637	-11.166638	-11.137951	20.126787	20.155168	20.582055	20.610436	19.674197	19.702883	
374	-1.106386	-1.078005	-0.728534	-0.700153	-11.339299	-11.310612	20.234302	20.262683	20.612154	20.640535	19.701702	19.730388	
375	-1.133457	-1.105076	-0.826223	-0.797841	-11.496237	-11.467550	20.331990	20.360372	20.639225	20.667606	19.726232	19.754918	
376	-1.157547	-1.129166	-0.913962	-0.885580	-11.637238	-11.608551	20.419729	20.448111	20.663315	20.691696	19.747891	19.776578	
377	-1.178700	-1.150319	-0.991641	-0.963260	-11.762109	-11.733423	20.497409	20.525790	20.684468	20.712849	19.766776	19.795462	
378	-1.196953	-1.168572	-1.059162	-1.030781	-11.870680	-11.841994	20.564930	20.593312	20.702721	20.731103	19.782969	19.811655	
379	-1.212341	-1.183960	-1.116441	-1.088060	-11.962801	-11.934115	20.622209	20.650590	20.718109	20.746490	19.796544	19.825231	
380	-1.224892	-1.196511	-1.163405	-1.135023	-12.038346	-12.009660	20.669173	20.697554	20.730660	20.759041	19.807565	19.836252	
381	-1.234629	-1.206248	-1.199994	-1.171612	-12.097212	-12.068525	20.705762	20.734143	20.740397	20.768778	19.816083	19.844770	
382	-1.241571	-1.213189	-1.226162	-1.197781	-12.139316	-12.110630	20.731930	20.760311	20.747339	20.775720	19.822139	19.850825	
383	-1.245731	-1.217349	-1.241876	-1.213495	-12.164602	-12.135916	20.747644	20.776025	20.751498	20.779880	19.825760	19.854447	
384	-1.247116	-1.218735	-1.247116	-1.218735	-12.173035	-12.144348	20.752884	20.781265	20.752884	20.781265	19.826966	19.855652	
