#p	a1_up	a1_dn	b1_up	b1_dn	c1_up	c1_dn	a2_up	a2_dn	b2_up	b2_dn	c2_up	c2_dn	NaN
0	9.595784	-11.057175	9.595789	-11.057175	-1.936090	-21.979501	31.830160	11.177201	31.830165	11.177201	30.182946	10.139535	
1	9.596087	-11.056877	9.598764	-11.054195	-1.931882	-21.975293	31.827180	11.174220	31.829867	11.176903	30.182353	10.138942	
2	9.596981	-11.055983	9.607703	-11.045257	-1.919262	-21.962673	31.818241	11.165282	31.828973	11.176009	30.180573	10.137162	
3	9.598470	-11.054494	9.622593	-11.030366	-1.898236	-21.941648	31.803351	11.150391	31.827484	11.174520	30.177608	10.134196	
4	9.600554	-11.052411	9.643427	-11.009532	-1.868819	-21.912230	31.782517	11.129558	31.825401	11.172436	30.173459	10.130048	
5	9.603230	-11.049734	9.670191	-10.982768	-1.831027	-21.874438	31.755753	11.102794	31.822724	11.169760	30.168129	10.124718	
6	9.606498	-11.046466	9.702867	-10.950092	-1.784883	-21.828295	31.723077	11.070118	31.819456	11.166492	30.161622	10.118211	
7	9.610356	-11.042608	9.741435	-10.911524	-1.730416	-21.773828	31.684509	11.031550	31.815598	11.162634	30.153941	10.110530	
8	9.614801	-11.038163	9.785871	-10.867089	-1.667659	-21.711070	31.640073	10.987114	31.811153	11.158189	30.145092	10.101681	
9	9.619830	-11.033134	9.836145	-10.816814	-1.596649	-21.640060	31.589799	10.936840	31.806124	11.153160	30.135080	10.091668	
10	9.625441	-11.027523	9.892226	-10.760733	-1.517429	-21.560840	31.533718	10.880759	31.800513	11.147549	30.123911	10.080499	
11	9.631630	-11.021334	9.954077	-10.698882	-1.430048	-21.473459	31.471867	10.818907	31.794324	11.141360	30.111592	10.068181	
12	9.638393	-11.014571	10.021660	-10.631299	-1.334559	-21.377970	31.404284	10.751325	31.787561	11.134597	30.098132	10.054720	
13	9.645727	-11.007238	10.094931	-10.558029	-1.231019	-21.274430	31.331013	10.678054	31.780228	11.127263	30.083538	10.040126	
14	9.653626	-10.999339	10.173842	-10.479117	-1.119492	-21.162903	31.252102	10.599143	31.772329	11.119364	30.067819	10.024408	
15	9.662086	-10.990879	10.258343	-10.394617	-1.000044	-21.043455	31.167601	10.514642	31.763868	11.110904	30.050987	10.007576	
16	9.671102	-10.981863	10.348379	-10.304580	-0.872749	-20.916160	31.077565	10.424606	31.754853	11.101888	30.033051	9.989640	
17	9.680668	-10.972296	10.443892	-10.209067	-0.737683	-20.781094	30.982052	10.329093	31.745286	11.092322	30.014023	9.970611	
18	9.690779	-10.962185	10.544820	-10.108139	-0.594929	-20.638340	30.881124	10.228165	31.735175	11.082211	29.993914	9.950503	
19	9.701428	-10.951536	10.651098	-10.001861	-0.444573	-20.487984	30.774846	10.121887	31.724526	11.071561	29.972738	9.929327	
20	9.712610	-10.940354	10.762655	-9.890304	-0.286706	-20.330118	30.663289	10.010329	31.713344	11.060380	29.950508	9.907097	
21	9.724317	-10.928648	10.879420	-9.773539	-0.121425	-20.164836	30.546524	9.893565	31.701638	11.048673	29.927238	9.883827	
22	9.736541	-10.916423	11.001316	-9.651644	0.051171	-19.992241	30.424628	9.771669	31.689413	11.036448	29.902943	9.859531	
23	9.749277	-10.903687	11.128261	-9.524698	0.230976	-19.812435	30.297683	9.644724	31.676677	11.023713	29.877638	9.834226	
24	9.762516	-10.890448	11.260172	-9.392787	0.417882	-19.625529	30.165772	9.512813	31.663438	11.010474	29.851339	9.807928	
25	9.776250	-10.876715	11.396961	-9.255998	0.611775	-19.431636	30.028982	9.376023	31.649705	10.996740	29.824064	9.780652	
26	9.790470	-10.862494	11.538538	-9.114422	0.812538	-19.230874	29.887406	9.234447	31.635484	10.982520	29.795829	9.752417	
27	9.805169	-10.847796	11.684805	-8.968154	1.020047	-19.023364	29.741139	9.088180	31.620786	10.967821	29.766652	9.723241	
28	9.820336	-10.832628	11.835665	-8.817295	1.234178	-18.809233	29.590279	8.937320	31.605618	10.952654	29.736553	9.693142	
29	9.835964	-10.817000	11.991013	-8.661946	1.454800	-18.588611	29.434931	8.781971	31.589990	10.937026	29.705550	9.662139	
30	9.852043	-10.800922	12.150744	-8.502215	1.681779	-18.361632	29.275200	8.622240	31.573912	10.920947	29.673664	9.630253	
31	9.868562	-10.784403	12.314747	-8.338212	1.914977	-18.128434	29.111197	8.458238	31.557392	10.904428	29.640915	9.597504	
32	9.885512	-10.767452	12.482905	-8.170054	2.154252	-17.889159	28.943039	8.290080	31.540442	10.887478	29.607323	9.563912	
33	9.902883	-10.750082	12.655101	-7.997858	2.399458	-17.643953	28.770843	8.117884	31.523072	10.870107	29.572912	9.529500	
34	9.920663	-10.732301	12.831209	-7.821750	2.650447	-17.392964	28.594735	7.941776	31.505291	10.852327	29.537702	9.494291	
35	9.938843	-10.714121	13.011102	-7.641857	2.907066	-17.136345	28.414842	7.761882	31.487111	10.834147	29.501717	9.458306	
36	9.957412	-10.695553	13.194647	-7.458312	3.169158	-16.874254	28.231297	7.578338	31.468543	10.815578	29.464980	9.421568	
37	9.976357	-10.676607	13.381704	-7.271255	3.436563	-16.606848	28.044240	7.391280	31.449597	10.796633	29.427515	9.384103	
38	9.995668	-10.657296	13.572131	-7.080828	3.709119	-16.334292	27.853813	7.200854	31.430286	10.777322	29.389346	9.345935	
39	10.015333	-10.637631	13.765776	-6.887183	3.986659	-16.056752	27.660168	7.007209	31.410621	10.757657	29.350499	9.307088	
40	10.035340	-10.617624	13.962483	-6.690476	4.269015	-15.774396	27.463461	6.810501	31.390614	10.737650	29.310999	9.267588	
41	10.055677	-10.597287	14.162090	-6.490870	4.556014	-15.487398	27.263854	6.610895	31.370277	10.717313	29.270872	9.227460	
42	10.076332	-10.576633	14.364422	-6.288537	4.847480	-15.195931	27.061521	6.408562	31.349623	10.696658	29.230144	9.186732	
43	10.097292	-10.555673	14.569301	-6.083658	5.143236	-14.900175	26.856643	6.203683	31.328663	10.675698	29.188842	9.145431	
44	10.118544	-10.534421	14.776535	-5.876424	5.443101	-14.600310	26.649409	5.996450	31.307410	10.654446	29.146995	9.103584	
45	10.140076	-10.512889	14.985920	-5.667039	5.746891	-14.296520	26.440024	5.787065	31.285879	10.632914	29.104630	9.061218	
46	10.161874	-10.491090	15.197240	-5.455719	6.054421	-13.988990	26.228704	5.575745	31.264080	10.611116	29.061775	9.018363	
47	10.183926	-10.469038	15.410261	-5.242698	6.365502	-13.677909	26.015683	5.362724	31.242028	10.589064	29.018459	8.975048	
48	10.206218	-10.446746	15.624731	-5.028228	6.679943	-13.363468	25.801213	5.148253	31.219736	10.566772	28.974712	8.931301	
49	10.228737	-10.424227	15.840374	-4.812585	6.997553	-13.045859	25.585570	4.932610	31.197217	10.544253	28.930564	8.887152	
50	10.251469	-10.401496	16.056886	-4.596073	7.318134	-12.725277	25.369058	4.716099	31.174486	10.521521	28.886044	8.842633	
51	10.274400	-10.378565	16.273927	-4.379032	7.641492	-12.401919	25.152017	4.499058	31.151555	10.498590	28.841184	8.797773	
52	10.297516	-10.355448	16.491115	-4.161844	7.967426	-12.075985	24.934829	4.281870	31.128438	10.475474	28.796015	8.752603	
53	10.320804	-10.332160	16.708014	-3.944945	8.295736	-11.747675	24.717930	4.064971	31.105150	10.452186	28.750568	8.707156	
54	10.344250	-10.308715	16.924120	-3.728840	8.626220	-11.417192	24.501824	3.848865	31.081705	10.428740	28.704875	8.661464	
55	10.367838	-10.285126	17.138840	-3.514120	8.958673	-11.084738	24.287104	3.634145	31.058116	10.405152	28.658969	8.615558	
56	10.391556	-10.261408	17.351470	-3.301489	9.292890	-10.750521	24.074473	3.421514	31.034398	10.381434	28.612883	8.569472	
57	10.415388	-10.237576	17.561163	-3.091796	9.628664	-10.414747	23.864780	3.211821	31.010566	10.357602	28.566650	8.523239	
58	10.439321	-10.213643	17.766880	-2.886079	9.965787	-10.077624	23.659063	3.006104	30.986633	10.333669	28.520304	8.476893	
59	10.463340	-10.189625	17.967337	-2.685622	10.304049	-9.739362	23.458607	2.805648	30.962615	10.309650	28.473879	8.430468	
60	10.487430	-10.165535	18.160926	-2.492034	10.643240	-9.400171	23.265018	2.612059	30.938524	10.285560	28.427411	8.384000	
61	10.511577	-10.141388	18.345626	-2.307333	10.983148	-9.060263	23.080318	2.427359	30.914378	10.261413	28.380934	8.337522	
62	10.535766	-10.117198	18.518894	-2.134065	11.323561	-8.719850	22.907050	2.254091	30.890188	10.237224	28.334483	8.291072	
63	10.559983	-10.092982	18.677557	-1.975402	11.664266	-8.379146	22.748387	2.095428	30.865972	10.213007	28.288096	8.244685	
64	10.584213	-10.068752	18.817751	-1.835208	12.005047	-8.038364	22.608193	1.955234	30.841742	10.188777	28.241810	8.198398	
65	10.608441	-10.044523	18.934977	-1.717982	12.345691	-7.697720	22.490967	1.838007	30.817513	10.164549	28.195661	8.152249	
66	10.632654	-10.020311	19.024401	-1.628558	12.685982	-7.357429	22.401543	1.748584	30.793301	10.140336	28.149687	8.106276	
67	10.656835	-9.996129	19.081486	-1.571473	13.025704	-7.017707	22.344458	1.691499	30.769119	10.116155	28.103927	8.060516	
68	10.680972	-9.971993	19.102924	-1.550035	13.364641	-6.678770	22.323020	1.670061	30.744983	10.092018	28.058421	8.015010	
69	10.705048	-9.947916	22.338422	1.685462	13.702576	-6.340835	19.087522	-1.565437	30.720906	10.067942	28.013209	7.969797	
70	10.729051	-9.923914	22.389348	1.736389	14.039292	-6.004119	19.036596	-1.616363	30.696904	10.043939	27.968330	7.924919	
71	10.752964	-9.900000	22.472353	1.819394	14.374572	-5.668840	18.953591	-1.699368	30.672990	10.020026	27.923828	7.880416	
72	10.776775	-9.876190	22.582753	1.929793	14.708197	-5.335214	18.843191	-1.809768	30.649180	9.996215	27.879744	7.836332	
73	10.800467	-9.852497	22.715564	2.062604	15.039950	-5.003461	18.710380	-1.942579	30.625487	9.972523	27.836121	7.792710	
74	10.824029	-9.828936	22.866155	2.213195	15.369613	-4.673798	18.559789	-2.093170	30.601926	9.948961	27.793006	7.749595	
75	10.847444	-9.805521	23.030552	2.377593	15.696967	-4.346444	18.395392	-2.257567	30.578511	9.925546	27.750443	7.707031	
76	10.870699	-9.782265	23.205498	2.552539	16.021794	-4.021617	18.220445	-2.432514	30.555255	9.902291	27.708479	7.665068	
77	10.893780	-9.759184	23.388388	2.735429	16.343875	-3.699536	18.037556	-2.615403	30.532174	9.879210	27.667163	7.623751	
78	10.916673	-9.736291	23.577155	2.924196	16.662990	-3.380421	17.848789	-2.804170	30.509281	9.856317	27.626545	7.583133	
79	10.939365	-9.713599	23.770161	3.117202	16.978921	-3.064490	17.655783	-2.997176	30.486589	9.833625	27.586676	7.543265	
80	10.961841	-9.691123	23.966102	3.313143	17.291447	-2.751964	17.459842	-3.193117	30.464113	9.811148	27.547610	7.504199	
81	10.984089	-9.668875	24.163927	3.510968	17.600349	-2.443062	17.262017	-3.390942	30.441865	9.788901	27.509404	7.465992	
82	11.006095	-9.646870	24.362780	3.709821	17.905405	-2.138007	17.063164	-3.589795	30.419860	9.766895	27.472113	7.428702	
83	11.027845	-9.625120	24.561955	3.908996	18.206393	-1.837018	16.863989	-3.788970	30.398110	9.745145	27.435800	7.392389	
84	11.049326	-9.603638	24.760862	4.107903	18.503091	-1.540320	16.665082	-3.987877	30.376628	9.723664	27.400526	7.357115	
85	11.070527	-9.582438	24.959001	4.306042	18.795277	-1.248135	16.466943	-4.186016	30.355428	9.702463	27.366358	7.322947	
86	11.091433	-9.561532	25.155941	4.502981	19.082724	-0.960687	16.270003	-4.382956	30.334521	9.681557	27.333365	7.289954	
87	11.112032	-9.540932	25.351307	4.698348	19.365208	-0.678203	16.074637	-4.578323	30.313922	9.660957	27.301620	7.258209	
88	11.132313	-9.520651	25.544771	4.891812	19.642501	-0.400910	15.881173	-4.771787	30.293641	9.640677	27.271198	7.227787	
89	11.152263	-9.500702	25.736039	5.083080	19.914374	-0.129038	15.689905	-4.963055	30.273692	9.620727	27.242181	7.198770	
90	11.171869	-9.481095	25.924847	5.271888	20.180595	0.137184	15.501097	-5.151862	30.254085	9.601121	27.214654	7.171242	
91	11.191121	-9.461843	26.110955	5.457996	20.440932	0.397521	15.314989	-5.337970	30.234833	9.581869	27.188704	7.145293	
92	11.210006	-9.442958	26.294144	5.641185	20.695150	0.651738	15.131800	-5.521159	30.215948	9.562984	27.164426	7.121015	
93	11.228514	-9.424451	26.474212	5.821252	20.943011	0.899600	14.951732	-5.701227	30.197441	9.544476	27.141920	7.098508	
94	11.246632	-9.406332	26.650970	5.998011	21.184277	1.140866	14.774973	-5.877986	30.179322	9.526357	27.121287	7.077876	
95	11.264352	-9.388613	26.824246	6.171287	21.418707	1.375296	14.601698	-6.051261	30.161603	9.508638	27.102636	7.059225	
96	11.281661	-9.371304	26.993874	6.340915	21.646060	1.602649	14.432070	-6.220889	30.144294	9.491329	27.086078	7.042667	
97	11.298549	-9.354416	27.159700	6.506741	21.866094	1.822683	14.266244	-6.386715	30.127405	9.474441	27.071728	7.028316	
98	11.315006	-9.337958	27.321580	6.668621	22.078569	2.035158	14.104364	-6.548595	30.110948	9.457984	27.059701	7.016290	
99	11.331023	-9.321941	27.479375	6.826416	22.283247	2.239836	13.946569	-6.706390	30.094931	9.441967	27.050116	7.006704	
100	11.346590	-9.306374	27.632955	6.979996	22.479898	2.436486	13.792989	-6.859971	30.079364	9.426400	27.043084	6.999673	
101	11.361698	-9.291267	27.782197	7.129238	22.668298	2.624886	13.643747	-7.009212	30.064257	9.411292	27.038716	6.995305	
102	11.376336	-9.276628	27.926982	7.274023	22.848238	2.804826	13.498962	-7.153998	30.049618	9.396654	27.037109	6.993698	
103	11.390498	-9.262466	28.067199	7.414240	23.019526	2.976114	13.358745	-7.294214	30.035456	9.382492	27.038349	6.994938	
104	11.404174	-9.248790	28.202741	7.549782	23.181993	3.138582	13.223203	-7.429756	30.021780	9.368816	27.042499	6.999087	
105	11.417356	-9.235608	28.333506	7.680547	23.335503	3.292092	13.092437	-7.560522	30.008598	9.355634	27.049597	7.006185	
106	11.430036	-9.222928	28.459399	7.806440	23.479954	3.436543	12.966545	-7.686414	29.995918	9.342954	27.059646	7.016235	
107	11.442207	-9.210757	28.580326	7.927367	23.615289	3.571878	12.845618	-7.807341	29.983747	9.330783	27.072611	7.029200	
108	11.453861	-9.199103	28.696201	8.043242	23.741504	3.698093	12.729743	-7.923216	29.972093	9.319129	27.088408	7.044997	
109	11.464992	-9.187972	28.806941	8.153982	23.858649	3.815238	12.619003	-8.033957	29.960962	9.307998	27.106900	7.063488	
110	11.475592	-9.177372	28.912468	8.259509	23.966835	3.923424	12.513476	-8.139484	29.950362	9.297398	27.127893	7.084482	
111	11.485656	-9.167308	29.012708	8.359749	24.066236	4.022825	12.413236	-8.239723	29.940298	9.287334	27.151137	7.107726	
112	11.495177	-9.157787	29.107590	8.454631	24.157085	4.113674	12.318354	-8.334605	29.930777	9.277813	27.176326	7.132914	
113	11.504150	-9.148814	29.197049	8.544090	24.239672	4.196261	12.228895	-8.424064	29.921804	9.268839	27.203098	7.159687	
114	11.512570	-9.140394	29.281023	8.628064	24.314334	4.270923	12.144921	-8.508039	29.913384	9.260420	27.231051	7.187640	
115	11.520431	-9.132534	29.359455	8.706496	24.381448	4.338037	12.066489	-8.586471	29.905523	9.252559	27.259746	7.216335	
116	11.527728	-9.125236	29.432292	8.779333	24.441420	4.398009	11.993652	-8.659307	29.898226	9.245262	27.288721	7.245310	
117	11.534458	-9.118506	29.499483	8.846524	24.494669	4.451257	11.926461	-8.726498	29.891496	9.238532	27.317501	7.274090	
118	11.540616	-9.112348	29.560983	8.908024	24.541619	4.498207	11.864961	-8.787998	29.885338	9.232374	27.345613	7.302202	
119	11.546199	-9.106765	29.616751	8.963792	24.582686	4.539274	11.809193	-8.843766	29.879755	9.226791	27.372597	7.329185	
120	11.551203	-9.101761	29.666750	9.013790	24.618268	4.574856	11.759194	-8.893765	29.874751	9.221787	27.398012	7.354601	
121	11.555626	-9.097339	29.710945	9.057986	24.648736	4.605325	11.714999	-8.937960	29.870329	9.217364	27.421452	7.378041	
122	11.559464	-9.093501	29.749307	9.096348	24.674430	4.631019	11.676637	-8.976322	29.866491	9.213526	27.442544	7.399133	
123	11.562715	-9.090249	29.781811	9.128851	24.695650	4.652239	11.644133	-9.008826	29.863239	9.210275	27.460961	7.417550	
124	11.565378	-9.087586	29.808434	9.155475	24.712654	4.669243	11.617510	-9.035449	29.860576	9.207612	27.476419	7.433008	
125	11.567451	-9.085513	29.829160	9.176201	24.725655	4.682244	11.596784	-9.056175	29.858503	9.205539	27.488687	7.445276	
126	11.568933	-9.084032	29.843974	9.191014	24.734822	4.691410	11.581970	-9.070989	29.857022	9.204057	27.497580	7.454169	
127	11.569822	-9.083143	29.852866	9.199907	24.740273	4.696862	11.573078	-9.079881	29.856132	9.203168	27.502969	7.459558	
128	11.570118	-9.082846	29.855831	9.202871	27.504774	7.461363	11.570113	-9.082846	29.855836	9.202872	24.742083	4.698671	
129	11.573083	-9.079881	29.856127	9.203168	27.502969	7.459558	11.569817	-9.083142	29.852871	9.199907	24.740273	4.696862	
130	11.581975	-9.070989	29.857016	9.204057	27.497580	7.454169	11.568928	-9.084031	29.843979	9.191015	24.734822	4.691410	
131	11.596789	-9.056175	29.858498	9.205539	27.488687	7.445276	11.567446	-9.085513	29.829165	9.176201	24.725655	4.682244	
132	11.617515	-9.035450	29.860571	9.207611	27.476419	7.433008	11.565373	-9.087586	29.808440	9.155475	24.712654	4.669243	
133	11.644138	-9.008826	29.863234	9.210274	27.460961	7.417550	11.562710	-9.090249	29.781816	9.128852	24.695650	4.652239	
134	11.676642	-8.976322	29.866485	9.213526	27.442544	7.399133	11.559459	-9.093500	29.749312	9.096348	24.674430	4.631019	
135	11.715004	-8.937960	29.870323	9.217364	27.421452	7.378041	11.555621	-9.097338	29.710950	9.057986	24.648736	4.605325	
136	11.759199	-8.893765	29.874746	9.221786	27.398012	7.354601	11.551198	-9.101761	29.666755	9.013791	24.618268	4.574856	
137	11.809198	-8.843767	29.879750	9.226791	27.372597	7.329185	11.546194	-9.106765	29.616757	8.963792	24.582686	4.539274	
138	11.864966	-8.787999	29.885333	9.232373	27.345613	7.302202	11.540611	-9.112348	29.560989	8.908024	24.541619	4.498207	
139	11.926466	-8.726498	29.891491	9.238532	27.317501	7.274090	11.534453	-9.118506	29.499488	8.846524	24.494669	4.451257	
140	11.993657	-8.659307	29.898221	9.245261	27.288721	7.245310	11.527723	-9.125236	29.432297	8.779333	24.441420	4.398009	
141	12.066493	-8.586471	29.905518	9.252559	27.259746	7.216335	11.520426	-9.132533	29.359461	8.706497	24.381448	4.338037	
142	12.144925	-8.508039	29.913379	9.260420	27.231051	7.187640	11.512565	-9.140394	29.281029	8.628065	24.314334	4.270923	
143	12.228900	-8.424065	29.921798	9.268839	27.203098	7.159687	11.504146	-9.148813	29.197054	8.544090	24.239672	4.196261	
144	12.318359	-8.334606	29.930771	9.277812	27.176326	7.132914	11.495173	-9.157787	29.107595	8.454631	24.157085	4.113674	
145	12.413241	-8.239723	29.940293	9.287333	27.151137	7.107726	11.485651	-9.167308	29.012713	8.359749	24.066236	4.022825	
146	12.513480	-8.139484	29.950357	9.297397	27.127893	7.084482	11.475587	-9.177372	28.912474	8.259510	23.966835	3.923424	
147	12.619007	-8.033957	29.960957	9.307998	27.106900	7.063488	11.464987	-9.187972	28.806947	8.153983	23.858649	3.815238	
148	12.729748	-7.923217	29.972088	9.319128	27.088408	7.044997	11.453856	-9.199103	28.696207	8.043242	23.741504	3.698093	
149	12.845623	-7.807342	29.983742	9.330783	27.072611	7.029200	11.442202	-9.210757	28.580332	7.927367	23.615289	3.571878	
150	12.966550	-7.686414	29.995913	9.342954	27.059646	7.016235	11.430031	-9.222928	28.459404	7.806440	23.479954	3.436543	
151	13.092442	-7.560522	30.008593	9.355634	27.049597	7.006185	11.417351	-9.235608	28.333512	7.680548	23.335503	3.292092	
152	13.223208	-7.429757	30.021775	9.368816	27.042499	6.999087	11.404169	-9.248790	28.202747	7.549782	23.181993	3.138582	
153	13.358749	-7.294215	30.035451	9.382492	27.038349	6.994938	11.390493	-9.262466	28.067205	7.414241	23.019526	2.976114	
154	13.498966	-7.153998	30.049612	9.396653	27.037109	6.993698	11.376332	-9.276628	27.926988	7.274024	22.848238	2.804826	
155	13.643752	-7.009213	30.064251	9.411292	27.038716	6.995305	11.361693	-9.291266	27.782203	7.129238	22.668298	2.624886	
156	13.792993	-6.859971	30.079359	9.426399	27.043084	6.999673	11.346585	-9.306374	27.632961	6.979997	22.479898	2.436486	
157	13.946574	-6.706391	30.094925	9.441966	27.050116	7.006704	11.331019	-9.321941	27.479381	6.826416	22.283247	2.239836	
158	14.104369	-6.548595	30.110942	9.457983	27.059701	7.016290	11.315002	-9.337958	27.321585	6.668621	22.078569	2.035158	
159	14.266248	-6.386716	30.127400	9.474441	27.071728	7.028316	11.298544	-9.354415	27.159706	6.506741	21.866094	1.822683	
160	14.432075	-6.220889	30.144288	9.491329	27.086078	7.042667	11.281656	-9.371303	26.993879	6.340915	21.646060	1.602649	
161	14.601703	-6.051262	30.161597	9.508638	27.102636	7.059225	11.264347	-9.388612	26.824251	6.171287	21.418707	1.375296	
162	14.774978	-5.877986	30.179316	9.526357	27.121287	7.077876	11.246628	-9.406332	26.650976	5.998012	21.184277	1.140866	
163	14.951737	-5.701227	30.197435	9.544476	27.141920	7.098508	11.228509	-9.424450	26.474217	5.821253	20.943011	0.899600	
164	15.131805	-5.521160	30.215943	9.562983	27.164426	7.121015	11.210001	-9.442958	26.294150	5.641185	20.695150	0.651738	
165	15.314993	-5.337971	30.234828	9.581869	27.188704	7.145293	11.191116	-9.461843	26.110961	5.457996	20.440932	0.397521	
166	15.501101	-5.151863	30.254080	9.601120	27.214654	7.171242	11.171864	-9.481095	25.924853	5.271889	20.180595	0.137184	
167	15.689909	-4.963055	30.273686	9.620727	27.242181	7.198770	11.152258	-9.500701	25.736045	5.083081	19.914374	-0.129038	
168	15.881177	-4.771787	30.293636	9.640676	27.271198	7.227787	11.132308	-9.520651	25.544777	4.891813	19.642501	-0.400910	
169	16.074641	-4.578323	30.313916	9.660957	27.301620	7.258209	11.112028	-9.540932	25.351313	4.698349	19.365208	-0.678203	
170	16.270008	-4.382957	30.334516	9.681557	27.333365	7.289954	11.091428	-9.561531	25.155947	4.502982	19.082724	-0.960687	
171	16.466947	-4.186017	30.355422	9.702463	27.366358	7.322947	11.070522	-9.582437	24.959007	4.306042	18.795277	-1.248135	
172	16.665086	-3.987878	30.376623	9.723663	27.400526	7.357115	11.049321	-9.603638	24.760868	4.107904	18.503091	-1.540320	
173	16.863993	-3.788971	30.398104	9.745145	27.435800	7.392389	11.027840	-9.625119	24.561961	3.908997	18.206393	-1.837018	
174	17.063169	-3.589796	30.419854	9.766895	27.472113	7.428702	11.006090	-9.646869	24.362786	3.709821	17.905405	-2.138007	
175	17.262022	-3.390943	30.441860	9.788901	27.509404	7.465992	10.984084	-9.668875	24.163933	3.510968	17.600349	-2.443062	
176	17.459846	-3.193118	30.464107	9.811148	27.547610	7.504199	10.961837	-9.691123	23.966108	3.313144	17.291447	-2.751964	
177	17.655787	-2.997177	30.486584	9.833625	27.586676	7.543265	10.939360	-9.713599	23.770167	3.117203	16.978921	-3.064490	
178	17.848793	-2.804171	30.509275	9.856316	27.626545	7.583133	10.916669	-9.736291	23.577161	2.924197	16.662990	-3.380421	
179	18.037560	-2.615404	30.532169	9.879210	27.667163	7.623751	10.893775	-9.759184	23.388394	2.735430	16.343875	-3.699536	
180	18.220449	-2.432515	30.555250	9.902291	27.708479	7.665068	10.870694	-9.782265	23.205505	2.552541	16.021794	-4.021617	
181	18.395396	-2.257568	30.578505	9.925546	27.750443	7.707031	10.847439	-9.805520	23.030558	2.377594	15.696967	-4.346444	
182	18.559793	-2.093171	30.601920	9.948961	27.793006	7.749595	10.824024	-9.828935	22.866161	2.213197	15.369613	-4.673798	
183	18.710384	-1.942580	30.625481	9.972522	27.836121	7.792710	10.800463	-9.852497	22.715570	2.062606	15.039950	-5.003461	
184	18.843195	-1.809769	30.649174	9.996215	27.879744	7.836332	10.776770	-9.876189	22.582759	1.929795	14.708197	-5.335214	
185	18.953594	-1.699370	30.672985	10.020025	27.923828	7.880416	10.752959	-9.900000	22.472360	1.819396	14.374572	-5.668840	
186	19.036599	-1.616365	30.696898	10.043939	27.968330	7.924919	10.729046	-9.923913	22.389355	1.736391	14.039292	-6.004119	
187	19.087526	-1.565439	30.720900	10.067941	28.013209	7.969797	10.705043	-9.947916	22.338429	1.685464	13.702576	-6.340835	
188	22.323027	1.670063	30.744977	10.092018	28.058421	8.015010	10.680967	-9.971992	19.102927	-1.550037	13.364641	-6.678770	
189	22.344465	1.691500	30.769114	10.116154	28.103927	8.060516	10.656830	-9.996129	19.081490	-1.571475	13.025704	-7.017707	
190	22.401550	1.748586	30.793295	10.140336	28.149687	8.106276	10.632649	-10.020310	19.024404	-1.628560	12.685982	-7.357429	
191	22.490974	1.838009	30.817508	10.164548	28.195661	8.152249	10.608436	-10.044523	18.934981	-1.717984	12.345691	-7.697720	
192	22.608200	1.955235	30.841736	10.188777	28.241810	8.198398	10.584208	-10.068751	18.817755	-1.835210	12.005047	-8.038364	
193	22.748394	2.095429	30.865966	10.213007	28.288096	8.244685	10.559978	-10.092981	18.677561	-1.975404	11.664266	-8.379146	
194	22.907057	2.254093	30.890183	10.237224	28.334483	8.291072	10.535761	-10.117198	18.518897	-2.134067	11.323561	-8.719850	
195	23.080325	2.427360	30.914372	10.261413	28.380934	8.337522	10.511572	-10.141387	18.345630	-2.307335	10.983148	-9.060263	
196	23.265025	2.612061	30.938519	10.285560	28.427411	8.384000	10.487425	-10.165534	18.160929	-2.492035	10.643240	-9.400171	
197	23.458614	2.805649	30.962609	10.309650	28.473879	8.430468	10.463335	-10.189624	17.967341	-2.685624	10.304049	-9.739362	
198	23.659070	3.006105	30.986628	10.333669	28.520304	8.476893	10.439316	-10.213643	17.766885	-2.886080	9.965787	-10.077624	
199	23.864787	3.211822	31.010560	10.357601	28.566650	8.523239	10.415384	-10.237576	17.561168	-3.091797	9.628664	-10.414747	
200	24.074480	3.421515	31.034393	10.381434	28.612883	8.569472	10.391551	-10.261408	17.351475	-3.301490	9.292890	-10.750521	
201	24.287110	3.634146	31.058111	10.405151	28.658969	8.615558	10.367833	-10.285126	17.138844	-3.514120	8.958673	-11.084738	
202	24.501830	3.848866	31.081699	10.428740	28.704875	8.661464	10.344245	-10.308714	16.924124	-3.728840	8.626220	-11.417192	
203	24.717936	4.064971	31.105145	10.452186	28.750568	8.707156	10.320799	-10.332160	16.708019	-3.944946	8.295736	-11.747675	
204	24.934835	4.281870	31.128433	10.475473	28.796015	8.752603	10.297511	-10.355448	16.491120	-4.161845	7.967426	-12.075985	
205	25.152023	4.499059	31.151549	10.498590	28.841184	8.797773	10.274395	-10.378564	16.273931	-4.379033	7.641492	-12.401919	
206	25.369064	4.716099	31.174480	10.521521	28.886044	8.842633	10.251464	-10.401495	16.056890	-4.596074	7.318134	-12.725277	
207	25.585575	4.932611	31.197212	10.544253	28.930564	8.887152	10.228732	-10.424227	15.840379	-4.812585	6.997553	-13.045859	
208	25.801218	5.148254	31.219731	10.566771	28.974712	8.931301	10.206213	-10.446746	15.624736	-5.028228	6.679943	-13.363468	
209	26.015688	5.362724	31.242023	10.589064	29.018459	8.975048	10.183921	-10.469038	15.410266	-5.242698	6.365502	-13.677909	
210	26.228710	5.575745	31.264075	10.611115	29.061775	9.018363	10.161869	-10.491090	15.197245	-5.455720	6.054421	-13.988990	
211	26.440030	5.787065	31.285873	10.632914	29.104630	9.061218	10.140071	-10.512888	14.985925	-5.667040	5.746891	-14.296520	
212	26.649415	5.996450	31.307405	10.654446	29.146995	9.103584	10.118539	-10.534420	14.776539	-5.876425	5.443101	-14.600310	
213	26.856648	6.203684	31.328657	10.675698	29.188842	9.145431	10.097287	-10.555673	14.569306	-6.083658	5.143236	-14.900175	
214	27.061527	6.408563	31.349617	10.696658	29.230144	9.186732	10.076327	-10.576632	14.364427	-6.288537	4.847480	-15.195931	
215	27.263860	6.610896	31.370272	10.717313	29.270872	9.227460	10.055672	-10.597287	14.162094	-6.490870	4.556014	-15.487398	
216	27.463466	6.810502	31.390609	10.737650	29.310999	9.267588	10.035335	-10.617624	13.962488	-6.690476	4.269015	-15.774396	
217	27.660174	7.007209	31.410616	10.757657	29.350499	9.307088	10.015328	-10.637631	13.765781	-6.887184	3.986659	-16.056752	
218	27.853819	7.200855	31.430281	10.777322	29.389346	9.345935	9.995663	-10.657296	13.572135	-7.080829	3.709119	-16.334292	
219	28.044245	7.391281	31.449592	10.796633	29.427515	9.384103	9.976352	-10.676607	13.381709	-7.271255	3.436563	-16.606848	
220	28.231303	7.578338	31.468537	10.815578	29.464980	9.421568	9.957407	-10.695552	13.194652	-7.458313	3.169158	-16.874254	
221	28.414847	7.761883	31.487106	10.834146	29.501717	9.458306	9.938838	-10.714121	13.011107	-7.641857	2.907066	-17.136345	
222	28.594740	7.941776	31.505286	10.852326	29.537702	9.494291	9.920658	-10.732301	12.831214	-7.821750	2.650447	-17.392964	
223	28.770849	8.117884	31.523066	10.870107	29.572912	9.529500	9.902878	-10.750082	12.655105	-7.997859	2.399458	-17.643953	
224	28.943044	8.290080	31.540437	10.887478	29.607323	9.563912	9.885507	-10.767452	12.482910	-8.170054	2.154252	-17.889159	
225	29.111203	8.458238	31.557387	10.904428	29.640915	9.597504	9.868557	-10.784402	12.314751	-8.338213	1.914977	-18.128434	
226	29.275205	8.622241	31.573906	10.920947	29.673664	9.630253	9.852038	-10.800921	12.150749	-8.502215	1.681779	-18.361632	
227	29.434936	8.781972	31.589985	10.937025	29.705550	9.662139	9.835959	-10.817000	11.991018	-8.661946	1.454800	-18.588611	
228	29.590285	8.937321	31.605612	10.952653	29.736553	9.693142	9.820331	-10.832628	11.835669	-8.817295	1.234178	-18.809233	
229	29.741144	9.088180	31.620780	10.967821	29.766652	9.723241	9.805164	-10.847795	11.684810	-8.968155	1.020047	-19.023364	
230	29.887412	9.234448	31.635479	10.982520	29.795829	9.752417	9.790465	-10.862494	11.538542	-9.114422	0.812538	-19.230874	
231	30.028988	9.376024	31.649699	10.996740	29.824064	9.780652	9.776245	-10.876714	11.396966	-9.255998	0.611775	-19.431636	
232	30.165777	9.512813	31.663433	11.010474	29.851339	9.807928	9.762511	-10.890448	11.260177	-9.392787	0.417882	-19.625529	
233	30.297689	9.644724	31.676672	11.023713	29.877638	9.834226	9.749272	-10.903687	11.128266	-9.524699	0.230976	-19.812435	
234	30.424634	9.771670	31.689407	11.036448	29.902943	9.859531	9.736537	-10.916423	11.001320	-9.651644	0.051171	-19.992241	
235	30.546529	9.893565	31.701632	11.048673	29.927238	9.883827	9.724312	-10.928647	10.879425	-9.773539	-0.121425	-20.164836	
236	30.663294	10.010330	31.713339	11.060380	29.950508	9.907097	9.712605	-10.940354	10.762660	-9.890304	-0.286706	-20.330118	
237	30.774852	10.121887	31.724520	11.071561	29.972738	9.929327	9.701424	-10.951536	10.651103	-10.001862	-0.444573	-20.487984	
238	30.881129	10.228165	31.735170	11.082211	29.993914	9.950503	9.690774	-10.962185	10.544825	-10.108139	-0.594929	-20.638340	
239	30.982057	10.329093	31.745281	11.092322	30.014023	9.970611	9.680663	-10.972296	10.443897	-10.209068	-0.737683	-20.781094	
240	31.077571	10.424606	31.754847	11.101888	30.033051	9.989640	9.671097	-10.981862	10.348384	-10.304581	-0.872749	-20.916160	
241	31.167607	10.514642	31.763863	11.110904	30.050987	10.007576	9.662081	-10.990878	10.258347	-10.394617	-1.000044	-21.043455	
242	31.252108	10.599143	31.772323	11.119364	30.067819	10.024408	9.653621	-10.999338	10.173847	-10.479118	-1.119492	-21.162903	
243	31.331019	10.678054	31.780222	11.127263	30.083538	10.040126	9.645722	-11.007238	10.094935	-10.558029	-1.231019	-21.274430	
244	31.404289	10.751325	31.787556	11.134597	30.098132	10.054720	9.638388	-11.014571	10.021665	-10.631299	-1.334559	-21.377970	
245	31.471872	10.818908	31.794319	11.141360	30.111592	10.068181	9.631625	-11.021334	9.954082	-10.698882	-1.430048	-21.473459	
246	31.533724	10.880759	31.800508	11.147549	30.123911	10.080499	9.625436	-11.027523	9.892231	-10.760734	-1.517429	-21.560840	
247	31.589805	10.936840	31.806118	11.153159	30.135080	10.091668	9.619825	-11.033134	9.836150	-10.816815	-1.596649	-21.640060	
248	31.640079	10.987114	31.811148	11.158189	30.145092	10.101681	9.614796	-11.038163	9.785875	-10.867089	-1.667659	-21.711070	
249	31.684514	11.031550	31.815593	11.162634	30.153941	10.110530	9.610351	-11.042608	9.741440	-10.911524	-1.730416	-21.773828	
250	31.723082	11.070118	31.819450	11.166491	30.161622	10.118211	9.606494	-11.046466	9.702872	-10.950092	-1.784883	-21.828295	
251	31.755759	11.102794	31.822719	11.169759	30.168129	10.124718	9.603225	-11.049734	9.670196	-10.982769	-1.831027	-21.874438	
252	31.782522	11.129558	31.825395	11.172436	30.173459	10.130048	9.600549	-11.052410	9.643432	-11.009532	-1.868819	-21.912230	
253	31.803356	11.150392	31.827479	11.174520	30.177608	10.134196	9.598465	-11.054494	9.622598	-11.030366	-1.898236	-21.941648	
254	31.818247	11.165282	31.828968	11.176009	30.180573	10.137162	9.596976	-11.055983	9.607707	-11.045257	-1.919262	-21.962673	
255	31.827185	11.174221	31.829862	11.176903	30.182353	10.138942	9.596082	-11.056877	9.598769	-11.054195	-1.931882	-21.975293	
256	31.830160	11.177201	31.830165	11.177201	30.182946	10.139535	9.595784	-11.057175	9.595789	-11.057175	-1.936090	-21.979501	
257	31.824957	11.171995	31.828812	11.175850	30.181759	10.138348	9.597137	-11.055824	9.600992	-11.051970	-1.927675	-21.971086	
258	31.809348	11.156386	31.824757	11.171795	30.178191	10.134780	9.601192	-11.051769	9.616601	-11.036360	-1.902443	-21.945854	
259	31.783355	11.130393	31.817990	11.165028	30.172225	10.128814	9.607959	-11.045003	9.642594	-11.010367	-1.860428	-21.903839	
260	31.747012	11.094050	31.808499	11.155537	30.163833	10.120422	9.617450	-11.035512	9.678937	-10.974024	-1.801688	-21.845099	
261	31.700366	11.047404	31.796266	11.143304	30.152974	10.109563	9.629683	-11.023278	9.725583	-10.927378	-1.726305	-21.769716	
262	31.643477	10.990515	31.781268	11.128306	30.139598	10.096187	9.644681	-11.008281	9.782472	-10.870490	-1.634384	-21.677795	
263	31.576419	10.923457	31.763478	11.110516	30.123642	10.080231	9.662471	-10.990491	9.849530	-10.803432	-1.526050	-21.569461	
264	31.499279	10.846317	31.742864	11.089902	30.105034	10.061622	9.683085	-10.969877	9.926670	-10.726291	-1.401454	-21.444865	
265	31.412155	10.759193	31.719389	11.066428	30.083689	10.040278	9.706560	-10.946402	10.013794	-10.639168	-1.260768	-21.304179	
266	31.315161	10.662199	31.693013	11.040051	30.059514	10.016103	9.732936	-10.920025	10.110788	-10.542173	-1.104185	-21.147596	
267	31.208420	10.555459	31.663689	11.010727	30.032406	9.988994	9.762260	-10.890701	10.217529	-10.435433	-0.931921	-20.975332	
268	31.092071	10.439110	31.631368	10.978407	30.002250	9.958839	9.794581	-10.858381	10.333878	-10.319084	-0.744211	-20.787623	
269	30.966263	10.313301	31.595998	10.943037	29.968926	9.925514	9.829951	-10.823011	10.459687	-10.193275	-0.541314	-20.584725	
270	30.831156	10.178194	31.557522	10.904560	29.932300	9.888889	9.868427	-10.784535	10.594794	-10.058168	-0.323506	-20.366917	
271	30.686923	10.033961	31.515879	10.862918	29.892235	9.848823	9.910070	-10.742892	10.739026	-9.913936	-0.091085	-20.134496	
272	30.533749	9.880787	31.471007	10.818046	29.848582	9.805171	9.954942	-10.698020	10.892200	-9.760762	0.155634	-19.887777	
273	30.371829	9.718867	31.422840	10.769878	29.801187	9.757776	10.003109	-10.649853	11.054121	-9.598841	0.416316	-19.627095	
274	30.201368	9.548406	31.371309	10.718347	29.749889	9.706478	10.054640	-10.598322	11.224581	-9.428380	0.690608	-19.352803	
275	30.022582	9.369621	31.316345	10.663383	29.694521	9.651109	10.109604	-10.543357	11.403367	-9.249595	0.978140	-19.065271	
276	29.835699	9.182738	31.257874	10.604913	29.634909	9.591498	10.168075	-10.484887	11.590250	-9.062712	1.278526	-18.764885	
277	29.640954	8.987992	31.195825	10.542863	29.570876	9.527465	10.230124	-10.422838	11.784995	-8.867967	1.591364	-18.452047	
278	29.438592	8.785630	31.130123	10.477161	29.502240	9.458829	10.295827	-10.357135	11.987357	-8.665605	1.916236	-18.127175	
279	29.228868	8.575906	31.060692	10.407730	29.428815	9.385404	10.365258	-10.287704	12.197081	-8.455880	2.252711	-17.790701	
280	29.012044	8.359083	30.987457	10.334496	29.350414	9.307003	10.438492	-10.214470	12.413905	-8.239057	2.600342	-17.443069	
281	28.788393	8.135431	30.910345	10.257383	29.266846	9.223435	10.515604	-10.137358	12.637556	-8.015405	2.958671	-17.084740	
282	28.558192	7.905230	30.829281	10.176319	29.177920	9.134508	10.596668	-10.056294	12.867757	-7.785205	3.327229	-16.716182	
283	28.321730	7.668768	30.744193	10.091231	29.083443	9.040032	10.681756	-9.971206	13.104220	-7.548742	3.705533	-16.337878	
284	28.079299	7.426337	30.655010	10.002048	28.983224	8.939813	10.770939	-9.882023	13.346650	-7.306312	4.093091	-15.950320	
285	27.831201	7.178240	30.561664	9.908702	28.877072	8.833661	10.864285	-9.788676	13.594748	-7.058214	4.489402	-15.554010	
286	27.577744	6.924782	30.464089	9.811128	28.764799	8.721388	10.961860	-9.691102	13.848205	-6.804757	4.893954	-15.149457	
287	27.319241	6.666280	30.362225	9.709263	28.646220	8.602809	11.063724	-9.589238	14.106708	-6.546254	5.306231	-14.737181	
288	27.056013	6.403052	30.256013	9.603052	28.521153	8.477741	11.169936	-9.483026	14.369936	-6.283026	5.725704	-14.317707	
289	26.788386	6.135424	30.145403	9.492441	28.389420	8.346008	11.280547	-9.372415	14.637563	-6.015399	6.151843	-13.891568	
290	26.516691	5.863730	30.030346	9.377384	28.250851	8.207439	11.395603	-9.257359	14.909258	-5.743704	6.584109	-13.459302	
291	26.241267	5.588305	29.910805	9.257843	28.105281	8.061869	11.515144	-9.137817	15.184682	-5.468280	7.021959	-13.021452	
292	25.962457	5.309495	29.786746	9.133784	27.952554	7.909143	11.639203	-9.013759	15.463492	-5.189470	7.464845	-12.578566	
293	25.680611	5.027649	29.658147	9.005186	27.792522	7.749111	11.767802	-8.885160	15.745338	-4.907623	7.912215	-12.131196	
294	25.396085	4.743123	29.524996	8.872034	27.625050	7.581638	11.900953	-8.752008	16.029864	-4.623097	8.363515	-11.679896	
295	25.109242	4.456280	29.387289	8.734328	27.450010	7.406599	12.038660	-8.614302	16.316707	-4.336254	8.818186	-11.225225	
296	24.820453	4.167491	29.245040	8.592078	27.267291	7.223880	12.180909	-8.472053	16.605496	-4.047466	9.275666	-10.767745	
297	24.530098	3.877136	29.098274	8.445313	27.076795	7.033384	12.327675	-8.325287	16.895851	-3.757111	9.735392	-10.308019	
298	24.238567	3.585605	28.947036	8.294074	26.878442	6.835031	12.478913	-8.174049	17.187383	-3.465579	10.196795	-9.846616	
299	23.946261	3.293299	28.791390	8.138428	26.672169	6.628758	12.634559	-8.018402	17.479688	-3.173274	10.659304	-9.384107	
300	23.653599	3.000637	28.631423	7.978462	26.457937	6.414526	12.794526	-7.858436	17.772350	-2.880611	11.122341	-8.921070	
301	23.361015	2.708053	28.467253	7.814291	26.235730	6.192318	12.958696	-7.694265	18.064934	-2.588028	11.585323	-8.458088	
302	23.068969	2.416007	28.299027	7.646065	26.005561	5.962149	13.126922	-7.526040	18.356981	-2.295981	12.047656	-7.995755	
303	22.777947	2.124986	28.126936	7.473974	25.767477	5.724066	13.299013	-7.353949	18.648002	-2.004960	12.508733	-7.534678	
304	22.488477	1.835515	27.951219	7.298257	25.521567	5.478156	13.474731	-7.178231	18.937472	-1.715489	12.967930	-7.075481	
305	22.201131	1.548169	27.772174	7.119212	25.267968	5.224557	13.653775	-6.999187	19.224818	-1.428143	13.424595	-6.618816	
306	21.916546	1.263584	27.590179	6.937217	25.006880	4.963469	13.835770	-6.817192	19.509404	-1.143558	13.878039	-6.165372	
307	21.635441	0.982480	27.405706	6.752744	24.738582	4.695171	14.020244	-6.632718	19.790508	-0.862454	14.327520	-5.715891	
308	21.358648	0.705686	27.219351	6.566389	24.463454	4.420043	14.206598	-6.446363	20.067301	-0.585661	14.772220	-5.271191	
309	21.087142	0.434180	27.031874	6.378912	24.182019	4.138607	14.394076	-6.258886	20.338807	-0.314155	15.211210	-4.832202	
310	20.822097	0.169136	26.844246	6.191284	23.894988	3.851577	14.581704	-6.071258	20.603852	-0.049110	15.643396	-4.400015	
311	20.564956	-0.088006	26.657721	6.004760	23.603351	3.559940	14.768228	-5.884734	20.860994	0.208032	16.067441	-3.975970	
312	20.317518	-0.335443	26.473933	5.820971	23.308502	3.265090	14.952016	-5.700946	21.108431	0.455469	16.481632	-3.561779	
313	20.082075	-0.570887	26.295016	5.642054	23.012449	2.969038	15.130933	-5.522028	21.343874	0.690913	16.883672	-3.159739	
314	19.861558	-0.791404	26.123767	5.470805	22.718172	2.674760	15.302182	-5.350779	21.564392	0.911430	17.270327	-2.773084	
315	19.659728	-0.993234	25.963828	5.310866	22.430211	2.386799	15.462121	-5.190840	21.766221	1.113260	17.636834	-2.406578	
316	19.481334	-1.171628	25.819847	5.166885	22.155665	2.112253	15.606102	-5.046860	21.944615	1.291653	17.975904	-2.067507	
317	19.332149	-1.320813	25.697513	5.044552	21.905764	1.862353	15.728436	-4.924526	22.093801	1.440839	18.276151	-1.767260	
318	19.218675	-1.434287	25.603266	4.950304	21.697841	1.654430	15.822683	-4.830278	22.207274	1.554313	18.520124	-1.523287	
319	19.147305	-1.505657	25.543451	4.890489	21.555885	1.512474	15.882499	-4.770463	22.278644	1.625682	18.683744	-1.359667	
320	19.122902	-1.530060	25.522902	4.869940	21.504774	1.461363	15.903047	-4.749914	22.303047	1.650086	18.742083	-1.301329	
321	15.882499	-4.770463	22.278644	1.625682	18.683744	-1.359667	19.147305	-1.505657	25.543451	4.890489	21.555885	1.512474	
322	15.822683	-4.830278	22.207274	1.554313	18.520124	-1.523287	19.218675	-1.434287	25.603266	4.950304	21.697841	1.654430	
323	15.728436	-4.924526	22.093801	1.440839	18.276151	-1.767260	19.332149	-1.320813	25.697513	5.044552	21.905764	1.862353	
324	15.606102	-5.046860	21.944615	1.291653	17.975904	-2.067507	19.481334	-1.171628	25.819847	5.166885	22.155665	2.112253	
325	15.462121	-5.190840	21.766221	1.113260	17.636834	-2.406578	19.659728	-0.993234	25.963828	5.310866	22.430211	2.386799	
326	15.302182	-5.350779	21.564392	0.911430	17.270327	-2.773084	19.861558	-0.791404	26.123767	5.470805	22.718172	2.674760	
327	15.130933	-5.522028	21.343874	0.690913	16.883672	-3.159739	20.082075	-0.570887	26.295016	5.642054	23.012449	2.969038	
328	14.952016	-5.700946	21.108431	0.455469	16.481632	-3.561779	20.317518	-0.335443	26.473933	5.820971	23.308502	3.265090	
329	14.768228	-5.884734	20.860994	0.208032	16.067441	-3.975970	20.564956	-0.088006	26.657721	6.004760	23.603351	3.559940	
330	14.581704	-6.071258	20.603852	-0.049110	15.643396	-4.400015	20.822097	0.169136	26.844246	6.191284	23.894988	3.851577	
331	14.394076	-6.258886	20.338807	-0.314155	15.211210	-4.832202	21.087142	0.434180	27.031874	6.378912	24.182019	4.138607	
332	14.206598	-6.446363	20.067301	-0.585661	14.772220	-5.271191	21.358648	0.705686	27.219351	6.566389	24.463454	4.420043	
333	14.020244	-6.632718	19.790508	-0.862454	14.327520	-5.715891	21.635441	0.982480	27.405706	6.752744	24.738582	4.695171	
334	13.835770	-6.817192	19.509404	-1.143558	13.878039	-6.165372	21.916546	1.263584	27.590179	6.937217	25.006880	4.963469	
335	13.653775	-6.999187	19.224818	-1.428143	13.424595	-6.618816	22.201131	1.548169	27.772174	7.119212	25.267968	5.224557	
336	13.474731	-7.178231	18.937472	-1.715489	12.967930	-7.075481	22.488477	1.835515	27.951219	7.298257	25.521567	5.478156	
337	13.299013	-7.353949	18.648002	-2.004960	12.508733	-7.534678	22.777947	2.124986	28.126936	7.473974	25.767477	5.724066	
338	13.126922	-7.526040	18.356981	-2.295981	12.047656	-7.995755	23.068969	2.416007	28.299027	7.646065	26.005561	5.962149	
339	12.958696	-7.694265	18.064934	-2.588028	11.585323	-8.458088	23.361015	2.708053	28.467253	7.814291	26.235730	6.192318	
340	12.794526	-7.858436	17.772350	-2.880611	11.122341	-8.921070	23.653599	3.000637	28.631423	7.978462	26.457937	6.414526	
341	12.634559	-8.018402	17.479688	-3.173274	10.659304	-9.384107	23.946261	3.293299	28.791390	8.138428	26.672169	6.628758	
342	12.478913	-8.174049	17.187383	-3.465579	10.196795	-9.846616	24.238567	3.585605	28.947036	8.294074	26.878442	6.835031	
343	12.327675	-8.325287	16.895851	-3.757111	9.735392	-10.308019	24.530098	3.877136	29.098274	8.445313	27.076795	7.033384	
344	12.180909	-8.472053	16.605496	-4.047466	9.275666	-10.767745	24.820453	4.167491	29.245040	8.592078	27.267291	7.223880	
345	12.038660	-8.614302	16.316707	-4.336254	8.818186	-11.225225	25.109242	4.456280	29.387289	8.734328	27.450010	7.406599	
346	11.900953	-8.752008	16.029864	-4.623097	8.363515	-11.679896	25.396085	4.743123	29.524996	8.872034	27.625050	7.581638	
347	11.767802	-8.885160	15.745338	-4.907623	7.912215	-12.131196	25.680611	5.027649	29.658147	9.005186	27.792522	7.749111	
348	11.639203	-9.013759	15.463492	-5.189470	7.464845	-12.578566	25.962457	5.309495	29.786746	9.133784	27.952554	7.909143	
349	11.515144	-9.137817	15.184682	-5.468280	7.021959	-13.021452	26.241267	5.588305	29.910805	9.257843	28.105281	8.061869	
350	11.395603	-9.257359	14.909258	-5.743704	6.584109	-13.459302	26.516691	5.863730	30.030346	9.377384	28.250851	8.207439	
351	11.280547	-9.372415	14.637563	-6.015399	6.151843	-13.891568	26.788386	6.135424	30.145403	9.492441	28.389420	8.346008	
352	11.169936	-9.483026	14.369936	-6.283026	5.725704	-14.317707	27.056013	6.403052	30.256013	9.603052	28.521153	8.477741	
353	11.063724	-9.589238	14.106708	-6.546254	5.306231	-14.737181	27.319241	6.666280	30.362225	9.709263	28.646220	8.602809	
354	10.961860	-9.691102	13.848205	-6.804757	4.893954	-15.149457	27.577744	6.924782	30.464089	9.811128	28.764799	8.721388	
355	10.864285	-9.788676	13.594748	-7.058214	4.489402	-15.554010	27.831201	7.178240	30.561664	9.908702	28.877072	8.833661	
356	10.770939	-9.882023	13.346650	-7.306312	4.093091	-15.950320	28.079299	7.426337	30.655010	10.002048	28.983224	8.939813	
357	10.681756	-9.971206	13.104220	-7.548742	3.705533	-16.337878	28.321730	7.668768	30.744193	10.091231	29.083443	9.040032	
358	10.596668	-10.056294	12.867757	-7.785205	3.327229	-16.716182	28.558192	7.905230	30.829281	10.176319	29.177920	9.134508	
359	10.515604	-10.137358	12.637556	-8.015405	2.958671	-17.084740	28.788393	8.135431	30.910345	10.257383	29.266846	9.223435	
360	10.438492	-10.214470	12.413905	-8.239057	2.600342	-17.443069	29.012044	8.359083	30.987457	10.334496	29.350414	9.307003	
361	10.365258	-10.287704	12.197081	-8.455880	2.252711	-17.790701	29.228868	8.575906	31.060692	10.407730	29.428815	9.385404	
362	10.295827	-10.357135	11.987357	-8.665605	1.916236	-18.127175	29.438592	8.785630	31.130123	10.477161	29.502240	9.458829	
363	10.230124	-10.422838	11.784995	-8.867967	1.591364	-18.452047	29.640954	8.987992	31.195825	10.542863	29.570876	9.527465	
364	10.168075	-10.484887	11.590250	-9.062712	1.278526	-18.764885	29.835699	9.182738	31.257874	10.604913	29.634909	9.591498	
365	10.109604	-10.543357	11.403367	-9.249595	0.978140	-19.065271	30.022582	9.369621	31.316345	10.663383	29.694521	9.651109	
366	10.054640	-10.598322	11.224581	-9.428380	0.690608	-19.352803	30.201368	9.548406	31.371309	10.718347	29.749889	9.706478	
367	10.003109	-10.649853	11.054121	-9.598841	0.416316	-19.627095	30.371829	9.718867	31.422840	10.769878	29.801187	9.757776	
368	9.954942	-10.698020	10.892200	-9.760762	0.155634	-19.887777	30.533749	9.880787	31.471007	10.818046	29.848582	9.805171	
369	9.910070	-10.742892	10.739026	-9.913936	-0.091085	-20.134496	30.686923	10.033961	31.515879	10.862918	29.892235	9.848823	
370	9.868427	-10.784535	10.594794	-10.058168	-0.323506	-20.366917	30.831156	10.178194	31.557522	10.904560	29.932300	9.888889	
371	9.829951	-10.823011	10.459687	-10.193275	-0.541314	-20.584725	30.966263	10.313301	31.595998	10.943037	29.968926	9.925514	
372	9.794581	-10.858381	10.333878	-10.319084	-0.744211	-20.787623	31.092071	10.439110	31.631368	10.978407	30.002250	9.958839	
373	9.762260	-10.890701	10.217529	-10.435433	-0.931921	-20.975332	31.208420	10.555459	31.663689	11.010727	30.032406	9.988994	
374	9.732936	-10.920025	10.110788	-10.542173	-1.104185	-21.147596	31.315161	10.662199	31.693013	11.040051	30.059514	10.016103	
375	9.706560	-10.946402	10.013794	-10.639168	-1.260768	-21.304179	31.412155	10.759193	31.719389	11.066428	30.083689	10.040278	
376	9.683085	-10.969877	9.926670	-10.726291	-1.401454	-21.444865	31.499279	10.846317	31.742864	11.089902	30.105034	10.061622	
377	9.662471	-10.990491	9.849530	-10.803432	-1.526050	-21.569461	31.576419	10.923457	31.763478	11.110516	30.123642	10.080231	
378	9.644681	-11.008281	9.782472	-10.870490	-1.634384	-21.677795	31.643477	10.990515	31.781268	11.128306	30.139598	10.096187	
379	9.629683	-11.023278	9.725583	-10.927378	-1.726305	-21.769716	31.700366	11.047404	31.796266	11.143304	30.152974	10.109563	
380	9.617450	-11.035512	9.678937	-10.974024	-1.801688	-21.845099	31.747012	11.094050	31.808499	11.155537	30.163833	10.120422	
381	9.607959	-11.045003	9.642594	-11.010367	-1.860428	-21.903839	31.783355	11.130393	31.817990	11.165028	30.172225	10.128814	
382	9.601192	-11.051769	9.616601	-11.036360	-1.902443	-21.945854	31.809348	11.156386	31.824757	11.171795	30.178191	10.134780	
383	9.597137	-11.055824	9.600992	-11.051970	-1.927675	-21.971086	31.824957	11.171995	31.828812	11.175850	30.181759	10.138348	
384	9.595784	-11.057175	9.595789	-11.057175	-1.936090	-21.979501	31.830160	11.177201	31.830165	11.177201	30.182946	10.139535	
