#p	a_up	a_dn	b_up	b_dn	c_up	c_dn	NaN
0	0.681442	0.681442	0.681442	0.681442	-10.370361	-10.370361	
1	0.681743	0.681743	0.684454	0.684454	-10.366145	-10.366145	
2	0.682647	0.682647	0.693488	0.693488	-10.353498	-10.353498	
3	0.684152	0.684152	0.708538	0.708538	-10.332428	-10.332428	
4	0.686258	0.686258	0.729595	0.729595	-10.302948	-10.302948	
5	0.688963	0.688963	0.756647	0.756647	-10.265075	-10.265075	
6	0.692266	0.692266	0.789677	0.789677	-10.218832	-10.218832	
7	0.696165	0.696165	0.828666	0.828666	-10.164248	-10.164248	
8	0.700657	0.700657	0.873589	0.873589	-10.101355	-10.101355	
9	0.705740	0.705740	0.924421	0.924421	-10.030191	-10.030191	
10	0.711411	0.711411	0.981130	0.981130	-9.950799	-9.950799	
11	0.717666	0.717666	1.043682	1.043682	-9.863226	-9.863226	
12	0.724502	0.724502	1.112039	1.112039	-9.767526	-9.767526	
13	0.731914	0.731914	1.186160	1.186160	-9.663756	-9.663756	
14	0.739898	0.739898	1.266002	1.266002	-9.551978	-9.551978	
15	0.748449	0.748449	1.351514	1.351514	-9.432261	-9.432261	
16	0.757563	0.757563	1.442647	1.442647	-9.304675	-9.304675	
17	0.767233	0.767233	1.539345	1.539345	-9.169298	-9.169298	
18	0.777453	0.777453	1.641549	1.641549	-9.026211	-9.026211	
19	0.788218	0.788218	1.749199	1.749199	-8.875502	-8.875502	
20	0.799521	0.799521	1.862230	1.862230	-8.717259	-8.717259	
21	0.811355	0.811355	1.980572	1.980572	-8.551579	-8.551579	
22	0.823714	0.823714	2.104156	2.104156	-8.378562	-8.378562	
23	0.836589	0.836589	2.232907	2.232907	-8.198311	-8.198311	
24	0.849973	0.849973	2.366746	2.366746	-8.010936	-8.010936	
25	0.863857	0.863857	2.505594	2.505594	-7.816549	-7.816549	
26	0.878235	0.878235	2.649367	2.649367	-7.615267	-7.615267	
27	0.893096	0.893096	2.797978	2.797978	-7.407211	-7.407211	
28	0.908432	0.908432	2.951338	2.951338	-7.192508	-7.192508	
29	0.924233	0.924233	3.109354	3.109354	-6.971285	-6.971285	
30	0.940491	0.940491	3.271931	3.271931	-6.743677	-6.743677	
31	0.957195	0.957195	3.438971	3.438971	-6.509820	-6.509820	
32	0.974335	0.974335	3.610374	3.610374	-6.269856	-6.269856	
33	0.991902	0.991902	3.786037	3.786037	-6.023929	-6.023929	
34	1.009883	1.009883	3.965853	3.965853	-5.772187	-5.772187	
35	1.028269	1.028269	4.149714	4.149714	-5.514781	-5.514781	
36	1.047049	1.047049	4.337509	4.337509	-5.251867	-5.251867	
37	1.066211	1.066211	4.529126	4.529126	-4.983604	-4.983604	
38	1.085743	1.085743	4.724449	4.724449	-4.710152	-4.710152	
39	1.105634	1.105634	4.923360	4.923360	-4.431676	-4.431676	
40	1.125872	1.125872	5.125740	5.125740	-4.148345	-4.148345	
41	1.146445	1.146445	5.331466	5.331466	-3.860328	-3.860328	
42	1.167340	1.167340	5.540415	5.540415	-3.567800	-3.567800	
43	1.188544	1.188544	5.752460	5.752460	-3.270936	-3.270936	
44	1.210046	1.210046	5.967475	5.967475	-2.969916	-2.969916	
45	1.231831	1.231831	6.185329	6.185329	-2.664920	-2.664920	
46	1.253887	1.253887	6.405891	6.405891	-2.356133	-2.356133	
47	1.276201	1.276201	6.629029	6.629029	-2.043740	-2.043740	
48	1.298759	1.298759	6.854608	6.854608	-1.727929	-1.727929	
49	1.321547	1.321547	7.082492	7.082492	-1.408892	-1.408892	
50	1.344552	1.344552	7.312544	7.312544	-1.086819	-1.086819	
51	1.367761	1.367761	7.544625	7.544625	-0.761906	-0.761906	
52	1.391158	1.391158	7.778595	7.778595	-0.434347	-0.434347	
53	1.414730	1.414730	8.014315	8.014315	-0.104340	-0.104340	
54	1.438462	1.438462	8.251640	8.251640	0.227916	0.227916	
55	1.462341	1.462341	8.490430	8.490430	0.562221	0.562221	
56	1.486352	1.486352	8.730539	8.730539	0.898374	0.898374	
57	1.510480	1.510480	8.971823	8.971823	1.236172	1.236172	
58	1.534712	1.534712	9.214138	9.214138	1.575412	1.575412	
59	1.559032	1.559032	9.457336	9.457336	1.915889	1.915889	
60	1.583425	1.583425	9.701271	9.701271	2.257399	2.257399	
61	1.607878	1.607878	9.945797	9.945797	2.599735	2.599735	
62	1.632375	1.632375	10.190766	10.190766	2.942691	2.942691	
63	1.656901	1.656901	10.436030	10.436030	3.286061	3.286061	
64	1.681442	1.681442	10.681442	10.681442	3.629639	3.629639	
65	1.705983	1.705983	10.926855	10.926855	3.973216	3.973216	
66	1.730510	1.730510	11.172119	11.172119	4.316586	4.316586	
67	1.755007	1.755007	11.417088	11.417088	4.659543	4.659543	
68	1.779459	1.779459	11.661614	11.661614	5.001879	5.001879	
69	1.803853	1.803853	11.905549	11.905549	5.343388	5.343388	
70	1.828173	1.828173	12.148747	12.148747	5.683865	5.683865	
71	1.852404	1.852404	12.391061	12.391061	6.023105	6.023105	
72	1.876533	1.876533	12.632345	12.632345	6.360903	6.360903	
73	1.900544	1.900544	12.872455	12.872455	6.697056	6.697056	
74	1.924422	1.924422	13.111244	13.111244	7.031361	7.031361	
75	1.948155	1.948155	13.348570	13.348570	7.363617	7.363617	
76	1.971727	1.971727	13.584289	13.584289	7.693624	7.693624	
77	1.995124	1.995124	13.818260	13.818260	8.021183	8.021183	
78	2.018332	2.018332	14.050341	14.050341	8.346097	8.346097	
79	2.041337	2.041337	14.280393	14.280393	8.668169	8.668169	
80	2.064126	2.064126	14.508277	14.508277	8.987207	8.987207	
81	2.086684	2.086684	14.733855	14.733855	9.303017	9.303017	
82	2.108997	2.108997	14.956993	14.956993	9.615410	9.615410	
83	2.131054	2.131054	15.177556	15.177556	9.924197	9.924197	
84	2.152839	2.152839	15.395410	15.395410	10.229193	10.229193	
85	2.174340	2.174340	15.610424	15.610424	10.530213	10.530213	
86	2.195545	2.195545	15.822470	15.822470	10.827077	10.827077	
87	2.216440	2.216440	16.031418	16.031418	11.119605	11.119605	
88	2.237012	2.237012	16.237145	16.237145	11.407622	11.407622	
89	2.257250	2.257250	16.439524	16.439524	11.690953	11.690953	
90	2.277142	2.277142	16.638435	16.638435	11.969429	11.969429	
91	2.296674	2.296674	16.833758	16.833758	12.242881	12.242881	
92	2.315836	2.315836	17.025375	17.025375	12.511145	12.511145	
93	2.334615	2.334615	17.213171	17.213171	12.774058	12.774058	
94	2.353001	2.353001	17.397032	17.397032	13.031464	13.031464	
95	2.370983	2.370983	17.576848	17.576848	13.283206	13.283206	
96	2.388549	2.388549	17.752510	17.752510	13.529134	13.529134	
97	2.405689	2.405689	17.923913	17.923913	13.769098	13.769098	
98	2.422393	2.422393	18.090954	18.090954	14.002954	14.002954	
99	2.438651	2.438651	18.253531	18.253531	14.230563	14.230563	
100	2.454453	2.454453	18.411547	18.411547	14.451785	14.451785	
101	2.469789	2.469789	18.564907	18.564907	14.666489	14.666489	
102	2.484650	2.484650	18.713518	18.713518	14.874544	14.874544	
103	2.499027	2.499027	18.857290	18.857290	15.075826	15.075826	
104	2.512912	2.512912	18.996138	18.996138	15.270213	15.270213	
105	2.526296	2.526296	19.129978	19.129978	15.457589	15.457589	
106	2.539171	2.539171	19.258728	19.258728	15.637839	15.637839	
107	2.551529	2.551529	19.382312	19.382312	15.810857	15.810857	
108	2.563364	2.563364	19.500655	19.500655	15.976536	15.976536	
109	2.574667	2.574667	19.613685	19.613685	16.134779	16.134779	
110	2.585432	2.585432	19.721335	19.721335	16.285489	16.285489	
111	2.595652	2.595652	19.823540	19.823540	16.428575	16.428575	
112	2.605322	2.605322	19.920238	19.920238	16.563952	16.563952	
113	2.614435	2.614435	20.011370	20.011370	16.691538	16.691538	
114	2.622986	2.622986	20.096883	20.096883	16.811256	16.811256	
115	2.630970	2.630970	20.176724	20.176724	16.923033	16.923033	
116	2.638383	2.638383	20.250846	20.250846	17.026803	17.026803	
117	2.645218	2.645218	20.319203	20.319203	17.122504	17.122504	
118	2.651474	2.651474	20.381755	20.381755	17.210076	17.210076	
119	2.657144	2.657144	20.438464	20.438464	17.289468	17.289468	
120	2.662228	2.662228	20.489295	20.489295	17.360633	17.360633	
121	2.666720	2.666720	20.534219	20.534219	17.423526	17.423526	
122	2.670619	2.670619	20.573207	20.573207	17.478110	17.478110	
123	2.673922	2.673922	20.606238	20.606238	17.524352	17.524352	
124	2.676627	2.676627	20.633290	20.633290	17.562225	17.562225	
125	2.678733	2.678733	20.654347	20.654347	17.591705	17.591705	
126	2.680238	2.680238	20.669397	20.669397	17.612775	17.612775	
127	2.681141	2.681141	20.678430	20.678430	17.625422	17.625422	
128	2.681442	2.681442	20.681442	20.681442	17.629639	17.629639	
129	2.684454	2.684454	20.681743	20.681743	17.630241	17.630241	
130	2.693488	2.693488	20.682647	20.682647	17.632048	17.632048	
131	2.708538	2.708538	20.684152	20.684152	17.635058	17.635058	
132	2.729595	2.729595	20.686258	20.686258	17.639269	17.639269	
133	2.756647	2.756647	20.688963	20.688963	17.644680	17.644680	
134	2.789677	2.789677	20.692266	20.692266	17.651286	17.651286	
135	2.828666	2.828666	20.696165	20.696165	17.659083	17.659083	
136	2.873589	2.873589	20.700657	20.700657	17.668068	17.668068	
137	2.924421	2.924421	20.705740	20.705740	17.678234	17.678234	
138	2.981130	2.981130	20.711411	20.711411	17.689576	17.689576	
139	3.043682	3.043682	20.717666	20.717666	17.702087	17.702087	
140	3.112039	3.112039	20.724502	20.724502	17.715758	17.715758	
141	3.186160	3.186160	20.731914	20.731914	17.730582	17.730582	
142	3.266002	3.266002	20.739898	20.739898	17.746551	17.746551	
143	3.351514	3.351514	20.748449	20.748449	17.763653	17.763653	
144	3.442647	3.442647	20.757563	20.757563	17.781880	17.781880	
145	3.539345	3.539345	20.767233	20.767233	17.801219	17.801219	
146	3.641549	3.641549	20.777453	20.777453	17.821660	17.821660	
147	3.749199	3.749199	20.788218	20.788218	17.843190	17.843190	
148	3.862230	3.862230	20.799521	20.799521	17.865796	17.865796	
149	3.980572	3.980572	20.811355	20.811355	17.889465	17.889465	
150	4.104156	4.104156	20.823714	20.823714	17.914181	17.914181	
151	4.232907	4.232907	20.836589	20.836589	17.939932	17.939932	
152	4.366746	4.366746	20.849973	20.849973	17.966699	17.966699	
153	4.505594	4.505594	20.863857	20.863857	17.994469	17.994469	
154	4.649367	4.649367	20.878235	20.878235	18.023224	18.023224	
155	4.797978	4.797978	20.893096	20.893096	18.052946	18.052946	
156	4.951338	4.951338	20.908432	20.908432	18.083618	18.083618	
157	5.109354	5.109354	20.924233	20.924233	18.115221	18.115221	
158	5.271931	5.271931	20.940491	20.940491	18.147736	18.147736	
159	5.438971	5.438971	20.957195	20.957195	18.181145	18.181145	
160	5.610374	5.610374	20.974335	20.974335	18.215425	18.215425	
161	5.786037	5.786037	20.991902	20.991902	18.250558	18.250558	
162	5.965853	5.965853	21.009883	21.009883	18.286521	18.286521	
163	6.149714	6.149714	21.028269	21.028269	18.323293	18.323293	
164	6.337509	6.337509	21.047049	21.047049	18.360852	18.360852	
165	6.529126	6.529126	21.066211	21.066211	18.399175	18.399175	
166	6.724449	6.724449	21.085743	21.085743	18.438240	18.438240	
167	6.923360	6.923360	21.105634	21.105634	18.478022	18.478022	
168	7.125740	7.125740	21.125872	21.125872	18.518498	18.518498	
169	7.331466	7.331466	21.146445	21.146445	18.559643	18.559643	
170	7.540415	7.540415	21.167340	21.167340	18.601433	18.601433	
171	7.752460	7.752460	21.188544	21.188544	18.643842	18.643842	
172	7.967475	7.967475	21.210046	21.210046	18.686845	18.686845	
173	8.185329	8.185329	21.231831	21.231831	18.730416	18.730416	
174	8.405891	8.405891	21.253887	21.253887	18.774528	18.774528	
175	8.629029	8.629029	21.276201	21.276201	18.819156	18.819156	
176	8.854608	8.854608	21.298759	21.298759	18.864272	18.864272	
177	9.082492	9.082492	21.321547	21.321547	18.909849	18.909849	
178	9.312544	9.312544	21.344552	21.344552	18.955859	18.955859	
179	9.544625	9.544625	21.367761	21.367761	19.002275	19.002275	
180	9.778595	9.778595	21.391158	21.391158	19.049069	19.049069	
181	10.014315	10.014315	21.414730	21.414730	19.096213	19.096213	
182	10.251640	10.251640	21.438462	21.438462	19.143678	19.143678	
183	10.490430	10.490430	21.462341	21.462341	19.191436	19.191436	
184	10.730539	10.730539	21.486352	21.486352	19.239458	19.239458	
185	10.971823	10.971823	21.510480	21.510480	19.287715	19.287715	
186	11.214138	11.214138	21.534712	21.534712	19.336178	19.336178	
187	11.457336	11.457336	21.559032	21.559032	19.384817	19.384817	
188	11.701271	11.701271	21.583425	21.583425	19.433604	19.433604	
189	11.945797	11.945797	21.607878	21.607878	19.482510	19.482510	
190	12.190766	12.190766	21.632375	21.632375	19.531503	19.531503	
191	12.436030	12.436030	21.656901	21.656901	19.580556	19.580556	
192	12.681442	12.681442	21.681442	21.681442	19.629639	19.629639	
193	12.926855	12.926855	21.705983	21.705983	19.678721	19.678721	
194	13.172119	13.172119	21.730510	21.730510	19.727774	19.727774	
195	13.417088	13.417088	21.755007	21.755007	19.776768	19.776768	
196	13.661614	13.661614	21.779459	21.779459	19.825673	19.825673	
197	13.905549	13.905549	21.803853	21.803853	19.874460	19.874460	
198	14.148747	14.148747	21.828173	21.828173	19.923100	19.923100	
199	14.391061	14.391061	21.852404	21.852404	19.971562	19.971562	
200	14.632345	14.632345	21.876533	21.876533	20.019819	20.019819	
201	14.872455	14.872455	21.900544	21.900544	20.067841	20.067841	
202	15.111244	15.111244	21.924422	21.924422	20.115599	20.115599	
203	15.348570	15.348570	21.948155	21.948155	20.163064	20.163064	
204	15.584289	15.584289	21.971727	21.971727	20.210208	20.210208	
205	15.818260	15.818260	21.995124	21.995124	20.257002	20.257002	
206	16.050341	16.050341	22.018332	22.018332	20.303418	20.303418	
207	16.280393	16.280393	22.041337	22.041337	20.349429	20.349429	
208	16.508277	16.508277	22.064126	22.064126	20.395006	20.395006	
209	16.733855	16.733855	22.086684	22.086684	20.440121	20.440121	
210	16.956993	16.956993	22.108997	22.108997	20.484749	20.484749	
211	17.177556	17.177556	22.131054	22.131054	20.528861	20.528861	
212	17.395410	17.395410	22.152839	22.152839	20.572432	20.572432	
213	17.610424	17.610424	22.174340	22.174340	20.615435	20.615435	
214	17.822470	17.822470	22.195545	22.195545	20.657844	20.657844	
215	18.031418	18.031418	22.216440	22.216440	20.699634	20.699634	
216	18.237145	18.237145	22.237012	22.237012	20.740779	20.740779	
217	18.439524	18.439524	22.257250	22.257250	20.781255	20.781255	
218	18.638435	18.638435	22.277142	22.277142	20.821037	20.821037	
219	18.833758	18.833758	22.296674	22.296674	20.860102	20.860102	
220	19.025375	19.025375	22.315836	22.315836	20.898425	20.898425	
221	19.213171	19.213171	22.334615	22.334615	20.935984	20.935984	
222	19.397032	19.397032	22.353001	22.353001	20.972757	20.972757	
223	19.576848	19.576848	22.370983	22.370983	21.008720	21.008720	
224	19.752510	19.752510	22.388549	22.388549	21.043852	21.043852	
225	19.923913	19.923913	22.405689	22.405689	21.078133	21.078133	
226	20.090954	20.090954	22.422393	22.422393	21.111541	21.111541	
227	20.253531	20.253531	22.438651	22.438651	21.144056	21.144056	
228	20.411547	20.411547	22.454453	22.454453	21.175660	21.175660	
229	20.564907	20.564907	22.469789	22.469789	21.206332	21.206332	
230	20.713518	20.713518	22.484650	22.484650	21.236054	21.236054	
231	20.857290	20.857290	22.499027	22.499027	21.264808	21.264808	
232	20.996138	20.996138	22.512912	22.512912	21.292578	21.292578	
233	21.129978	21.129978	22.526296	22.526296	21.319346	21.319346	
234	21.258728	21.258728	22.539171	22.539171	21.345096	21.345096	
235	21.382312	21.382312	22.551529	22.551529	21.369813	21.369813	
236	21.500655	21.500655	22.563364	22.563364	21.393481	21.393481	
237	21.613685	21.613685	22.574667	22.574667	21.416087	21.416087	
238	21.721335	21.721335	22.585432	22.585432	21.437617	21.437617	
239	21.823540	21.823540	22.595652	22.595652	21.458058	21.458058	
240	21.920238	21.920238	22.605322	22.605322	21.477398	21.477398	
241	22.011370	22.011370	22.614435	22.614435	21.495624	21.495624	
242	22.096883	22.096883	22.622986	22.622986	21.512727	21.512727	
243	22.176724	22.176724	22.630970	22.630970	21.528695	21.528695	
244	22.250846	22.250846	22.638383	22.638383	21.543519	21.543519	
245	22.319203	22.319203	22.645218	22.645218	21.557191	21.557191	
246	22.381755	22.381755	22.651474	22.651474	21.569701	21.569701	
247	22.438464	22.438464	22.657144	22.657144	21.581043	21.581043	
248	22.489295	22.489295	22.662228	22.662228	21.591209	21.591209	
249	22.534219	22.534219	22.666720	22.666720	21.600194	21.600194	
250	22.573207	22.573207	22.670619	22.670619	21.607992	21.607992	
251	22.606238	22.606238	22.673922	22.673922	21.614598	21.614598	
252	22.633290	22.633290	22.676627	22.676627	21.620008	21.620008	
253	22.654347	22.654347	22.678733	22.678733	21.624220	21.624220	
254	22.669397	22.669397	22.680238	22.680238	21.627230	21.627230	
255	22.678430	22.678430	22.681141	22.681141	21.629036	21.629036	
256	22.681442	22.681442	22.681442	22.681442	21.629639	21.629639	
257	22.676202	22.676202	22.680057	22.680057	21.628433	21.628433	
258	22.660488	22.660488	22.675897	22.675897	21.624812	21.624812	
259	22.634320	22.634320	22.668955	22.668955	21.618756	21.618756	
260	22.597731	22.597731	22.659218	22.659218	21.610238	21.610238	
261	22.550767	22.550767	22.646667	22.646667	21.599217	21.599217	
262	22.493488	22.493488	22.631279	22.631279	21.585642	21.585642	
263	22.425967	22.425967	22.613026	22.613026	21.569449	21.569449	
264	22.348288	22.348288	22.591873	22.591873	21.550565	21.550565	
265	22.260549	22.260549	22.567783	22.567783	21.528905	21.528905	
266	22.162860	22.162860	22.540712	22.540712	21.504375	21.504375	
267	22.055345	22.055345	22.510613	22.510613	21.476870	21.476870	
268	21.938137	21.938137	22.477435	22.477435	21.446275	21.446275	
269	21.811384	21.811384	22.441120	22.441120	21.412467	21.412467	
270	21.675244	21.675244	22.401610	22.401610	21.375312	21.375312	
271	21.529885	21.529885	22.358841	22.358841	21.334670	21.334670	
272	21.375488	21.375488	22.312746	22.312746	21.290391	21.290391	
273	21.212244	21.212244	22.263255	22.263255	21.242318	21.242318	
274	21.040354	21.040354	22.210295	22.210295	21.190288	21.190288	
275	20.860028	20.860028	22.153791	22.153791	21.134130	21.134130	
276	20.671489	20.671489	22.093664	22.093664	21.073668	21.073668	
277	20.474964	20.474964	22.029835	22.029835	21.008722	21.008722	
278	20.270692	20.270692	21.962222	21.962222	20.939106	20.939106	
279	20.058920	20.058920	21.890743	21.890743	20.864630	20.864630	
280	19.839901	19.839901	21.815315	21.815315	20.785102	20.785102	
281	19.613899	19.613899	21.735851	21.735851	20.700326	20.700326	
282	19.381181	19.381181	21.652270	21.652270	20.610105	20.610105	
283	19.142021	19.142021	21.564485	21.564485	20.514241	20.514241	
284	18.896702	18.896702	21.472413	21.472413	20.412535	20.412535	
285	18.645508	18.645508	21.375971	21.375971	20.304789	20.304789	
286	18.388732	18.388732	21.275077	21.275077	20.190805	20.190805	
287	18.126668	18.126668	21.169652	21.169652	20.070389	20.070389	
288	17.859617	17.859617	21.059617	21.059617	19.943347	19.943347	
289	17.587880	17.587880	20.944897	20.944897	19.809490	19.809490	
290	17.311763	17.311763	20.825418	20.825418	19.668633	19.668633	
291	17.031575	17.031575	20.701112	20.701112	19.520596	19.520596	
292	16.747624	16.747624	20.571913	20.571913	19.365202	19.365202	
293	16.460221	16.460221	20.437758	20.437758	19.202285	19.202285	
294	16.169679	16.169679	20.298590	20.298590	19.031682	19.031682	
295	15.876309	15.876309	20.154356	20.154356	18.853239	18.853239	
296	15.580421	15.580421	20.005008	20.005008	18.666813	18.666813	
297	15.282328	15.282328	19.850504	19.850504	18.472266	18.472266	
298	14.982338	14.982338	19.690807	19.690807	18.269473	18.269473	
299	14.680758	14.680758	19.525887	19.525887	18.058318	18.058318	
300	14.377894	14.377894	19.355719	19.355719	17.838697	17.838697	
301	14.074048	14.074048	19.180286	19.180286	17.610518	17.610518	
302	13.769519	13.769519	18.999578	18.999578	17.373700	17.373700	
303	13.464602	13.464602	18.813591	18.813591	17.128177	17.128177	
304	13.159589	13.159589	18.622331	18.622331	16.873894	16.873894	
305	12.854766	12.854766	18.425809	18.425809	16.610813	16.610813	
306	12.550414	12.550414	18.224047	18.224047	16.338908	16.338908	
307	12.246809	12.246809	18.017073	18.017073	16.058169	16.058169	
308	11.944222	11.944222	17.804925	17.804925	15.768602	15.768602	
309	11.642917	11.642917	17.587648	17.587648	15.470229	15.470229	
310	11.343150	11.343150	17.365298	17.365298	15.163085	15.163085	
311	11.045173	11.045173	17.137939	17.137939	14.847226	14.847226	
312	10.749229	10.749229	16.905643	16.905643	14.522722	14.522722	
313	10.455553	10.455553	16.668494	16.668494	14.189661	14.189661	
314	10.164373	10.164373	16.426582	16.426582	13.848147	13.848147	
315	9.875910	9.875910	16.180010	16.180010	13.498303	13.498303	
316	9.590374	9.590374	15.928887	15.928887	13.140269	13.140269	
317	9.307970	9.307970	15.673335	15.673335	12.774201	12.774201	
318	9.028891	9.028891	15.413482	15.413482	12.400276	12.400276	
319	8.753323	8.753323	15.149469	15.149469	12.018685	12.018685	
320	8.481442	8.481442	14.881442	14.881442	11.629639	11.629639	
321	8.213416	8.213416	14.609561	14.609561	11.233365	11.233365	
322	7.949402	7.949402	14.333993	14.333993	10.830110	10.830110	
323	7.689550	7.689550	14.054914	14.054914	10.420135	10.420135	
324	7.433997	7.433997	13.772510	13.772510	10.003720	10.003720	
325	7.182875	7.182875	13.486975	13.486975	9.581162	9.581162	
326	6.936303	6.936303	13.198512	13.198512	9.152772	9.152772	
327	6.694391	6.694391	12.907332	12.907332	8.718881	8.718881	
328	6.457241	6.457241	12.613656	12.613656	8.279832	8.279832	
329	6.224946	6.224946	12.317711	12.317711	7.835987	7.835987	
330	5.997586	5.997586	12.019734	12.019734	7.387720	7.387720	
331	5.775236	5.775236	11.719968	11.719968	6.935420	6.935420	
332	5.557959	5.557959	11.418662	11.418662	6.479493	6.479493	
333	5.345811	5.345811	11.116075	11.116075	6.020353	6.020353	
334	5.138837	5.138837	10.812471	10.812471	5.558432	5.558432	
335	4.937075	4.937075	10.508119	10.508119	5.094171	5.094171	
336	4.740554	4.740554	10.203295	10.203295	4.628024	4.628024	
337	4.549293	4.549293	9.898282	9.898282	4.160455	4.160455	
338	4.363307	4.363307	9.593365	9.593365	3.691937	3.691937	
339	4.182599	4.182599	9.288837	9.288837	3.222955	3.222955	
340	4.007166	4.007166	8.984991	8.984991	2.754002	2.754002	
341	3.836998	3.836998	8.682127	8.682127	2.285576	2.285576	
342	3.672077	3.672077	8.380547	8.380547	1.818185	1.818185	
343	3.512380	3.512380	8.080557	8.080557	1.352342	1.352342	
344	3.357876	3.357876	7.782463	7.782463	0.888565	0.888565	
345	3.208528	3.208528	7.486576	7.486576	0.427377	0.427377	
346	3.064294	3.064294	7.193205	7.193205	-0.030696	-0.030696	
347	2.925126	2.925126	6.902663	6.902663	-0.485126	-0.485126	
348	2.790972	2.790972	6.615261	6.615261	-0.935383	-0.935383	
349	2.661772	2.661772	6.331310	6.331310	-1.380935	-1.380935	
350	2.537466	2.537466	6.051121	6.051121	-1.821253	-1.821253	
351	2.417988	2.417988	5.775005	5.775005	-2.255807	-2.255807	
352	2.303268	2.303268	5.503268	5.503268	-2.684070	-2.684070	
353	2.193233	2.193233	5.236216	5.236216	-3.105518	-3.105518	
354	2.087807	2.087807	4.974152	4.974152	-3.519631	-3.519631	
355	1.986914	1.986914	4.717376	4.717376	-3.925894	-3.925894	
356	1.890472	1.890472	4.466183	4.466183	-4.323800	-4.323800	
357	1.798400	1.798400	4.220863	4.220863	-4.712845	-4.712845	
358	1.710615	1.710615	3.981704	3.981704	-5.092536	-5.092536	
359	1.627033	1.627033	3.748986	3.748986	-5.462388	-5.462388	
360	1.547570	1.547570	3.522983	3.522983	-5.821925	-5.821925	
361	1.472141	1.472141	3.303965	3.303965	-6.170684	-6.170684	
362	1.400662	1.400662	3.092193	3.092193	-6.508209	-6.508209	
363	1.333050	1.333050	2.887921	2.887921	-6.834061	-6.834061	
364	1.269221	1.269221	2.691396	2.691396	-7.147812	-7.147812	
365	1.209094	1.209094	2.502856	2.502856	-7.449048	-7.449048	
366	1.152589	1.152589	2.322531	2.322531	-7.737370	-7.737370	
367	1.099629	1.099629	2.150641	2.150641	-8.012394	-8.012394	
368	1.050138	1.050138	1.987397	1.987397	-8.273754	-8.273754	
369	1.004043	1.004043	1.833000	1.833000	-8.521099	-8.521099	
370	0.961274	0.961274	1.687641	1.687641	-8.754098	-8.754098	
371	0.921764	0.921764	1.551500	1.551500	-8.972435	-8.972435	
372	0.885450	0.885450	1.424747	1.424747	-9.175816	-9.175816	
373	0.852271	0.852271	1.307540	1.307540	-9.363964	-9.363964	
374	0.822172	0.822172	1.200024	1.200024	-9.536625	-9.536625	
375	0.795102	0.795102	1.102336	1.102336	-9.693563	-9.693563	
376	0.771011	0.771011	1.014597	1.014597	-9.834564	-9.834564	
377	0.749859	0.749859	0.936918	0.936918	-9.959436	-9.959436	
378	0.731605	0.731605	0.869396	0.869396	-10.068006	-10.068006	
379	0.716217	0.716217	0.812117	0.812117	-10.160128	-10.160128	
380	0.703667	0.703667	0.765154	0.765154	-10.235673	-10.235673	
381	0.693930	0.693930	0.728565	0.728565	-10.294538	-10.294538	
382	0.686988	0.686988	0.702397	0.702397	-10.336643	-10.336643	
383	0.682828	0.682828	0.686683	0.686683	-10.361929	-10.361929	
384	0.681442	0.681442	0.681442	0.681442	-10.370361	-10.370361	
