#p	a1_up	a1_dn	b1_up	b1_dn	c1_up	c1_dn	a2_up	a2_dn	b2_up	b2_dn	c2_up	c2_dn	NaN
0	4.211777	23.888703	4.211777	23.888703	-7.150554	12.898823	26.399124	46.076050	26.399124	46.076050	25.004802	45.054180	
1	4.212076	23.889001	4.214763	23.891689	-7.146350	12.903028	26.396137	46.073063	26.398826	46.075751	25.004212	45.053589	
2	4.212972	23.889897	4.223720	23.900646	-7.133737	12.915640	26.387180	46.064106	26.397930	46.074855	25.002440	45.051817	
3	4.214464	23.891389	4.238643	23.915569	-7.112726	12.936652	26.372258	46.049183	26.396438	46.073363	24.999488	45.048866	
4	4.216552	23.893477	4.259521	23.936447	-7.083327	12.966050	26.351379	46.028305	26.394350	46.071275	24.995358	45.044736	
5	4.219234	23.896160	4.286342	23.963268	-7.045560	13.003818	26.324558	46.001484	26.391667	46.068593	24.990053	45.039431	
6	4.222509	23.899435	4.319089	23.996015	-6.999446	13.049931	26.291812	45.968738	26.388392	46.065318	24.983576	45.032954	
7	4.226375	23.903301	4.357740	24.034666	-6.945015	13.104363	26.253160	45.930086	26.384526	46.061452	24.975931	45.025308	
8	4.230829	23.907755	4.402273	24.079199	-6.882298	13.167079	26.208627	45.885553	26.380072	46.056997	24.967123	45.016500	
9	4.235870	23.912795	4.452658	24.129584	-6.811335	13.238043	26.158242	45.835168	26.375032	46.051957	24.957157	45.006535	
10	4.241492	23.918418	4.508864	24.185790	-6.732168	13.317210	26.102037	45.778963	26.369409	46.046335	24.946041	44.995418	
11	4.247694	23.924620	4.570855	24.247780	-6.644845	13.404532	26.040046	45.716972	26.363207	46.040132	24.933780	44.983158	
12	4.254472	23.931397	4.638591	24.315517	-6.549420	13.499958	25.972309	45.649235	26.356430	46.033355	24.920384	44.969761	
13	4.261821	23.938746	4.712031	24.388957	-6.445950	13.603428	25.898869	45.575795	26.349080	46.026006	24.905860	44.955237	
14	4.269737	23.946662	4.791127	24.468053	-6.334498	13.714879	25.819774	45.496699	26.341164	46.018090	24.890218	44.939595	
15	4.278215	23.955141	4.875829	24.552755	-6.215133	13.834245	25.735072	45.411998	26.332686	46.009612	24.873467	44.922845	
16	4.287251	23.964176	4.966083	24.643009	-6.087926	13.961452	25.644818	45.321744	26.323651	46.000576	24.855619	44.904997	
17	4.296837	23.973763	5.061831	24.738757	-5.952954	14.096423	25.549069	45.225995	26.314064	45.990989	24.836685	44.886063	
18	4.306970	23.983896	5.163013	24.839938	-5.810301	14.239076	25.447888	45.124814	26.303931	45.980857	24.816678	44.866055	
19	4.317643	23.994568	5.269562	24.946488	-5.660053	14.389325	25.341338	45.018264	26.293259	45.970184	24.795609	44.844987	
20	4.328848	24.005774	5.381412	25.058338	-5.502300	14.547077	25.229488	44.906414	26.282053	45.958979	24.773493	44.822870	
21	4.340580	24.017506	5.498490	25.175416	-5.337140	14.712238	25.112410	44.789336	26.270321	45.947246	24.750344	44.799721	
22	4.352832	24.029757	5.620720	25.297646	-5.164672	14.884706	24.990180	44.667106	26.258070	45.934995	24.726176	44.775554	
23	4.365595	24.042521	5.748023	25.424949	-4.985001	15.064376	24.862877	44.539803	26.245306	45.922232	24.701006	44.750384	
24	4.378863	24.055788	5.880316	25.557242	-4.798237	15.251140	24.730584	44.407510	26.232039	45.908964	24.674850	44.724228	
25	4.392627	24.069552	6.017513	25.694439	-4.604494	15.444883	24.593388	44.270313	26.218275	45.895200	24.647725	44.697102	
26	4.406878	24.083804	6.159523	25.836449	-4.403889	15.645488	24.451377	44.128303	26.204023	45.880949	24.619647	44.669025	
27	4.421609	24.098534	6.306254	25.983180	-4.196545	15.852832	24.304646	43.981572	26.189292	45.866218	24.590636	44.640014	
28	4.436810	24.113736	6.457608	26.134534	-3.982588	16.066789	24.153293	43.830219	26.174091	45.851017	24.560711	44.610088	
29	4.452473	24.129398	6.613483	26.290409	-3.762148	16.287229	23.997417	43.674343	26.158429	45.835354	24.529890	44.579267	
30	4.468587	24.145512	6.773776	26.450702	-3.535360	16.514018	23.837125	43.514051	26.142315	45.819240	24.498194	44.547572	
31	4.485143	24.162068	6.938377	26.615303	-3.302361	16.747016	23.672524	43.349449	26.125759	45.802684	24.465644	44.515022	
32	4.502131	24.179056	7.107174	26.784100	-3.063295	16.986082	23.503726	43.180652	26.108771	45.785696	24.432262	44.481639	
33	4.519540	24.196465	7.280052	26.956978	-2.818307	17.231071	23.330848	43.007774	26.091361	45.768287	24.398068	44.447446	
34	4.537361	24.214286	7.456889	27.133815	-2.567546	17.481831	23.154011	42.830937	26.073541	45.750466	24.363087	44.412464	
35	4.555582	24.232507	7.637561	27.314487	-2.311166	17.738212	22.973339	42.650265	26.055320	45.732245	24.327340	44.376717	
36	4.574192	24.251117	7.821939	27.498865	-2.049323	18.000055	22.788961	42.465887	26.036709	45.713635	24.290851	44.340229	
37	4.593181	24.270106	8.009889	27.686815	-1.782177	18.267200	22.601011	42.277937	26.017721	45.694646	24.253646	44.303024	
38	4.612536	24.289461	8.201272	27.878198	-1.509892	18.539485	22.409628	42.086554	25.998366	45.675291	24.215748	44.265126	
39	4.632246	24.309171	8.395945	28.072871	-1.232634	18.816743	22.214955	41.891881	25.978656	45.655581	24.177184	44.226562	
40	4.652298	24.329224	8.593757	28.270683	-0.950574	19.098804	22.017143	41.694069	25.958603	45.635528	24.137979	44.187356	
41	4.672682	24.349608	8.794552	28.471478	-0.663883	19.385495	21.816348	41.493274	25.938219	45.615145	24.098159	44.147537	
42	4.693385	24.370310	8.998168	28.675094	-0.372737	19.676640	21.612732	41.289658	25.917517	45.594442	24.057752	44.107130	
43	4.714393	24.391318	9.204432	28.881358	-0.077316	19.972062	21.406468	41.083394	25.896508	45.573434	24.016785	44.066163	
44	4.735695	24.412620	9.413166	29.090092	0.222200	20.271578	21.197734	40.874660	25.875207	45.552132	23.975287	44.024664	
45	4.757277	24.434202	9.624178	29.301104	0.525627	20.575004	20.986722	40.663648	25.853624	45.530550	23.933285	43.982663	
46	4.779127	24.456052	9.837267	29.514193	0.832777	20.882155	20.773633	40.450559	25.831775	45.508700	23.890810	43.940187	
47	4.801231	24.478156	10.052216	29.729142	1.143463	21.192840	20.558684	40.235610	25.809671	45.486596	23.847889	43.897267	
48	4.823576	24.500501	10.268792	29.945718	1.457492	21.506869	20.342108	40.019034	25.787326	45.464251	23.804555	43.853932	
49	4.846148	24.523073	10.486743	30.163669	1.774671	21.824048	20.124157	39.801083	25.764754	45.441679	23.760837	43.810214	
50	4.868934	24.545859	10.705791	30.382717	2.094804	22.144181	19.905109	39.582035	25.741968	45.418893	23.716766	43.766143	
51	4.891920	24.568845	10.925627	30.602553	2.417693	22.467071	19.685273	39.362199	25.718981	45.395907	23.672374	43.721752	
52	4.915092	24.592018	11.145906	30.822832	2.743139	22.792516	19.464994	39.141920	25.695809	45.372735	23.627693	43.677071	
53	4.938437	24.615362	11.366235	31.043161	3.070939	23.120316	19.244665	38.921591	25.672465	45.349390	23.582756	43.632134	
54	4.961939	24.638864	11.586158	31.263084	3.400890	23.450268	19.024742	38.701668	25.648962	45.325888	23.537596	43.586973	
55	4.985585	24.662511	11.805143	31.482069	3.732788	23.782165	18.805758	38.482683	25.625316	45.302241	23.492246	43.541623	
56	5.009361	24.686287	12.022552	31.699478	4.066424	24.115802	18.588348	38.265274	25.601540	45.278466	23.446740	43.496117	
57	5.033252	24.710178	12.237613	31.914539	4.401592	24.450969	18.373287	38.050213	25.577649	45.254574	23.401114	43.450491	
58	5.057245	24.734170	12.449372	32.126298	4.738081	24.787458	18.161529	37.838455	25.553657	45.230582	23.355401	43.404779	
59	5.081323	24.758248	12.656631	32.333557	5.075681	25.125058	17.954269	37.631195	25.529578	45.206504	23.309639	43.359017	
60	5.105473	24.782399	12.857866	32.534792	5.414179	25.463556	17.753035	37.429961	25.505428	45.182354	23.263863	43.313241	
61	5.129681	24.806606	13.051108	32.728034	5.753362	25.802740	17.559792	37.236718	25.481221	45.158146	23.218111	43.267488	
62	5.153931	24.830856	13.233806	32.910732	6.093017	26.142394	17.377094	37.054020	25.456970	45.133896	23.172419	43.221797	
63	5.178209	24.855135	13.402651	33.079577	6.432927	26.482305	17.208249	36.885175	25.432692	45.109617	23.126826	43.176204	
64	5.202501	24.879426	13.553425	33.230351	6.772877	26.822254	17.057475	36.734401	25.408400	45.085326	23.081371	43.130748	
65	5.226792	24.903717	13.680952	33.357878	7.112650	27.162027	16.929948	36.606874	25.384110	45.061035	23.036093	43.085471	
66	5.251066	24.927992	13.779344	33.456269	7.452027	27.501405	16.831557	36.508483	25.359835	45.036760	22.991033	43.040410	
67	5.275311	24.952236	13.842756	33.519682	7.790792	27.840169	16.768144	36.445070	25.335591	45.012516	22.946231	42.995608	
68	5.299510	24.976435	13.866706	33.543632	8.128724	28.178102	16.744194	36.421120	25.311392	44.988317	22.901730	42.951107	
69	5.323649	25.000575	16.761409	36.438335	8.465605	28.514982	13.849492	33.526418	25.287252	44.964178	22.857572	42.906949	
70	5.347714	25.024640	16.818052	36.494978	8.801213	28.850591	13.792848	33.469774	25.263187	44.940112	22.813801	42.863178	
71	5.371691	25.048616	16.909554	36.586480	9.135329	29.184706	13.701346	33.378272	25.239210	44.916136	22.770462	42.819839	
72	5.395565	25.072490	17.029923	36.706849	9.467731	29.517108	13.580977	33.257903	25.215337	44.892262	22.727601	42.776978	
73	5.419320	25.096246	17.173096	36.850022	9.798198	29.847575	13.437804	33.114730	25.191581	44.868506	22.685265	42.734643	
74	5.442945	25.119870	17.333731	37.010657	10.126507	30.175884	13.277169	32.954095	25.167957	44.844882	22.643503	42.692881	
75	5.466423	25.143348	17.507473	37.184399	10.452436	30.501813	13.103427	32.780353	25.144479	44.821404	22.602365	42.651743	
76	5.489741	25.166666	17.690910	37.367836	10.775762	30.825139	12.919991	32.596917	25.121161	44.798086	22.561902	42.611280	
77	5.512885	25.189810	17.881412	37.558338	11.096261	31.145638	12.729488	32.406414	25.098017	44.774942	22.522168	42.571546	
78	5.535840	25.212766	18.076961	37.753887	11.413709	31.463086	12.533939	32.210865	25.075061	44.751987	22.483218	42.532595	
79	5.558594	25.235519	18.275995	37.952921	11.727880	31.777258	12.334906	32.011832	25.052307	44.729233	22.445108	42.494486	
80	5.581132	25.258058	18.477292	38.154218	12.038550	32.087928	12.133608	31.810534	25.029769	44.706695	22.407899	42.457276	
81	5.603441	25.280367	18.679886	38.356812	12.345492	32.394870	11.931014	31.607940	25.007460	44.684385	22.371652	42.421029	
82	5.625508	25.302433	18.882995	38.559921	12.648478	32.697856	11.727906	31.404832	24.985393	44.662319	22.336431	42.385808	
83	5.647319	25.324244	19.085979	38.762905	12.947280	32.996658	11.524921	31.201847	24.963583	44.640508	22.302304	42.351681	
84	5.668861	25.345786	19.288307	38.965232	13.241669	33.291046	11.322594	30.999520	24.942041	44.618966	22.269340	42.318718	
85	5.690120	25.367046	19.489526	39.166452	13.531412	33.580790	11.121374	30.798300	24.920781	44.597706	22.237614	42.286992	
86	5.711086	25.388011	19.689250	39.366176	13.816279	33.865656	10.921650	30.598576	24.899816	44.576741	22.207202	42.256579	
87	5.731744	25.408669	19.887140	39.564066	14.096035	34.145412	10.723760	30.400686	24.879157	44.556083	22.178185	42.227562	
88	5.752082	25.429008	20.082899	39.759825	14.370445	34.419822	10.528002	30.204928	24.858819	44.535744	22.150646	42.200024	
89	5.772089	25.449015	20.276258	39.953184	14.639271	34.688648	10.334642	30.011568	24.838812	44.515738	22.124675	42.174053	
90	5.791752	25.468677	20.466978	40.143904	14.902275	34.951652	10.143922	29.820848	24.819149	44.496075	22.100365	42.149742	
91	5.811059	25.487985	20.654838	40.331764	15.159217	35.208594	9.956062	29.632988	24.799842	44.476768	22.077810	42.127188	
92	5.829999	25.506925	20.839636	40.516562	15.409854	35.459232	9.771265	29.448191	24.780902	44.457828	22.057113	42.106491	
93	5.848561	25.525486	21.021184	40.698110	15.653945	35.703322	9.589717	29.266642	24.762341	44.439266	22.038377	42.087755	
94	5.866732	25.543658	21.199308	40.876234	15.891245	35.940623	9.411593	29.088519	24.744169	44.421094	22.021710	42.071088	
95	5.884504	25.561429	21.373843	41.050769	16.121513	36.170891	9.237057	28.913983	24.726398	44.403323	22.007221	42.056599	
96	5.901863	25.578789	21.544637	41.221563	16.344508	36.393885	9.066263	28.743189	24.709038	44.385963	21.995022	42.044399	
97	5.918802	25.595727	21.711544	41.388470	16.559991	36.609368	8.899357	28.576283	24.692100	44.369025	21.985222	42.034600	
98	5.935308	25.612233	21.874425	41.551351	16.767730	36.817108	8.736476	28.413402	24.675594	44.352519	21.977931	42.027309	
99	5.951373	25.628298	22.033149	41.710075	16.967501	37.016879	8.577751	28.254677	24.659529	44.336454	21.973253	42.022630	
100	5.966986	25.643911	22.187594	41.864520	17.159091	37.208468	8.423307	28.100233	24.643916	44.320841	21.971282	42.020660	
101	5.982138	25.659064	22.337638	42.014564	17.342301	37.391679	8.273262	27.950188	24.628763	44.305688	21.972104	42.021481	
102	5.996821	25.673747	22.483171	42.160097	17.516955	37.566332	8.127729	27.804655	24.614080	44.291006	21.975784	42.025161	
103	6.011026	25.687951	22.624083	42.301009	17.682897	37.732275	7.986817	27.663743	24.599876	44.276801	21.982369	42.031746	
104	6.024743	25.701668	22.760272	42.437198	17.840007	37.889385	7.850628	27.527554	24.586159	44.263084	21.991876	42.041254	
105	6.037965	25.714890	22.891640	42.568566	17.988199	38.037576	7.719260	27.396186	24.572937	44.249862	22.004292	42.053669	
106	6.050683	25.727609	23.018093	42.695019	18.127428	38.176806	7.592808	27.269733	24.560218	44.237143	22.019563	42.068940	
107	6.062891	25.739817	23.139542	42.816468	18.257700	38.307077	7.471359	27.148285	24.548010	44.224935	22.037592	42.086970	
108	6.074581	25.751507	23.255902	42.932828	18.379067	38.428445	7.354999	27.031925	24.536320	44.213246	22.058236	42.107613	
109	6.085746	25.762671	23.367092	43.044018	18.491641	38.541018	7.243808	26.920734	24.525155	44.202081	22.081299	42.130676	
110	6.096379	25.773304	23.473037	43.149963	18.595583	38.644960	7.137864	26.814790	24.514522	44.191448	22.106537	42.155914	
111	6.106474	25.783399	23.573663	43.250589	18.691109	38.740487	7.037237	26.714163	24.504428	44.181353	22.133656	42.183033	
112	6.116025	25.792950	23.668903	43.345829	18.778485	38.827862	6.941998	26.618923	24.494877	44.171802	22.162318	42.211695	
113	6.125025	25.801951	23.758692	43.435618	18.858017	38.907394	6.852209	26.529135	24.485876	44.162801	22.192145	42.241522	
114	6.133471	25.810396	23.842969	43.519895	18.930047	38.979425	6.767931	26.444857	24.477431	44.154356	22.222729	42.272107	
115	6.141356	25.818281	23.921679	43.598605	18.994944	39.044322	6.689221	26.366147	24.469545	44.146471	22.253642	42.303020	
116	6.148676	25.825602	23.994769	43.671695	19.053090	39.102467	6.616131	26.293057	24.462225	44.139151	22.284442	42.333819	
117	6.155427	25.832352	24.062190	43.739116	19.104874	39.154252	6.548710	26.225636	24.455474	44.132400	22.314686	42.364064	
118	6.161604	25.838530	24.123898	43.800824	19.150682	39.200060	6.487002	26.163928	24.449297	44.126222	22.343941	42.393318	
119	6.167205	25.844130	24.179852	43.856778	19.190887	39.240265	6.431048	26.107974	24.443697	44.120622	22.371786	42.421164	
120	6.172224	25.849150	24.230015	43.906941	19.225843	39.275220	6.380885	26.057811	24.438677	44.115603	22.397829	42.447206	
121	6.176661	25.853586	24.274354	43.951280	19.255876	39.305254	6.336546	26.013472	24.434241	44.111166	22.421704	42.471081	
122	6.180511	25.857436	24.312840	43.989766	19.281284	39.330661	6.298060	25.974986	24.430391	44.107316	22.443082	42.492460	
123	6.183772	25.860698	24.345448	44.022374	19.302329	39.351707	6.265452	25.942378	24.427129	44.104054	22.461673	42.511051	
124	6.186444	25.863369	24.372156	44.049082	19.319236	39.368614	6.238744	25.915670	24.424458	44.101383	22.477228	42.526606	
125	6.188523	25.865448	24.392947	44.069873	19.332192	39.381569	6.217953	25.894879	24.422378	44.099304	22.489542	42.538919	
126	6.190009	25.866935	24.407808	44.084734	19.341341	39.390719	6.203092	25.880018	24.420892	44.097818	22.498452	42.547830	
127	6.190901	25.867827	24.416728	44.093654	19.346789	39.396167	6.194172	25.871098	24.420000	44.096926	22.503845	42.553222	
128	6.191199	25.868124	24.419702	44.096628	22.505650	39.397975	6.191198	25.868124	24.419703	44.096628	19.348598	42.555027	
129	6.194173	25.871098	24.420000	44.096926	22.503845	42.553222	6.190901	25.867827	24.416729	44.093654	19.346789	39.396167	
130	6.203093	25.880018	24.420892	44.097818	22.498452	42.547830	6.190009	25.866935	24.407809	44.084734	19.341341	39.390719	
131	6.217953	25.894879	24.422378	44.099304	22.489542	42.538919	6.188522	25.865448	24.392948	44.069873	19.332192	39.381569	
132	6.238745	25.915670	24.424457	44.101383	22.477228	42.526606	6.186443	25.863369	24.372157	44.049082	19.319236	39.368614	
133	6.265453	25.942378	24.427129	44.104054	22.461673	42.511051	6.183772	25.860698	24.345449	44.022374	19.302329	39.351707	
134	6.298061	25.974986	24.430390	44.107316	22.443082	42.492460	6.180510	25.857436	24.312841	43.989766	19.281284	39.330661	
135	6.336547	26.013472	24.434240	44.111166	22.421704	42.471081	6.176660	25.853586	24.274355	43.951280	19.255876	39.305254	
136	6.380886	26.057811	24.438677	44.115603	22.397829	42.447206	6.172224	25.849150	24.230016	43.906941	19.225843	39.275220	
137	6.431049	26.107974	24.443696	44.120622	22.371786	42.421164	6.167204	25.844130	24.179853	43.856778	19.190887	39.240265	
138	6.487003	26.163928	24.449297	44.126222	22.343941	42.393318	6.161604	25.838530	24.123899	43.800824	19.150682	39.200060	
139	6.548710	26.225636	24.455474	44.132400	22.314686	42.364064	6.155426	25.832352	24.062191	43.739116	19.104874	39.154252	
140	6.616132	26.293057	24.462225	44.139151	22.284442	42.333819	6.148676	25.825602	23.994770	43.671695	19.053090	39.102467	
141	6.689222	26.366147	24.469545	44.146471	22.253642	42.303020	6.141355	25.818281	23.921680	43.598605	18.994944	39.044322	
142	6.767932	26.444857	24.477430	44.154356	22.222729	42.272107	6.133470	25.810396	23.842970	43.519895	18.930047	38.979425	
143	6.852209	26.529135	24.485876	44.162802	22.192145	42.241522	6.125025	25.801951	23.758692	43.435618	18.858017	38.907394	
144	6.941998	26.618924	24.494876	44.171802	22.162318	42.211695	6.116024	25.792950	23.668903	43.345829	18.778485	38.827862	
145	7.037238	26.714163	24.504427	44.181353	22.133656	42.183033	6.106473	25.783399	23.573664	43.250589	18.691109	38.740487	
146	7.137864	26.814790	24.514522	44.191448	22.106537	42.155914	6.096378	25.773304	23.473037	43.149963	18.595583	38.644960	
147	7.243809	26.920734	24.525155	44.202081	22.081299	42.130676	6.085745	25.762671	23.367093	43.044018	18.491641	38.541018	
148	7.354999	27.031925	24.536320	44.213246	22.058236	42.107613	6.074581	25.751507	23.255902	42.932827	18.379067	38.428445	
149	7.471359	27.148285	24.548009	44.224935	22.037592	42.086970	6.062891	25.739817	23.139542	42.816468	18.257700	38.307077	
150	7.592808	27.269734	24.560217	44.237143	22.019563	42.068940	6.050683	25.727609	23.018093	42.695019	18.127428	38.176806	
151	7.719261	27.396186	24.572936	44.249862	22.004292	42.053669	6.037964	25.714890	22.891640	42.568566	17.988199	38.037576	
152	7.850629	27.527554	24.586158	44.263084	21.991876	42.041254	6.024742	25.701668	22.760273	42.437198	17.840007	37.889385	
153	7.986818	27.663743	24.599875	44.276801	21.982369	42.031746	6.011025	25.687951	22.624084	42.301009	17.682897	37.732275	
154	8.127730	27.804655	24.614080	44.291006	21.975784	42.025161	5.996821	25.673747	22.483171	42.160097	17.516955	37.566332	
155	8.273262	27.950188	24.628762	44.305688	21.972104	42.021481	5.982138	25.659064	22.337639	42.014564	17.342301	37.391679	
156	8.423307	28.100233	24.643915	44.320841	21.971282	42.020660	5.966985	25.643911	22.187594	41.864519	17.159091	37.208468	
157	8.577751	28.254677	24.659528	44.336454	21.973253	42.022630	5.951372	25.628298	22.033150	41.710075	16.967501	37.016879	
158	8.736476	28.413402	24.675593	44.352519	21.977931	42.027309	5.935307	25.612233	21.874425	41.551351	16.767730	36.817108	
159	8.899357	28.576283	24.692099	44.369025	21.985222	42.034600	5.918801	25.595727	21.711544	41.388470	16.559991	36.609368	
160	9.066264	28.743189	24.709038	44.385963	21.995022	42.044399	5.901863	25.578789	21.544638	41.221563	16.344508	36.393885	
161	9.237058	28.913983	24.726397	44.403323	22.007221	42.056599	5.884503	25.561429	21.373844	41.050769	16.121513	36.170891	
162	9.411593	29.088519	24.744168	44.421094	22.021710	42.071088	5.866732	25.543658	21.199308	40.876233	15.891245	35.940623	
163	9.589717	29.266643	24.762340	44.439266	22.038377	42.087755	5.848560	25.525486	21.021184	40.698110	15.653945	35.703322	
164	9.771265	29.448191	24.780902	44.457828	22.057113	42.106491	5.829999	25.506925	20.839636	40.516562	15.409854	35.459232	
165	9.956063	29.632988	24.799842	44.476768	22.077810	42.127188	5.811059	25.487985	20.654839	40.331764	15.159217	35.208594	
166	10.143923	29.820848	24.819149	44.496075	22.100365	42.149742	5.791751	25.468677	20.466979	40.143904	14.902275	34.951652	
167	10.334643	30.011568	24.838812	44.515738	22.124675	42.174053	5.772089	25.449015	20.276259	39.953184	14.639271	34.688648	
168	10.528002	30.204928	24.858818	44.535744	22.150646	42.200024	5.752082	25.429008	20.082899	39.759825	14.370445	34.419822	
169	10.723761	30.400686	24.879157	44.556083	22.178185	42.227562	5.731743	25.408669	19.887141	39.564066	14.096035	34.145412	
170	10.921651	30.598576	24.899815	44.576741	22.207202	42.256579	5.711085	25.388011	19.689250	39.366176	13.816279	33.865656	
171	11.121375	30.798300	24.920780	44.597706	22.237614	42.286992	5.690120	25.367046	19.489526	39.166452	13.531412	33.580790	
172	11.322594	30.999520	24.942040	44.618966	22.269340	42.318718	5.668860	25.345786	19.288307	38.965232	13.241669	33.291046	
173	11.524922	31.201847	24.963582	44.640508	22.302304	42.351681	5.647318	25.324244	19.085980	38.762905	12.947280	32.996658	
174	11.727906	31.404832	24.985393	44.662319	22.336431	42.385808	5.625507	25.302433	18.882995	38.559921	12.648478	32.697856	
175	11.931015	31.607940	25.007460	44.684385	22.371652	42.421029	5.603441	25.280367	18.679886	38.356812	12.345492	32.394870	
176	12.133609	31.810534	25.029769	44.706695	22.407899	42.457276	5.581132	25.258058	18.477293	38.154218	12.038550	32.087928	
177	12.334906	32.011832	25.052307	44.729233	22.445108	42.494486	5.558593	25.235519	18.275995	37.952920	11.727880	31.777258	
178	12.533940	32.210865	25.075061	44.751987	22.483218	42.532595	5.535840	25.212766	18.076961	37.753887	11.413709	31.463086	
179	12.729489	32.406414	25.098016	44.774942	22.522168	42.571546	5.512884	25.189810	17.881413	37.558338	11.096261	31.145638	
180	12.919991	32.596917	25.121160	44.798086	22.561902	42.611280	5.489740	25.166666	17.690910	37.367836	10.775762	30.825139	
181	13.103428	32.780353	25.144478	44.821404	22.602365	42.651743	5.466422	25.143348	17.507474	37.184399	10.452436	30.501813	
182	13.277170	32.954095	25.167956	44.844882	22.643503	42.692881	5.442944	25.119870	17.333732	37.010657	10.126507	30.175884	
183	13.437805	33.114730	25.191580	44.868506	22.685265	42.734643	5.419320	25.096246	17.173097	36.850022	9.798198	29.847575	
184	13.580978	33.257903	25.215336	44.892262	22.727601	42.776978	5.395564	25.072490	17.029924	36.706849	9.467731	29.517108	
185	13.701347	33.378272	25.239210	44.916136	22.770462	42.819839	5.371690	25.048616	16.909555	36.586480	9.135329	29.184706	
186	13.792849	33.469774	25.263186	44.940112	22.813801	42.863178	5.347714	25.024640	16.818053	36.494978	8.801213	28.850591	
187	13.849492	33.526418	25.287252	44.964178	22.857572	42.906949	5.323649	25.000575	16.761409	36.438334	8.465605	28.514982	
188	16.744195	36.421120	25.311391	44.988317	22.901730	42.951107	5.299509	24.976435	13.866707	33.543632	8.128724	28.178102	
189	16.768145	36.445070	25.335590	45.012516	22.946231	42.995608	5.275310	24.952236	13.842757	33.519682	7.790792	27.840169	
190	16.831557	36.508483	25.359835	45.036760	22.991033	43.040410	5.251066	24.927992	13.779344	33.456270	7.452027	27.501405	
191	16.929949	36.606874	25.384109	45.061035	23.036093	43.085471	5.226791	24.903717	13.680953	33.357878	7.112650	27.162027	
192	17.057475	36.734401	25.408400	45.085326	23.081371	43.130748	5.202501	24.879426	13.553426	33.230351	6.772877	26.822254	
193	17.208249	36.885175	25.432692	45.109617	23.126826	43.176204	5.178209	24.855135	13.402652	33.079578	6.432927	26.482305	
194	17.377094	37.054020	25.456970	45.133896	23.172419	43.221797	5.153930	24.830856	13.233807	32.910732	6.093017	26.142394	
195	17.559792	37.236718	25.481220	45.158146	23.218111	43.267488	5.129680	24.806606	13.051109	32.728034	5.753362	25.802740	
196	17.753035	37.429961	25.505428	45.182354	23.263863	43.313241	5.105473	24.782399	12.857866	32.534792	5.414179	25.463556	
197	17.954270	37.631195	25.529578	45.206504	23.309639	43.359017	5.081322	24.758248	12.656632	32.333557	5.075681	25.125058	
198	18.161529	37.838454	25.553656	45.230582	23.355401	43.404779	5.057244	24.734170	12.449372	32.126298	4.738081	24.787458	
199	18.373288	38.050213	25.577648	45.254574	23.401114	43.450491	5.033252	24.710178	12.237613	31.914539	4.401592	24.450969	
200	18.588349	38.265274	25.601540	45.278466	23.446740	43.496117	5.009361	24.686287	12.022553	31.699478	4.066424	24.115802	
201	18.805758	38.482683	25.625316	45.302241	23.492246	43.541623	4.985585	24.662511	11.805143	31.482069	3.732788	23.782165	
202	19.024742	38.701668	25.648962	45.325888	23.537596	43.586973	4.961938	24.638864	11.586159	31.263084	3.400890	23.450268	
203	19.244666	38.921591	25.672464	45.349390	23.582756	43.632134	4.938436	24.615362	11.366236	31.043161	3.070939	23.120316	
204	19.464994	39.141920	25.695809	45.372735	23.627693	43.677071	4.915092	24.592018	11.145907	30.822832	2.743139	22.792516	
205	19.685274	39.362199	25.718981	45.395907	23.672374	43.721752	4.891919	24.568845	10.925628	30.602553	2.417693	22.467071	
206	19.905110	39.582035	25.741967	45.418893	23.716766	43.766143	4.868933	24.545859	10.705791	30.382717	2.094804	22.144181	
207	20.124158	39.801083	25.764753	45.441679	23.760837	43.810214	4.846147	24.523073	10.486744	30.163669	1.774671	21.824048	
208	20.342108	40.019034	25.787325	45.464251	23.804555	43.853932	4.823575	24.500501	10.268793	29.945718	1.457492	21.506869	
209	20.558685	40.235610	25.809670	45.486596	23.847889	43.897267	4.801230	24.478156	10.052217	29.729142	1.143463	21.192840	
210	20.773634	40.450559	25.831774	45.508700	23.890810	43.940187	4.779126	24.456052	9.837267	29.514193	0.832777	20.882155	
211	20.986723	40.663648	25.853624	45.530550	23.933285	43.982663	4.757276	24.434202	9.624179	29.301104	0.525627	20.575004	
212	21.197735	40.874660	25.875206	45.552132	23.975287	44.024664	4.735694	24.412620	9.413166	29.090092	0.222200	20.271578	
213	21.406468	41.083394	25.896508	45.573434	24.016785	44.066163	4.714392	24.391318	9.204433	28.881358	-0.077316	19.972062	
214	21.612733	41.289658	25.917516	45.594442	24.057752	44.107130	4.693384	24.370310	8.998169	28.675094	-0.372737	19.676640	
215	21.816348	41.493274	25.938219	45.615145	24.098159	44.147537	4.672682	24.349608	8.794553	28.471478	-0.663883	19.385495	
216	22.017144	41.694069	25.958602	45.635528	24.137979	44.187356	4.652298	24.329224	8.593758	28.270683	-0.950574	19.098804	
217	22.214956	41.891881	25.978655	45.655581	24.177184	44.226562	4.632245	24.309171	8.395946	28.072871	-1.232634	18.816743	
218	22.409629	42.086554	25.998365	45.675291	24.215748	44.265126	4.612535	24.289461	8.201273	27.878198	-1.509892	18.539485	
219	22.601012	42.277937	26.017720	45.694646	24.253646	44.303024	4.593180	24.270106	8.009889	27.686815	-1.782177	18.267200	
220	22.788962	42.465887	26.036709	45.713635	24.290851	44.340229	4.574192	24.251117	7.821939	27.498865	-2.049323	18.000055	
221	22.973340	42.650265	26.055319	45.732245	24.327340	44.376717	4.555581	24.232507	7.637562	27.314487	-2.311166	17.738212	
222	23.154012	42.830937	26.073540	45.750466	24.363087	44.412464	4.537360	24.214286	7.456890	27.133815	-2.567546	17.481831	
223	23.330849	43.007774	26.091361	45.768287	24.398068	44.447446	4.519540	24.196465	7.280052	26.956978	-2.818307	17.231071	
224	23.503727	43.180652	26.108770	45.785696	24.432262	44.481639	4.502130	24.179056	7.107175	26.784100	-3.063295	16.986082	
225	23.672524	43.349449	26.125758	45.802684	24.465644	44.515022	4.485142	24.162068	6.938377	26.615303	-3.302361	16.747016	
226	23.837125	43.514051	26.142314	45.819240	24.498194	44.547572	4.468586	24.145512	6.773776	26.450702	-3.535360	16.514018	
227	23.997418	43.674343	26.158428	45.835354	24.529890	44.579267	4.452472	24.129398	6.613484	26.290409	-3.762148	16.287229	
228	24.153293	43.830219	26.174091	45.851017	24.560711	44.610088	4.436810	24.113736	6.457608	26.134534	-3.982588	16.066789	
229	24.304647	43.981572	26.189292	45.866218	24.590636	44.640014	4.421608	24.098534	6.306255	25.983180	-4.196545	15.852832	
230	24.451377	44.128303	26.204023	45.880949	24.619647	44.669025	4.406878	24.083804	6.159524	25.836449	-4.403889	15.645488	
231	24.593388	44.270313	26.218274	45.895200	24.647725	44.697102	4.392626	24.069552	6.017513	25.694439	-4.604494	15.444883	
232	24.730585	44.407510	26.232038	45.908964	24.674850	44.724228	4.378862	24.055788	5.880317	25.557242	-4.798237	15.251140	
233	24.862878	44.539803	26.245306	45.922232	24.701006	44.750384	4.365595	24.042521	5.748023	25.424949	-4.985001	15.064376	
234	24.990181	44.667106	26.258069	45.934995	24.726176	44.775554	4.352831	24.029757	5.620720	25.297646	-5.164672	14.884706	
235	25.112411	44.789336	26.270321	45.947246	24.750344	44.799721	4.340580	24.017506	5.498491	25.175416	-5.337140	14.712238	
236	25.229489	44.906414	26.282053	45.958979	24.773493	44.822870	4.328848	24.005774	5.381413	25.058338	-5.502300	14.547077	
237	25.341338	45.018264	26.293258	45.970184	24.795609	44.844987	4.317642	23.994568	5.269563	24.946488	-5.660053	14.389325	
238	25.447888	45.124814	26.303931	45.980857	24.816678	44.866055	4.306970	23.983896	5.163013	24.839938	-5.810301	14.239076	
239	25.549070	45.225995	26.314063	45.990989	24.836685	44.886063	4.296837	23.973763	5.061832	24.738757	-5.952954	14.096423	
240	25.644818	45.321744	26.323650	46.000576	24.855619	44.904997	4.287250	23.964176	4.966083	24.643009	-6.087926	13.961452	
241	25.735072	45.411998	26.332686	46.009612	24.873467	44.922845	4.278215	23.955141	4.875829	24.552755	-6.215133	13.834245	
242	25.819774	45.496699	26.341164	46.018090	24.890218	44.939595	4.269736	23.946662	4.791127	24.468053	-6.334498	13.714879	
243	25.898870	45.575795	26.349080	46.026006	24.905860	44.955237	4.261820	23.938746	4.712031	24.388957	-6.445950	13.603428	
244	25.972310	45.649235	26.356429	46.033355	24.920384	44.969761	4.254471	23.931397	4.638592	24.315517	-6.549420	13.499958	
245	26.040046	45.716972	26.363207	46.040133	24.933780	44.983158	4.247694	23.924620	4.570855	24.247781	-6.644845	13.404532	
246	26.102037	45.778963	26.369409	46.046335	24.946041	44.995418	4.241492	23.918418	4.508864	24.185790	-6.732168	13.317210	
247	26.158243	45.835168	26.375031	46.051957	24.957157	45.006535	4.235869	23.912795	4.452659	24.129584	-6.811335	13.238043	
248	26.208628	45.885553	26.380071	46.056997	24.967123	45.016500	4.230829	23.907755	4.402274	24.079199	-6.882298	13.167079	
249	26.253160	45.930086	26.384526	46.061452	24.975931	45.025308	4.226375	23.903300	4.357741	24.034666	-6.945015	13.104363	
250	26.291812	45.968738	26.388392	46.065318	24.983576	45.032954	4.222509	23.899435	4.319089	23.996015	-6.999446	13.049931	
251	26.324559	46.001484	26.391667	46.068593	24.990053	45.039431	4.219234	23.896160	4.286343	23.963268	-7.045560	13.003818	
252	26.351380	46.028305	26.394349	46.071275	24.995358	45.044736	4.216551	23.893477	4.259522	23.936447	-7.083327	12.966050	
253	26.372258	46.049183	26.396437	46.073363	24.999488	45.048866	4.214463	23.891389	4.238643	23.915569	-7.112726	12.936652	
254	26.387181	46.064106	26.397929	46.074855	25.002440	45.051817	4.212971	23.889897	4.223721	23.900646	-7.133737	12.915640	
255	26.396138	46.073063	26.398825	46.075751	25.004212	45.053589	4.212075	23.889001	4.214764	23.891689	-7.146350	12.903028	
256	26.399124	46.076050	26.399124	46.076050	25.004802	45.054180	4.211777	23.888703	4.211777	23.888703	-7.150554	12.898823	
257	26.393912	46.070837	26.397766	46.074692	25.003620	45.052998	4.213135	23.890060	4.216989	23.893915	-7.142145	12.907232	
258	26.378282	46.055207	26.393690	46.070616	25.000069	45.049446	4.217211	23.894136	4.232619	23.909545	-7.116929	12.932448	
259	26.352254	46.029179	26.386889	46.063815	24.994130	45.043508	4.224012	23.900938	4.258647	23.935573	-7.074941	12.974436	
260	26.315862	45.992787	26.377349	46.054275	24.985776	45.035154	4.233552	23.910478	4.295039	23.971965	-7.016240	13.033138	
261	26.269153	45.946078	26.365053	46.041978	24.974967	45.024344	4.245848	23.922774	4.341748	24.018674	-6.940906	13.108471	
262	26.212186	45.889112	26.349977	46.026903	24.961651	45.011029	4.260924	23.937849	4.398715	24.075640	-6.849045	13.200332	
263	26.145036	45.821962	26.332095	46.009021	24.945768	44.995145	4.278806	23.955731	4.465865	24.142790	-6.740784	13.308594	
264	26.067788	45.744714	26.311374	45.988300	24.927243	44.976620	4.299527	23.976453	4.543112	24.220038	-6.616272	13.433106	
265	25.980543	45.657468	26.287777	45.964702	24.905993	44.955371	4.323124	24.000050	4.630358	24.307284	-6.475681	13.573696	
266	25.883410	45.560336	26.261262	45.938188	24.881926	44.931304	4.349639	24.026564	4.727491	24.404416	-6.319206	13.730171	
267	25.776516	45.453441	26.231784	45.908710	24.854938	44.904316	4.379117	24.056042	4.834385	24.511311	-6.147062	13.902315	
268	25.659996	45.336922	26.199293	45.876219	24.824916	44.874294	4.411608	24.088533	4.950905	24.627831	-5.959486	14.089892	
269	25.534000	45.210925	26.163736	45.840661	24.791738	44.841116	4.447165	24.124091	5.076901	24.753827	-5.756735	14.292642	
270	25.398687	45.075613	26.125054	45.801980	24.755273	44.804651	4.485847	24.162773	5.212214	24.889139	-5.539088	14.510289	
271	25.254231	44.931157	26.083187	45.760113	24.715383	44.764760	4.527713	24.204639	5.356670	25.033595	-5.306842	14.742536	
272	25.100814	44.777740	26.038073	45.714998	24.671920	44.721297	4.572828	24.249754	5.510087	25.187012	-5.060313	14.989065	
273	24.938631	44.615557	25.989642	45.666568	24.624731	44.674108	4.621258	24.298184	5.672270	25.349195	-4.799837	15.249541	
274	24.767887	44.444812	25.937828	45.614754	24.573655	44.623032	4.673073	24.349998	5.843014	25.519940	-4.525767	15.523611	
275	24.588796	44.265722	25.882558	45.559484	24.518526	44.567903	4.728343	24.405268	6.022105	25.699031	-4.238474	15.810904	
276	24.401584	44.078510	25.823759	45.500685	24.459172	44.508549	4.787141	24.464067	6.209317	25.886242	-3.938345	16.111033	
277	24.206486	43.883412	25.761357	45.438283	24.395415	44.444793	4.849544	24.526469	6.404415	26.081340	-3.625784	16.423594	
278	24.003746	43.680672	25.695276	45.372202	24.327076	44.376454	4.915625	24.592550	6.607155	26.284081	-3.301208	16.748169	
279	23.793616	43.470542	25.625440	45.302365	24.253970	44.303347	4.985461	24.662387	6.817285	26.494210	-2.965052	17.084325	
280	23.576358	43.253284	25.551771	45.228697	24.175910	44.225287	5.059130	24.736055	7.034543	26.711468	-2.617763	17.431615	
281	23.352242	43.029167	25.474194	45.151120	24.092708	44.142085	5.136707	24.813632	7.258659	26.935585	-2.259799	17.789579	
282	23.121543	42.798469	25.392632	45.069558	24.004173	44.053550	5.218268	24.895194	7.489357	27.166283	-1.891633	18.157745	
283	22.884548	42.561474	25.307012	44.983937	23.910115	43.959493	5.303889	24.980815	7.726353	27.403278	-1.513748	18.535629	
284	22.641547	42.318473	25.217258	44.894184	23.810346	43.859723	5.393643	25.070568	7.969353	27.646279	-1.126639	18.922738	
285	22.392839	42.069765	25.123302	44.800227	23.704676	43.754053	5.487599	25.164525	8.218062	27.894987	-0.730810	19.318567	
286	22.138728	41.815654	25.025073	44.701999	23.592920	43.642297	5.585828	25.262753	8.472173	28.149098	-0.326774	19.722603	
287	21.879525	41.556450	24.922508	44.599434	23.474895	43.524272	5.688393	25.365319	8.731376	28.408302	0.084947	20.134325	
288	21.615545	41.292470	24.815545	44.492470	23.350422	43.399800	5.795356	25.472282	8.995356	28.672282	0.503826	20.553203	
289	21.347110	41.024036	24.704127	44.381053	23.219330	43.268707	5.906774	25.583700	9.263791	28.940716	0.929324	20.978702	
290	21.074548	40.751474	24.588203	44.265129	23.081449	43.130827	6.022698	25.699623	9.536352	29.213278	1.360901	21.410279	
291	20.798191	40.475117	24.467729	44.144654	22.936622	42.986000	6.143172	25.820098	9.812710	29.489635	1.798009	21.847386	
292	20.518376	40.195302	24.342665	44.019591	22.784697	42.834074	6.268236	25.945161	10.092525	29.769450	2.240093	22.289471	
293	20.235446	39.912371	24.212982	43.889908	22.625532	42.674909	6.397919	26.074844	10.375455	30.052381	2.686597	22.735975	
294	19.949748	39.626674	24.078659	43.755585	22.458998	42.508375	6.532242	26.209168	10.661153	30.338078	3.136958	23.186336	
295	19.661637	39.338562	23.939684	43.616610	22.284977	42.334355	6.671217	26.348142	10.949264	30.626190	3.590610	23.639987	
296	19.371472	39.048398	23.796059	43.472985	22.103367	42.152745	6.814842	26.491767	11.239429	30.916354	4.046982	24.096359	
297	19.079622	38.756547	23.647798	43.324724	21.914081	41.963458	6.963103	26.640028	11.531279	31.208205	4.505498	24.554875	
298	18.786461	38.463387	23.494931	43.171856	21.717051	41.766428	7.115970	26.792896	11.824440	31.501366	4.965578	25.014955	
299	18.492376	38.169301	23.337505	43.014430	21.512230	41.561607	7.273396	26.950322	12.118525	31.795451	5.426635	25.476012	
300	18.197764	37.874690	23.175589	42.852514	21.299596	41.348973	7.435312	27.112238	12.413137	32.090063	5.888074	25.937451	
301	17.903039	37.579964	23.009276	42.686202	21.079155	41.128532	7.601625	27.278550	12.707862	32.384788	6.349289	26.398667	
302	17.608632	37.285558	22.838690	42.515616	20.850945	40.900323	7.772210	27.449136	13.002269	32.679195	6.809663	26.859040	
303	17.315001	36.991926	22.663989	42.340915	20.615046	40.664423	7.946911	27.623837	13.295900	32.972826	7.268556	27.317933	
304	17.022633	36.699559	22.485375	42.162301	20.371583	40.420960	8.125526	27.802451	13.588268	33.265193	7.725306	27.774684	
305	16.732060	36.408985	22.303103	41.980029	20.120740	40.170117	8.307798	27.984723	13.878841	33.555767	8.179215	28.228593	
306	16.443864	36.120790	22.117498	41.794423	19.862774	39.912152	8.493403	28.170329	14.167037	33.843962	8.629537	28.678914	
307	16.158705	35.835631	21.928969	41.605895	19.598037	39.647415	8.681932	28.358857	14.452196	34.129121	9.075456	29.124833	
308	15.877338	35.554264	21.738041	41.414967	19.327003	39.376380	8.872860	28.549786	14.733563	34.410488	9.516063	29.565441	
309	15.600654	35.277580	21.545386	41.222311	19.050308	39.099685	9.065515	28.742441	15.010247	34.687172	9.950312	29.999689	
310	15.329727	35.006653	21.351875	41.028801	18.768817	38.818195	9.259026	28.935951	15.281174	34.958099	10.376959	30.426336	
311	15.065888	34.742813	21.158653	40.835579	18.483713	38.533091	9.452248	29.129173	15.545013	35.221939	10.794470	30.843848	
312	14.810822	34.487748	20.967236	40.644162	18.196643	38.246020	9.643664	29.320590	15.800079	35.477005	11.200883	31.250260	
313	14.566716	34.243642	20.779657	40.456583	17.909937	37.959314	9.831244	29.508169	16.044185	35.721110	11.593576	31.642953	
314	14.336452	34.013377	20.598661	40.275586	17.626970	37.676347	10.012240	29.689166	16.274449	35.951375	11.968920	32.018298	
315	14.123857	33.800783	20.427957	40.104883	17.352719	37.402096	10.182944	29.859869	16.487044	36.163969	12.321717	32.371095	
316	13.933993	33.610919	20.272506	39.949432	17.094615	37.143993	10.338395	30.015321	16.676908	36.353833	12.644344	32.693722	
317	13.773347	33.450273	20.138712	39.815638	16.863702	36.913079	10.472189	30.149114	16.837554	36.514479	12.925605	32.974983	
318	13.649682	33.326607	20.034273	39.711199	16.675658	36.725036	10.576628	30.253554	16.961219	36.638145	13.149698	33.199075	
319	13.571094	33.248020	19.967240	39.644165	16.550141	36.599518	10.643661	30.320587	17.039807	36.716732	13.296880	33.346258	
320	13.544058	30.343769	19.944058	36.743769	16.505650	36.555027	17.066843	33.220983	17.066843	39.620983	13.348598	33.397975	
321	10.643661	30.320587	17.039807	36.716732	13.296880	33.346258	13.571094	33.248020	19.967240	39.644165	16.550141	36.599518	
322	10.576628	30.253554	16.961219	36.638145	13.149698	33.199075	13.649682	33.326607	20.034273	39.711199	16.675658	36.725036	
323	10.472189	30.149114	16.837554	36.514479	12.925605	32.974983	13.773347	33.450273	20.138712	39.815638	16.863702	36.913079	
324	10.338395	30.015321	16.676908	36.353833	12.644344	32.693722	13.933993	33.610919	20.272506	39.949432	17.094615	37.143993	
325	10.182944	29.859869	16.487044	36.163969	12.321717	32.371095	14.123857	33.800783	20.427957	40.104883	17.352719	37.402096	
326	10.012240	29.689166	16.274449	35.951375	11.968920	32.018298	14.336452	34.013377	20.598661	40.275586	17.626970	37.676347	
327	9.831244	29.508169	16.044185	35.721110	11.593576	31.642953	14.566716	34.243642	20.779657	40.456583	17.909937	37.959314	
328	9.643664	29.320590	15.800079	35.477005	11.200883	31.250260	14.810822	34.487748	20.967236	40.644162	18.196643	38.246020	
329	9.452248	29.129173	15.545013	35.221939	10.794470	30.843848	15.065888	34.742813	21.158653	40.835579	18.483713	38.533091	
330	9.259026	28.935951	15.281174	34.958099	10.376959	30.426336	15.329727	35.006653	21.351875	41.028801	18.768817	38.818195	
331	9.065515	28.742441	15.010247	34.687172	9.950312	29.999689	15.600654	35.277580	21.545386	41.222311	19.050308	39.099685	
332	8.872860	28.549786	14.733563	34.410488	9.516063	29.565441	15.877338	35.554264	21.738041	41.414967	19.327003	39.376380	
333	8.681932	28.358857	14.452196	34.129121	9.075456	29.124833	16.158705	35.835631	21.928969	41.605895	19.598037	39.647415	
334	8.493403	28.170329	14.167037	33.843962	8.629537	28.678914	16.443864	36.120790	22.117498	41.794423	19.862774	39.912152	
335	8.307798	27.984723	13.878841	33.555767	8.179215	28.228593	16.732060	36.408985	22.303103	41.980029	20.120740	40.170117	
336	8.125526	27.802451	13.588268	33.265193	7.725306	27.774684	17.022633	36.699559	22.485375	42.162301	20.371583	40.420960	
337	7.946911	27.623837	13.295900	32.972826	7.268556	27.317933	17.315001	36.991926	22.663989	42.340915	20.615046	40.664423	
338	7.772210	27.449136	13.002269	32.679195	6.809663	26.859040	17.608632	37.285558	22.838690	42.515616	20.850945	40.900323	
339	7.601625	27.278550	12.707862	32.384788	6.349289	26.398667	17.903039	37.579964	23.009276	42.686202	21.079155	41.128532	
340	7.435312	27.112238	12.413137	32.090063	5.888074	25.937451	18.197764	37.874690	23.175589	42.852514	21.299596	41.348973	
341	7.273396	26.950322	12.118525	31.795451	5.426635	25.476012	18.492376	38.169301	23.337505	43.014430	21.512230	41.561607	
342	7.115970	26.792896	11.824440	31.501366	4.965578	25.014955	18.786461	38.463387	23.494931	43.171856	21.717051	41.766428	
343	6.963103	26.640028	11.531279	31.208205	4.505498	24.554875	19.079622	38.756547	23.647798	43.324724	21.914081	41.963458	
344	6.814842	26.491767	11.239429	30.916354	4.046982	24.096359	19.371472	39.048398	23.796059	43.472985	22.103367	42.152745	
345	6.671217	26.348142	10.949264	30.626190	3.590610	23.639987	19.661637	39.338562	23.939684	43.616610	22.284977	42.334355	
346	6.532242	26.209168	10.661153	30.338078	3.136958	23.186336	19.949748	39.626674	24.078659	43.755585	22.458998	42.508375	
347	6.397919	26.074844	10.375455	30.052381	2.686597	22.735975	20.235446	39.912371	24.212982	43.889908	22.625532	42.674909	
348	6.268236	25.945161	10.092525	29.769450	2.240093	22.289471	20.518376	40.195302	24.342665	44.019591	22.784697	42.834074	
349	6.143172	25.820098	9.812710	29.489635	1.798009	21.847386	20.798191	40.475117	24.467729	44.144654	22.936622	42.986000	
350	6.022698	25.699623	9.536352	29.213278	1.360901	21.410279	21.074548	40.751474	24.588203	44.265129	23.081449	43.130827	
351	5.906774	25.583700	9.263791	28.940716	0.929324	20.978702	21.347110	41.024036	24.704127	44.381053	23.219330	43.268707	
352	5.795356	25.472282	8.995356	28.672282	0.503826	20.553203	21.615545	41.292470	24.815545	44.492470	23.350422	43.399800	
353	5.688393	25.365319	8.731376	28.408302	0.084947	20.134325	21.879525	41.556450	24.922508	44.599434	23.474895	43.524272	
354	5.585828	25.262753	8.472173	28.149098	-0.326774	19.722603	22.138728	41.815654	25.025073	44.701999	23.592920	43.642297	
355	5.487599	25.164525	8.218062	27.894987	-0.730810	19.318567	22.392839	42.069765	25.123302	44.800227	23.704676	43.754053	
356	5.393643	25.070568	7.969353	27.646279	-1.126639	18.922738	22.641547	42.318473	25.217258	44.894184	23.810346	43.859723	
357	5.303889	24.980815	7.726353	27.403278	-1.513748	18.535629	22.884548	42.561474	25.307012	44.983937	23.910115	43.959493	
358	5.218268	24.895194	7.489357	27.166283	-1.891633	18.157745	23.121543	42.798469	25.392632	45.069558	24.004173	44.053550	
359	5.136707	24.813632	7.258659	26.935585	-2.259799	17.789579	23.352242	43.029167	25.474194	45.151120	24.092708	44.142085	
360	5.059130	24.736055	7.034543	26.711468	-2.617763	17.431615	23.576358	43.253284	25.551771	45.228697	24.175910	44.225287	
361	4.985461	24.662387	6.817285	26.494210	-2.965052	17.084325	23.793616	43.470542	25.625440	45.302365	24.253970	44.303347	
362	4.915625	24.592550	6.607155	26.284081	-3.301208	16.748169	24.003746	43.680672	25.695276	45.372202	24.327076	44.376454	
363	4.849544	24.526469	6.404415	26.081340	-3.625784	16.423594	24.206486	43.883412	25.761357	45.438283	24.395415	44.444793	
364	4.787141	24.464067	6.209317	25.886242	-3.938345	16.111033	24.401584	44.078510	25.823759	45.500685	24.459172	44.508549	
365	4.728343	24.405268	6.022105	25.699031	-4.238474	15.810904	24.588796	44.265722	25.882558	45.559484	24.518526	44.567903	
366	4.673073	24.349998	5.843014	25.519940	-4.525767	15.523611	24.767887	44.444812	25.937828	45.614754	24.573655	44.623032	
367	4.621258	24.298184	5.672270	25.349195	-4.799837	15.249541	24.938631	44.615557	25.989642	45.666568	24.624731	44.674108	
368	4.572828	24.249754	5.510087	25.187012	-5.060313	14.989065	25.100814	44.777740	26.038073	45.714998	24.671920	44.721297	
369	4.527713	24.204639	5.356670	25.033595	-5.306842	14.742536	25.254231	44.931157	26.083187	45.760113	24.715383	44.764760	
370	4.485847	24.162773	5.212214	24.889139	-5.539088	14.510289	25.398687	45.075613	26.125054	45.801980	24.755273	44.804651	
371	4.447165	24.124091	5.076901	24.753827	-5.756735	14.292642	25.534000	45.210925	26.163736	45.840661	24.791738	44.841116	
372	4.411608	24.088533	4.950905	24.627831	-5.959486	14.089892	25.659996	45.336922	26.199293	45.876219	24.824916	44.874294	
373	4.379117	24.056042	4.834385	24.511311	-6.147062	13.902315	25.776516	45.453441	26.231784	45.908710	24.854938	44.904316	
374	4.349639	24.026564	4.727491	24.404416	-6.319206	13.730171	25.883410	45.560336	26.261262	45.938188	24.881926	44.931304	
375	4.323124	24.000050	4.630358	24.307284	-6.475681	13.573696	25.980543	45.657468	26.287777	45.964702	24.905993	44.955371	
376	4.299527	23.976453	4.543112	24.220038	-6.616272	13.433106	26.067788	45.744714	26.311374	45.988300	24.927243	44.976620	
377	4.278806	23.955731	4.465865	24.142790	-6.740784	13.308594	26.145036	45.821962	26.332095	46.009021	24.945768	44.995145	
378	4.260924	23.937849	4.398715	24.075640	-6.849045	13.200332	26.212186	45.889112	26.349977	46.026903	24.961651	45.011029	
379	4.245848	23.922774	4.341748	24.018674	-6.940906	13.108471	26.269153	45.946078	26.365053	46.041978	24.974967	45.024344	
380	4.233552	23.910478	4.295039	23.971965	-7.016240	13.033138	26.315862	45.992787	26.377349	46.054275	24.985776	45.035154	
381	4.224012	23.900938	4.258647	23.935573	-7.074941	12.974436	26.352254	46.029179	26.386889	46.063815	24.994130	45.043508	
382	4.217211	23.894136	4.232619	23.909545	-7.116929	12.932448	26.378282	46.055207	26.393690	46.070616	25.000069	45.049446	
383	4.213135	23.890060	4.216989	23.893915	-7.142145	12.907232	26.393912	46.070837	26.397766	46.074692	25.003620	45.052998	
384	4.211777	23.888703	4.211777	23.888703	-7.150554	12.898823	26.399124	46.076050	26.399124	46.076050	25.004802	45.054180	
