#p	a_up	a_dn	b_up	b_dn	c_up	c_dn	NaN
0	4.953674	4.953674	4.953674	4.953674	-6.431152	-6.431152	
1	4.953975	4.953975	4.956686	4.956686	-6.426936	-6.426936	
2	4.954879	4.954879	4.965720	4.965720	-6.414289	-6.414289	
3	4.956384	4.956384	4.980770	4.980770	-6.393219	-6.393219	
4	4.958490	4.958490	5.001827	5.001827	-6.363739	-6.363739	
5	4.961195	4.961195	5.028879	5.028879	-6.325866	-6.325866	
6	4.964498	4.964498	5.061909	5.061909	-6.279623	-6.279623	
7	4.968397	4.968397	5.100898	5.100898	-6.225039	-6.225039	
8	4.972889	4.972889	5.145822	5.145822	-6.162146	-6.162146	
9	4.977972	4.977972	5.196653	5.196653	-6.090982	-6.090982	
10	4.983643	4.983643	5.253362	5.253362	-6.011590	-6.011590	
11	4.989898	4.989898	5.315914	5.315914	-5.924017	-5.924017	
12	4.996734	4.996734	5.384271	5.384271	-5.828317	-5.828317	
13	5.004146	5.004146	5.458393	5.458393	-5.724547	-5.724547	
14	5.012130	5.012130	5.538234	5.538234	-5.612769	-5.612769	
15	5.020682	5.020682	5.623746	5.623746	-5.493052	-5.493052	
16	5.029795	5.029795	5.714879	5.714879	-5.365466	-5.365466	
17	5.039465	5.039465	5.811577	5.811577	-5.230089	-5.230089	
18	5.049685	5.049685	5.913781	5.913781	-5.087002	-5.087002	
19	5.060450	5.060450	6.021431	6.021431	-4.936293	-4.936293	
20	5.071753	5.071753	6.134462	6.134462	-4.778050	-4.778050	
21	5.083587	5.083587	6.252804	6.252804	-4.612370	-4.612370	
22	5.095946	5.095946	6.376388	6.376388	-4.439353	-4.439353	
23	5.108821	5.108821	6.505139	6.505139	-4.259102	-4.259102	
24	5.122205	5.122205	6.638978	6.638978	-4.071727	-4.071727	
25	5.136090	5.136090	6.777826	6.777826	-3.877340	-3.877340	
26	5.150467	5.150467	6.921599	6.921599	-3.676058	-3.676058	
27	5.165328	5.165328	7.070210	7.070210	-3.468002	-3.468002	
28	5.180664	5.180664	7.223570	7.223570	-3.253299	-3.253299	
29	5.196465	5.196465	7.381586	7.381586	-3.032076	-3.032076	
30	5.212723	5.212723	7.544163	7.544163	-2.804468	-2.804468	
31	5.229427	5.229427	7.711203	7.711203	-2.570612	-2.570612	
32	5.246568	5.246568	7.882607	7.882607	-2.330647	-2.330647	
33	5.264134	5.264134	8.058269	8.058269	-2.084720	-2.084720	
34	5.282115	5.282115	8.238085	8.238085	-1.832978	-1.832978	
35	5.300501	5.300501	8.421946	8.421946	-1.575572	-1.575572	
36	5.319281	5.319281	8.609741	8.609741	-1.312658	-1.312658	
37	5.338443	5.338443	8.801358	8.801358	-1.044395	-1.044395	
38	5.357975	5.357975	8.996681	8.996681	-0.770943	-0.770943	
39	5.377866	5.377866	9.195592	9.195592	-0.492467	-0.492467	
40	5.398104	5.398104	9.397972	9.397972	-0.209136	-0.209136	
41	5.418677	5.418677	9.603698	9.603698	0.078881	0.078881	
42	5.439572	5.439572	9.812647	9.812647	0.371409	0.371409	
43	5.460776	5.460776	10.024692	10.024692	0.668273	0.668273	
44	5.482278	5.482278	10.239707	10.239707	0.969293	0.969293	
45	5.504063	5.504063	10.457561	10.457561	1.274289	1.274289	
46	5.526119	5.526119	10.678123	10.678123	1.583076	1.583076	
47	5.548433	5.548433	10.901261	10.901261	1.895469	1.895469	
48	5.570991	5.570991	11.126840	11.126840	2.211280	2.211280	
49	5.593779	5.593779	11.354724	11.354724	2.530317	2.530317	
50	5.616784	5.616784	11.584776	11.584776	2.852390	2.852390	
51	5.639993	5.639993	11.816857	11.816857	3.177303	3.177303	
52	5.663390	5.663390	12.050828	12.050828	3.504862	3.504862	
53	5.686962	5.686962	12.286547	12.286547	3.834869	3.834869	
54	5.710694	5.710694	12.523873	12.523873	4.167125	4.167125	
55	5.734573	5.734573	12.762662	12.762662	4.501430	4.501430	
56	5.758584	5.758584	13.002771	13.002771	4.837583	4.837583	
57	5.782712	5.782712	13.244055	13.244055	5.175381	5.175381	
58	5.806944	5.806944	13.486370	13.486370	5.514621	5.514621	
59	5.831264	5.831264	13.729568	13.729568	5.855098	5.855098	
60	5.855657	5.855657	13.973503	13.973503	6.196608	6.196608	
61	5.880110	5.880110	14.218029	14.218029	6.538944	6.538944	
62	5.904607	5.904607	14.462998	14.462998	6.881900	6.881900	
63	5.929133	5.929133	14.708262	14.708262	7.225270	7.225270	
64	5.953674	5.953674	14.953674	14.953674	7.568848	7.568848	
65	5.978216	5.978216	15.199087	15.199087	7.912425	7.912425	
66	6.002742	6.002742	15.444351	15.444351	8.255795	8.255795	
67	6.027239	6.027239	15.689320	15.689320	8.598752	8.598752	
68	6.051691	6.051691	15.933846	15.933846	8.941088	8.941088	
69	6.076085	6.076085	16.177781	16.177781	9.282597	9.282597	
70	6.100405	6.100405	16.420979	16.420979	9.623074	9.623074	
71	6.124636	6.124636	16.663293	16.663293	9.962314	9.962314	
72	6.148765	6.148765	16.904578	16.904578	10.300112	10.300112	
73	6.172776	6.172776	17.144687	17.144687	10.636265	10.636265	
74	6.196654	6.196654	17.383476	17.383476	10.970570	10.970570	
75	6.220387	6.220387	17.620802	17.620802	11.302826	11.302826	
76	6.243959	6.243959	17.856521	17.856521	11.632833	11.632833	
77	6.267356	6.267356	18.090492	18.090492	11.960392	11.960392	
78	6.290564	6.290564	18.322573	18.322573	12.285306	12.285306	
79	6.313569	6.313569	18.552625	18.552625	12.607378	12.607378	
80	6.336358	6.336358	18.780509	18.780509	12.926416	12.926416	
81	6.358916	6.358916	19.006087	19.006087	13.242226	13.242226	
82	6.381229	6.381229	19.229225	19.229225	13.554619	13.554619	
83	6.403286	6.403286	19.449788	19.449788	13.863406	13.863406	
84	6.425071	6.425071	19.667642	19.667642	14.168402	14.168402	
85	6.446573	6.446573	19.882656	19.882656	14.469422	14.469422	
86	6.467777	6.467777	20.094702	20.094702	14.766286	14.766286	
87	6.488672	6.488672	20.303651	20.303651	15.058814	15.058814	
88	6.509245	6.509245	20.509377	20.509377	15.346831	15.346831	
89	6.529483	6.529483	20.711756	20.711756	15.630162	15.630162	
90	6.549374	6.549374	20.910667	20.910667	15.908638	15.908638	
91	6.568906	6.568906	21.105990	21.105990	16.182090	16.182090	
92	6.588068	6.588068	21.297607	21.297607	16.450354	16.450354	
93	6.606847	6.606847	21.485403	21.485403	16.713267	16.713267	
94	6.625233	6.625233	21.669264	21.669264	16.970673	16.970673	
95	6.643215	6.643215	21.849080	21.849080	17.222415	17.222415	
96	6.660781	6.660781	22.024742	22.024742	17.468343	17.468343	
97	6.677921	6.677921	22.196145	22.196145	17.708307	17.708307	
98	6.694625	6.694625	22.363186	22.363186	17.942163	17.942163	
99	6.710883	6.710883	22.525763	22.525763	18.169772	18.169772	
100	6.726685	6.726685	22.683779	22.683779	18.390994	18.390994	
101	6.742021	6.742021	22.837139	22.837139	18.605698	18.605698	
102	6.756882	6.756882	22.985750	22.985750	18.813753	18.813753	
103	6.771259	6.771259	23.129522	23.129522	19.015035	19.015035	
104	6.785144	6.785144	23.268370	23.268370	19.209422	19.209422	
105	6.798528	6.798528	23.402210	23.402210	19.396798	19.396798	
106	6.811403	6.811403	23.530960	23.530960	19.577048	19.577048	
107	6.823761	6.823761	23.654544	23.654544	19.750066	19.750066	
108	6.835596	6.835596	23.772887	23.772887	19.915745	19.915745	
109	6.846899	6.846899	23.885917	23.885917	20.073988	20.073988	
110	6.857664	6.857664	23.993567	23.993567	20.224698	20.224698	
111	6.867884	6.867884	24.095772	24.095772	20.367784	20.367784	
112	6.877554	6.877554	24.192470	24.192470	20.503161	20.503161	
113	6.886667	6.886667	24.283602	24.283602	20.630747	20.630747	
114	6.895218	6.895218	24.369115	24.369115	20.750465	20.750465	
115	6.903202	6.903202	24.448956	24.448956	20.862242	20.862242	
116	6.910615	6.910615	24.523078	24.523078	20.966012	20.966012	
117	6.917450	6.917450	24.591435	24.591435	21.061713	21.061713	
118	6.923706	6.923706	24.653987	24.653987	21.149285	21.149285	
119	6.929376	6.929376	24.710696	24.710696	21.228677	21.228677	
120	6.934460	6.934460	24.761527	24.761527	21.299842	21.299842	
121	6.938952	6.938952	24.806451	24.806451	21.362735	21.362735	
122	6.942851	6.942851	24.845439	24.845439	21.417319	21.417319	
123	6.946154	6.946154	24.878470	24.878470	21.463561	21.463561	
124	6.948859	6.948859	24.905522	24.905522	21.501434	21.501434	
125	6.950965	6.950965	24.926579	24.926579	21.530914	21.530914	
126	6.952470	6.952470	24.941629	24.941629	21.551984	21.551984	
127	6.953373	6.953373	24.950663	24.950663	21.564631	21.564631	
128	6.953674	6.953674	24.953674	24.953674	21.568848	21.568848	
129	6.956686	6.956686	24.953975	24.953975	21.569450	21.569450	
130	6.965720	6.965720	24.954879	24.954879	21.571257	21.571257	
131	6.980770	6.980770	24.956384	24.956384	21.574267	21.574267	
132	7.001827	7.001827	24.958490	24.958490	21.578478	21.578478	
133	7.028879	7.028879	24.961195	24.961195	21.583889	21.583889	
134	7.061909	7.061909	24.964498	24.964498	21.590495	21.590495	
135	7.100898	7.100898	24.968397	24.968397	21.598292	21.598292	
136	7.145822	7.145822	24.972889	24.972889	21.607277	21.607277	
137	7.196653	7.196653	24.977972	24.977972	21.617443	21.617443	
138	7.253362	7.253362	24.983643	24.983643	21.628785	21.628785	
139	7.315914	7.315914	24.989898	24.989898	21.641296	21.641296	
140	7.384271	7.384271	24.996734	24.996734	21.654967	21.654967	
141	7.458393	7.458393	25.004146	25.004146	21.669791	21.669791	
142	7.538234	7.538234	25.012130	25.012130	21.685760	21.685760	
143	7.623746	7.623746	25.020682	25.020682	21.702862	21.702862	
144	7.714879	7.714879	25.029795	25.029795	21.721089	21.721089	
145	7.811577	7.811577	25.039465	25.039465	21.740428	21.740428	
146	7.913781	7.913781	25.049685	25.049685	21.760869	21.760869	
147	8.021431	8.021431	25.060450	25.060450	21.782399	21.782399	
148	8.134462	8.134462	25.071753	25.071753	21.805005	21.805005	
149	8.252804	8.252804	25.083587	25.083587	21.828674	21.828674	
150	8.376388	8.376388	25.095946	25.095946	21.853390	21.853390	
151	8.505139	8.505139	25.108821	25.108821	21.879141	21.879141	
152	8.638978	8.638978	25.122205	25.122205	21.905908	21.905908	
153	8.777826	8.777826	25.136090	25.136090	21.933678	21.933678	
154	8.921599	8.921599	25.150467	25.150467	21.962433	21.962433	
155	9.070210	9.070210	25.165328	25.165328	21.992155	21.992155	
156	9.223570	9.223570	25.180664	25.180664	22.022827	22.022827	
157	9.381586	9.381586	25.196465	25.196465	22.054430	22.054430	
158	9.544163	9.544163	25.212723	25.212723	22.086945	22.086945	
159	9.711203	9.711203	25.229427	25.229427	22.120353	22.120353	
160	9.882607	9.882607	25.246568	25.246568	22.154634	22.154634	
161	10.058269	10.058269	25.264134	25.264134	22.189767	22.189767	
162	10.238085	10.238085	25.282115	25.282115	22.225730	22.225730	
163	10.421946	10.421946	25.300501	25.300501	22.262502	22.262502	
164	10.609741	10.609741	25.319281	25.319281	22.300061	22.300061	
165	10.801358	10.801358	25.338443	25.338443	22.338384	22.338384	
166	10.996681	10.996681	25.357975	25.357975	22.377449	22.377449	
167	11.195592	11.195592	25.377866	25.377866	22.417231	22.417231	
168	11.397972	11.397972	25.398104	25.398104	22.457707	22.457707	
169	11.603698	11.603698	25.418677	25.418677	22.498852	22.498852	
170	11.812647	11.812647	25.439572	25.439572	22.540642	22.540642	
171	12.024692	12.024692	25.460776	25.460776	22.583051	22.583051	
172	12.239707	12.239707	25.482278	25.482278	22.626054	22.626054	
173	12.457561	12.457561	25.504063	25.504063	22.669625	22.669625	
174	12.678123	12.678123	25.526119	25.526119	22.713737	22.713737	
175	12.901261	12.901261	25.548433	25.548433	22.758365	22.758365	
176	13.126840	13.126840	25.570991	25.570991	22.803481	22.803481	
177	13.354724	13.354724	25.593779	25.593779	22.849058	22.849058	
178	13.584776	13.584776	25.616784	25.616784	22.895068	22.895068	
179	13.816857	13.816857	25.639993	25.639993	22.941484	22.941484	
180	14.050828	14.050828	25.663390	25.663390	22.988278	22.988278	
181	14.286547	14.286547	25.686962	25.686962	23.035422	23.035422	
182	14.523873	14.523873	25.710694	25.710694	23.082887	23.082887	
183	14.762662	14.762662	25.734573	25.734573	23.130645	23.130645	
184	15.002771	15.002771	25.758584	25.758584	23.178667	23.178667	
185	15.244055	15.244055	25.782712	25.782712	23.226924	23.226924	
186	15.486370	15.486370	25.806944	25.806944	23.275387	23.275387	
187	15.729568	15.729568	25.831264	25.831264	23.324026	23.324026	
188	15.973503	15.973503	25.855657	25.855657	23.372813	23.372813	
189	16.218029	16.218029	25.880110	25.880110	23.421719	23.421719	
190	16.462998	16.462998	25.904607	25.904607	23.470712	23.470712	
191	16.708262	16.708262	25.929133	25.929133	23.519765	23.519765	
192	16.953674	16.953674	25.953674	25.953674	23.568848	23.568848	
193	17.199087	17.199087	25.978216	25.978216	23.617930	23.617930	
194	17.444351	17.444351	26.002742	26.002742	23.666983	23.666983	
195	17.689320	17.689320	26.027239	26.027239	23.715977	23.715977	
196	17.933846	17.933846	26.051691	26.051691	23.764882	23.764882	
197	18.177781	18.177781	26.076085	26.076085	23.813669	23.813669	
198	18.420979	18.420979	26.100405	26.100405	23.862309	23.862309	
199	18.663293	18.663293	26.124636	26.124636	23.910771	23.910771	
200	18.904578	18.904578	26.148765	26.148765	23.959028	23.959028	
201	19.144687	19.144687	26.172776	26.172776	24.007050	24.007050	
202	19.383476	19.383476	26.196654	26.196654	24.054808	24.054808	
203	19.620802	19.620802	26.220387	26.220387	24.102273	24.102273	
204	19.856521	19.856521	26.243959	26.243959	24.149417	24.149417	
205	20.090492	20.090492	26.267356	26.267356	24.196211	24.196211	
206	20.322573	20.322573	26.290564	26.290564	24.242627	24.242627	
207	20.552625	20.552625	26.313569	26.313569	24.288638	24.288638	
208	20.780509	20.780509	26.336358	26.336358	24.334215	24.334215	
209	21.006087	21.006087	26.358916	26.358916	24.379330	24.379330	
210	21.229225	21.229225	26.381229	26.381229	24.423958	24.423958	
211	21.449788	21.449788	26.403286	26.403286	24.468070	24.468070	
212	21.667642	21.667642	26.425071	26.425071	24.511641	24.511641	
213	21.882656	21.882656	26.446573	26.446573	24.554644	24.554644	
214	22.094702	22.094702	26.467777	26.467777	24.597053	24.597053	
215	22.303651	22.303651	26.488672	26.488672	24.638843	24.638843	
216	22.509377	22.509377	26.509245	26.509245	24.679988	24.679988	
217	22.711756	22.711756	26.529483	26.529483	24.720464	24.720464	
218	22.910667	22.910667	26.549374	26.549374	24.760246	24.760246	
219	23.105990	23.105990	26.568906	26.568906	24.799311	24.799311	
220	23.297607	23.297607	26.588068	26.588068	24.837634	24.837634	
221	23.485403	23.485403	26.606847	26.606847	24.875193	24.875193	
222	23.669264	23.669264	26.625233	26.625233	24.911966	24.911966	
223	23.849080	23.849080	26.643215	26.643215	24.947929	24.947929	
224	24.024742	24.024742	26.660781	26.660781	24.983061	24.983061	
225	24.196145	24.196145	26.677921	26.677921	25.017342	25.017342	
226	24.363186	24.363186	26.694625	26.694625	25.050750	25.050750	
227	24.525763	24.525763	26.710883	26.710883	25.083265	25.083265	
228	24.683779	24.683779	26.726685	26.726685	25.114869	25.114869	
229	24.837139	24.837139	26.742021	26.742021	25.145541	25.145541	
230	24.985750	24.985750	26.756882	26.756882	25.175263	25.175263	
231	25.129522	25.129522	26.771259	26.771259	25.204017	25.204017	
232	25.268370	25.268370	26.785144	26.785144	25.231787	25.231787	
233	25.402210	25.402210	26.798528	26.798528	25.258555	25.258555	
234	25.530960	25.530960	26.811403	26.811403	25.284305	25.284305	
235	25.654544	25.654544	26.823761	26.823761	25.309022	25.309022	
236	25.772887	25.772887	26.835596	26.835596	25.332690	25.332690	
237	25.885917	25.885917	26.846899	26.846899	25.355296	25.355296	
238	25.993567	25.993567	26.857664	26.857664	25.376826	25.376826	
239	26.095772	26.095772	26.867884	26.867884	25.397267	25.397267	
240	26.192470	26.192470	26.877554	26.877554	25.416607	25.416607	
241	26.283602	26.283602	26.886667	26.886667	25.434833	25.434833	
242	26.369115	26.369115	26.895218	26.895218	25.451936	25.451936	
243	26.448956	26.448956	26.903202	26.903202	25.467904	25.467904	
244	26.523078	26.523078	26.910615	26.910615	25.482728	25.482728	
245	26.591435	26.591435	26.917450	26.917450	25.496400	25.496400	
246	26.653987	26.653987	26.923706	26.923706	25.508910	25.508910	
247	26.710696	26.710696	26.929376	26.929376	25.520252	25.520252	
248	26.761527	26.761527	26.934460	26.934460	25.530418	25.530418	
249	26.806451	26.806451	26.938952	26.938952	25.539403	25.539403	
250	26.845439	26.845439	26.942851	26.942851	25.547201	25.547201	
251	26.878470	26.878470	26.946154	26.946154	25.553807	25.553807	
252	26.905522	26.905522	26.948859	26.948859	25.559217	25.559217	
253	26.926579	26.926579	26.950965	26.950965	25.563429	25.563429	
254	26.941629	26.941629	26.952470	26.952470	25.566439	25.566439	
255	26.950663	26.950663	26.953373	26.953373	25.568245	25.568245	
256	26.953674	26.953674	26.953674	26.953674	25.568848	25.568848	
257	26.948434	26.948434	26.952289	26.952289	25.567642	25.567642	
258	26.932720	26.932720	26.948129	26.948129	25.564021	25.564021	
259	26.906552	26.906552	26.941187	26.941187	25.557965	25.557965	
260	26.869963	26.869963	26.931450	26.931450	25.549447	25.549447	
261	26.822999	26.822999	26.918899	26.918899	25.538426	25.538426	
262	26.765720	26.765720	26.903511	26.903511	25.524851	25.524851	
263	26.698199	26.698199	26.885258	26.885258	25.508658	25.508658	
264	26.620520	26.620520	26.864105	26.864105	25.489774	25.489774	
265	26.532781	26.532781	26.840015	26.840015	25.468114	25.468114	
266	26.435092	26.435092	26.812944	26.812944	25.443584	25.443584	
267	26.327577	26.327577	26.782845	26.782845	25.416079	25.416079	
268	26.210369	26.210369	26.749667	26.749667	25.385484	25.385484	
269	26.083616	26.083616	26.713352	26.713352	25.351676	25.351676	
270	25.947476	25.947476	26.673842	26.673842	25.314521	25.314521	
271	25.802117	25.802117	26.631073	26.631073	25.273879	25.273879	
272	25.647720	25.647720	26.584978	26.584978	25.229600	25.229600	
273	25.484476	25.484476	26.535487	26.535487	25.181527	25.181527	
274	25.312586	25.312586	26.482527	26.482527	25.129496	25.129496	
275	25.132261	25.132261	26.426023	26.426023	25.073339	25.073339	
276	24.943721	24.943721	26.365896	26.365896	25.012877	25.012877	
277	24.747196	24.747196	26.302067	26.302067	24.947931	24.947931	
278	24.542924	24.542924	26.234454	26.234454	24.878315	24.878315	
279	24.331152	24.331152	26.162975	26.162975	24.803839	24.803839	
280	24.112134	24.112134	26.087547	26.087547	24.724311	24.724311	
281	23.886131	23.886131	26.008083	26.008083	24.639535	24.639535	
282	23.653413	23.653413	25.924502	25.924502	24.549314	24.549314	
283	23.414253	23.414253	25.836717	25.836717	24.453450	24.453450	
284	23.168934	23.168934	25.744645	25.744645	24.351744	24.351744	
285	22.917740	22.917740	25.648203	25.648203	24.243998	24.243998	
286	22.660964	22.660964	25.547309	25.547309	24.130014	24.130014	
287	22.398901	22.398901	25.441884	25.441884	24.009598	24.009598	
288	22.131849	22.131849	25.331849	25.331849	23.882556	23.882556	
289	21.860112	21.860112	25.217129	25.217129	23.748699	23.748699	
290	21.583995	21.583995	25.097650	25.097650	23.607842	23.607842	
291	21.303807	21.303807	24.973344	24.973344	23.459805	23.459805	
292	21.019856	21.019856	24.844145	24.844145	23.304411	23.304411	
293	20.732454	20.732454	24.709990	24.709990	23.141494	23.141494	
294	20.441911	20.441911	24.570822	24.570822	22.970891	22.970891	
295	20.148541	20.148541	24.426588	24.426588	22.792448	22.792448	
296	19.852653	19.852653	24.277240	24.277240	22.606022	22.606022	
297	19.554560	19.554560	24.122736	24.122736	22.411475	22.411475	
298	19.254570	19.254570	23.963039	23.963039	22.208682	22.208682	
299	18.952990	18.952990	23.798119	23.798119	21.997527	21.997527	
300	18.650126	18.650126	23.627951	23.627951	21.777906	21.777906	
301	18.346280	18.346280	23.452518	23.452518	21.549727	21.549727	
302	18.041751	18.041751	23.271810	23.271810	21.312909	21.312909	
303	17.736834	17.736834	23.085823	23.085823	21.067386	21.067386	
304	17.431821	17.431821	22.894563	22.894563	20.813103	20.813103	
305	17.126998	17.126998	22.698042	22.698042	20.550022	20.550022	
306	16.822646	16.822646	22.496279	22.496279	20.278117	20.278117	
307	16.519041	16.519041	22.289306	22.289306	19.997378	19.997378	
308	16.216454	16.216454	22.077157	22.077157	19.707811	19.707811	
309	15.915149	15.915149	21.859880	21.859880	19.409438	19.409438	
310	15.615382	15.615382	21.637530	21.637530	19.102294	19.102294	
311	15.317405	15.317405	21.410171	21.410171	18.786435	18.786435	
312	15.021461	15.021461	21.177875	21.177875	18.461931	18.461931	
313	14.727785	14.727785	20.940726	20.940726	18.128870	18.128870	
314	14.436605	14.436605	20.698814	20.698814	17.787356	17.787356	
315	14.148142	14.148142	20.452242	20.452242	17.437512	17.437512	
316	13.862606	13.862606	20.201119	20.201119	17.079478	17.079478	
317	13.580202	13.580202	19.945567	19.945567	16.713410	16.713410	
318	13.301123	13.301123	19.685714	19.685714	16.339485	16.339485	
319	13.025555	13.025555	19.421701	19.421701	15.957894	15.957894	
320	12.753674	12.753674	19.153674	19.153674	15.568848	15.568848	
321	12.485648	12.485648	18.881794	18.881794	15.172574	15.172574	
322	12.221634	12.221634	18.606225	18.606225	14.769319	14.769319	
323	11.961782	11.961782	18.327147	18.327147	14.359344	14.359344	
324	11.706229	11.706229	18.044742	18.044742	13.942929	13.942929	
325	11.455107	11.455107	17.759207	17.759207	13.520371	13.520371	
326	11.208535	11.208535	17.470744	17.470744	13.091981	13.091981	
327	10.966623	10.966623	17.179564	17.179564	12.658090	12.658090	
328	10.729474	10.729474	16.885888	16.885888	12.219041	12.219041	
329	10.497178	10.497178	16.589944	16.589944	11.775196	11.775196	
330	10.269818	10.269818	16.291966	16.291966	11.326929	11.326929	
331	10.047468	10.047468	15.992200	15.992200	10.874629	10.874629	
332	9.830191	9.830191	15.690894	15.690894	10.418702	10.418702	
333	9.618043	9.618043	15.388307	15.388307	9.959562	9.959562	
334	9.411069	9.411069	15.084703	15.084703	9.497641	9.497641	
335	9.209307	9.209307	14.780351	14.780351	9.033380	9.033380	
336	9.012786	9.012786	14.475527	14.475527	8.567233	8.567233	
337	8.821526	8.821526	14.170514	14.170514	8.099663	8.099663	
338	8.635539	8.635539	13.865598	13.865598	7.631146	7.631146	
339	8.454831	8.454831	13.561069	13.561069	7.162164	7.162164	
340	8.279398	8.279398	13.257223	13.257223	6.693211	6.693211	
341	8.109230	8.109230	12.954359	12.954359	6.224785	6.224785	
342	7.944309	7.944309	12.652779	12.652779	5.757394	5.757394	
343	7.784612	7.784612	12.352789	12.352789	5.291551	5.291551	
344	7.630108	7.630108	12.054695	12.054695	4.827774	4.827774	
345	7.480760	7.480760	11.758808	11.758808	4.366586	4.366586	
346	7.336526	7.336526	11.465437	11.465437	3.908513	3.908513	
347	7.197359	7.197359	11.174895	11.174895	3.454083	3.454083	
348	7.063204	7.063204	10.887493	10.887493	3.003826	3.003826	
349	6.934004	6.934004	10.603542	10.603542	2.558274	2.558274	
350	6.809698	6.809698	10.323353	10.323353	2.117956	2.117956	
351	6.690220	6.690220	10.047237	10.047237	1.683402	1.683402	
352	6.575500	6.575500	9.775500	9.775500	1.255139	1.255139	
353	6.465465	6.465465	9.508448	9.508448	0.833691	0.833691	
354	6.360039	6.360039	9.246385	9.246385	0.419578	0.419578	
355	6.259146	6.259146	8.989608	8.989608	0.013315	0.013315	
356	6.162704	6.162704	8.738415	8.738415	-0.384591	-0.384591	
357	6.070632	6.070632	8.493095	8.493095	-0.773636	-0.773636	
358	5.982847	5.982847	8.253936	8.253936	-1.153327	-1.153327	
359	5.899265	5.899265	8.021218	8.021218	-1.523179	-1.523179	
360	5.819802	5.819802	7.795215	7.795215	-1.882716	-1.882716	
361	5.744373	5.744373	7.576197	7.576197	-2.231475	-2.231475	
362	5.672894	5.672894	7.364425	7.364425	-2.569000	-2.569000	
363	5.605282	5.605282	7.160153	7.160153	-2.894852	-2.894852	
364	5.541453	5.541453	6.963628	6.963628	-3.208603	-3.208603	
365	5.481326	5.481326	6.775088	6.775088	-3.509839	-3.509839	
366	5.424821	5.424821	6.594763	6.594763	-3.798161	-3.798161	
367	5.371861	5.371861	6.422873	6.422873	-4.073185	-4.073185	
368	5.322370	5.322370	6.259629	6.259629	-4.334545	-4.334545	
369	5.276275	5.276275	6.105232	6.105232	-4.581891	-4.581891	
370	5.233506	5.233506	5.959873	5.959873	-4.814889	-4.814889	
371	5.193996	5.193996	5.823732	5.823732	-5.033226	-5.033226	
372	5.157682	5.157682	5.696979	5.696979	-5.236607	-5.236607	
373	5.124503	5.124503	5.579772	5.579772	-5.424755	-5.424755	
374	5.094405	5.094405	5.472257	5.472257	-5.597416	-5.597416	
375	5.067334	5.067334	5.374568	5.374568	-5.754354	-5.754354	
376	5.043243	5.043243	5.286829	5.286829	-5.895355	-5.895355	
377	5.022091	5.022091	5.209150	5.209150	-6.020227	-6.020227	
378	5.003837	5.003837	5.141628	5.141628	-6.128798	-6.128798	
379	4.988449	4.988449	5.084349	5.084349	-6.220919	-6.220919	
380	4.975899	4.975899	5.037386	5.037386	-6.296464	-6.296464	
381	4.966162	4.966162	5.000797	5.000797	-6.355329	-6.355329	
382	4.959220	4.959220	4.974629	4.974629	-6.397434	-6.397434	
383	4.955060	4.955060	4.958915	4.958915	-6.422720	-6.422720	
384	4.953674	4.953674	4.953674	4.953674	-6.431152	-6.431152	
