#p	a1_up	a1_dn	b1_up	b1_dn	c1_up	c1_dn	a2_up	a2_dn	b2_up	b2_dn	c2_up	c2_dn	NaN
0	36.435574	20.679839	36.435652	20.680019	25.448637	9.510741	58.558262	42.802601	58.558336	42.802629	57.543245	41.605348	
1	36.435873	20.680138	36.438647	20.683014	25.452847	9.514950	58.555267	42.799634	58.558037	42.802302	57.542650	41.604753	
2	36.436772	20.681036	36.447630	20.691998	25.465473	9.527576	58.546283	42.790650	58.557138	42.801403	57.540864	41.602967	
3	36.438268	20.682533	36.462597	20.706964	25.486507	9.548610	58.531317	42.775684	58.555642	42.799907	57.537890	41.599993	
4	36.440362	20.684627	36.483536	20.727904	25.515937	9.578041	58.510377	42.754744	58.553548	42.797813	57.533728	41.595831	
5	36.443052	20.687317	36.510437	20.754804	25.553746	9.615849	58.483477	42.727844	58.550858	42.795122	57.528382	41.590485	
6	36.446337	20.690602	36.543281	20.787648	25.599910	9.662013	58.450633	42.695000	58.547573	42.791838	57.521854	41.583958	
7	36.450214	20.694479	36.582048	20.826416	25.654401	9.716504	58.411865	42.656232	58.543696	42.787961	57.514150	41.576253	
8	36.454682	20.698946	36.626715	20.871083	25.717186	9.779289	58.367198	42.611566	58.539228	42.783493	57.505273	41.567376	
9	36.459737	20.704001	36.677254	20.921621	25.788228	9.850331	58.316660	42.561027	58.534174	42.778438	57.495229	41.557332	
10	36.465376	20.709641	36.733632	20.978000	25.867482	9.929586	58.260281	42.504649	58.528534	42.772799	57.484025	41.546128	
11	36.471596	20.715861	36.795816	21.040183	25.954903	10.017006	58.198098	42.442465	58.522314	42.766579	57.471667	41.533770	
12	36.478394	20.722658	36.863766	21.108133	26.050435	10.112538	58.130148	42.374515	58.515517	42.759781	57.458163	41.520266	
13	36.485764	20.730029	36.937439	21.181807	26.154022	10.216125	58.056474	42.300841	58.508146	42.752411	57.443522	41.505625	
14	36.493704	20.737968	37.016791	21.261159	26.265601	10.327704	57.977122	42.221490	58.500206	42.744471	57.427753	41.489856	
15	36.502207	20.746472	37.101771	21.346139	26.385104	10.447207	57.892142	42.136510	58.491703	42.735968	57.410865	41.472968	
16	36.511269	20.755534	37.192327	21.436694	26.512458	10.574562	57.801587	42.045954	58.482641	42.726906	57.392870	41.454973	
17	36.520884	20.765149	37.288401	21.532768	26.647588	10.709691	57.705512	41.949880	58.473026	42.717291	57.373778	41.435881	
18	36.531047	20.775312	37.389934	21.634301	26.790410	10.852513	57.603980	41.848347	58.462863	42.707128	57.353601	41.415704	
19	36.541751	20.786016	37.496861	21.741228	26.940838	11.002941	57.497053	41.741420	58.452159	42.696424	57.332353	41.394456	
20	36.552990	20.797255	37.609115	21.853483	27.098781	11.160885	57.384798	41.629165	58.440920	42.685185	57.310046	41.372149	
21	36.564757	20.809022	37.726627	21.970994	27.264144	11.326247	57.267286	41.511654	58.429153	42.673418	57.286694	41.348798	
22	36.577045	20.821310	37.849321	22.093688	27.436826	11.498929	57.144592	41.388960	58.416865	42.661129	57.262313	41.324416	
23	36.589847	20.834112	37.977120	22.221487	27.616723	11.678826	57.016794	41.261161	58.404063	42.648328	57.236917	41.299020	
24	36.603155	20.847419	38.109943	22.354310	27.803725	11.865828	56.883971	41.128338	58.390756	42.635020	57.210522	41.272626	
25	36.616960	20.861225	38.247705	22.492072	27.997719	12.059822	56.746208	40.990576	58.376950	42.621215	57.183146	41.245249	
26	36.631254	20.875519	38.390319	22.634686	28.198587	12.260691	56.603594	40.847962	58.362656	42.606920	57.154805	41.216908	
27	36.646030	20.890295	38.537693	22.782060	28.406209	12.468312	56.456220	40.700588	58.347880	42.592145	57.125517	41.187620	
28	36.661277	20.905542	38.689733	22.934100	28.620456	12.682560	56.304181	40.548548	58.332633	42.576897	57.095300	41.157404	
29	36.676987	20.921252	38.846340	23.090707	28.841201	12.903304	56.147573	40.391941	58.316923	42.561187	57.064175	41.126278	
30	36.693151	20.937416	39.007413	23.251781	29.068309	13.130412	55.986500	40.230867	58.300759	42.545024	57.032160	41.094263	
31	36.709757	20.954022	39.172848	23.417215	29.301641	13.363744	55.821066	40.065433	58.284153	42.528417	56.999276	41.061380	
32	36.726798	20.971062	39.342534	23.586902	29.541057	13.603160	55.651379	39.895746	58.267112	42.511377	56.965544	41.027647	
33	36.744261	20.988526	39.516362	23.760729	29.786411	13.848514	55.477552	39.721919	58.249649	42.493914	56.930985	40.993088	
34	36.762137	21.006401	39.694214	23.938582	30.037553	14.099657	55.299699	39.544067	58.231773	42.476038	56.895621	40.957725	
35	36.780414	21.024679	39.875972	24.120340	30.294333	14.356436	55.117941	39.362308	58.213496	42.457761	56.859476	40.921579	
36	36.799083	21.043347	40.061513	24.305881	30.556592	14.618696	54.932400	39.176767	58.194828	42.439092	56.822571	40.884674	
37	36.818130	21.062395	40.250710	24.495077	30.824173	14.886276	54.743203	38.987571	58.175780	42.420045	56.784930	40.847034	
38	36.837546	21.081811	40.443431	24.687799	31.096912	15.159015	54.550482	38.794849	58.156364	42.400629	56.746579	40.808682	
39	36.857318	21.101583	40.639542	24.883909	31.374643	15.436746	54.354372	38.598739	58.136592	42.380857	56.707541	40.769644	
40	36.877434	21.121699	40.838901	25.083269	31.657198	15.719301	54.155012	38.399379	58.116476	42.360740	56.667842	40.729945	
41	36.897883	21.142148	41.041365	25.285732	31.944404	16.006507	53.952548	38.196916	58.096027	42.340292	56.627507	40.689610	
42	36.918651	21.162916	41.246782	25.491149	32.236087	16.298190	53.747132	37.991499	58.075259	42.319524	56.586562	40.648666	
43	36.939727	21.183992	41.454996	25.699363	32.532069	16.594172	53.538918	37.783285	58.054183	42.298448	56.545035	40.607138	
44	36.961097	21.205362	41.665843	25.910210	32.832169	16.894273	53.328071	37.572438	58.032813	42.277078	56.502952	40.565055	
45	36.982749	21.227014	41.879152	26.123520	33.136205	17.198309	53.114761	37.359129	58.011161	42.255426	56.460341	40.522444	
46	37.004669	21.248934	42.094744	26.339111	33.443991	17.506095	52.899170	37.143537	57.989241	42.233506	56.417230	40.479333	
47	37.026845	21.271110	42.312427	26.556795	33.755340	17.817443	52.681486	36.925854	57.967065	42.211330	56.373647	40.435750	
48	37.049263	21.293528	42.532000	26.776367	34.070060	18.132163	52.461914	36.706281	57.944647	42.188912	56.329621	40.391725	
49	37.071909	21.316174	42.753244	26.997611	34.387960	18.450063	52.240670	36.485037	57.922001	42.166266	56.285182	40.347285	
50	37.094770	21.339035	42.975923	27.220291	34.708845	18.770948	52.017990	36.262357	57.899140	42.143405	56.240359	40.302462	
51	37.117832	21.362097	43.199780	27.444148	35.032519	19.094622	51.794133	36.038501	57.876078	42.120342	56.195182	40.257286	
52	37.141082	21.385346	43.424527	27.668895	35.358784	19.420887	51.569386	35.813753	57.852828	42.097093	56.149682	40.211786	
53	37.164504	21.408769	43.649842	27.894209	35.687439	19.749542	51.344071	35.588439	57.829406	42.073671	56.103890	40.165994	
54	37.188085	21.432350	43.875354	28.119721	36.018283	20.080386	51.118560	35.362927	57.805825	42.050090	56.057837	40.119941	
55	37.211811	21.456076	44.100631	28.344999	36.351112	20.413215	50.893282	35.137650	57.782099	42.026364	56.011555	40.073659	
56	37.235667	21.479932	44.325160	28.569527	36.685722	20.747826	50.668754	34.913121	57.758243	42.002507	55.965076	40.027179	
57	37.259640	21.503905	44.548313	28.792680	37.021907	21.084010	50.445601	34.689968	57.734270	41.978535	55.918433	39.980536	
58	37.283714	21.527979	44.769309	29.013677	37.359459	21.421563	50.224604	34.468971	57.710196	41.954461	55.871657	39.933760	
59	37.307875	21.552140	44.987152	29.231520	37.698171	21.760274	50.006761	34.251128	57.686035	41.930300	55.824783	39.886887	
60	37.332108	21.576373	45.200536	29.444904	38.037832	22.099935	49.793377	34.037744	57.661802	41.906066	55.777845	39.839948	
61	37.356400	21.600665	45.407715	29.652082	38.378231	22.440335	49.586199	33.830566	57.637510	41.881775	55.730876	39.792980	
62	37.380735	21.624999	45.606300	29.850667	38.719159	22.781262	49.387614	33.631981	57.613176	41.857440	55.683911	39.746015	
63	37.405098	21.649363	45.792985	30.037353	39.060402	23.122505	49.200928	33.445296	57.588812	41.833077	55.636985	39.699089	
64	37.429475	21.673740	45.963181	30.207549	39.401748	23.463852	49.030732	33.275100	57.564435	41.808700	55.590134	39.652237	
65	37.453851	21.698116	46.110642	30.355009	39.742984	23.805088	48.883272	33.127639	57.540059	41.784324	55.543393	39.605496	
66	37.478212	21.722477	46.227359	30.471727	40.083897	24.146000	48.766554	33.010921	57.515698	41.759963	55.496798	39.558901	
67	37.502543	21.746808	46.304333	30.548701	40.424270	24.486374	48.689580	32.933947	57.491367	41.735632	55.450387	39.512490	
68	37.526829	21.771093	46.333831	30.578199	40.763891	24.825995	48.660082	32.904449	57.467081	41.711346	55.404197	39.466300	
69	37.551055	21.795320	48.681309	32.925677	41.102545	25.164648	46.312604	30.556972	57.442855	41.687120	55.358265	39.420369	
70	37.575207	21.819472	48.750289	32.994656	41.440016	25.502120	46.243625	30.487992	57.418703	41.662967	55.312632	39.374735	
71	37.599271	21.843536	48.859317	33.103685	41.776090	25.838193	46.134596	30.378964	57.394639	41.638904	55.267335	39.329438	
72	37.623232	21.867497	48.999183	33.243550	42.110551	26.172654	45.994730	30.239098	57.370678	41.614943	55.222415	39.284519	
73	37.647075	21.891340	49.161582	33.405950	42.443183	26.505287	45.832331	30.076699	57.346835	41.591100	55.177914	39.240017	
74	37.670786	21.915051	49.339998	33.584365	42.773773	26.835876	45.653916	29.898283	57.323124	41.567389	55.133872	39.195975	
75	37.694351	21.938616	49.529635	33.774003	43.102103	27.164207	45.464278	29.708646	57.299559	41.543823	55.090332	39.152435	
76	37.717756	21.962021	49.727045	33.971412	43.427960	27.490063	45.266869	29.511236	57.276154	41.520419	55.047339	39.109442	
77	37.740987	21.985252	49.929744	34.174112	43.751127	27.813231	45.064169	29.308536	57.252923	41.497188	55.004936	39.067039	
78	37.764029	22.008294	50.135924	34.380291	44.071390	28.133493	44.857990	29.102357	57.229881	41.474146	54.963170	39.025274	
79	37.786869	22.031133	50.344238	34.588605	44.388533	28.450636	44.649676	28.894043	57.207042	41.451306	54.922090	38.984193	
80	37.809492	22.053757	50.553664	34.798031	44.702340	28.764444	44.440249	28.684617	57.184418	41.428683	54.881743	38.943846	
81	37.831886	22.076151	50.763406	35.007774	45.012597	29.074700	44.230507	28.474874	57.162024	41.406288	54.842181	38.904284	
82	37.854038	22.098302	50.972831	35.217198	45.319087	29.381190	44.021083	28.265450	57.139873	41.384137	54.803457	38.865560	
83	37.875932	22.120197	51.181421	35.425788	45.621593	29.683697	43.812493	28.056860	57.117978	41.362243	54.765625	38.827728	
84	37.897557	22.141822	51.388746	35.633113	45.919900	29.982004	43.605168	27.849535	57.096353	41.340618	54.728743	38.790846	
85	37.918900	22.163165	51.594440	35.838807	46.213790	30.275894	43.399474	27.643841	57.075010	41.319275	54.692870	38.754974	
86	37.939947	22.184212	51.798186	36.042554	46.503045	30.565148	43.195727	27.440095	57.053963	41.298228	54.658070	38.720174	
87	37.960686	22.204951	51.999707	36.244074	46.787445	30.849549	42.994206	27.238574	57.033224	41.277489	54.624408	38.686512	
88	37.981105	22.225369	52.198753	36.443121	47.066771	31.128874	42.795160	27.039528	57.012805	41.257070	54.591954	38.654058	
89	38.001190	22.245455	52.395100	36.639468	47.340800	31.402903	42.598813	26.843181	56.992720	41.236985	54.560781	38.622884	
90	38.020931	22.265196	52.588543	36.832910	47.609308	31.671412	42.405371	26.649738	56.972979	41.217244	54.530966	38.593069	
91	38.040315	22.284580	52.778891	37.023258	47.872071	31.934174	42.215023	26.459390	56.953595	41.197860	54.502590	38.564694	
92	38.059331	22.303596	52.965968	37.210335	48.128860	32.190964	42.027945	26.272313	56.934579	41.178844	54.475741	38.537845	
93	38.077967	22.322232	53.149610	37.393977	48.379446	32.441549	41.844304	26.088671	56.915943	41.160208	54.450511	38.512614	
94	38.096212	22.340477	53.329660	37.574028	48.623595	32.685698	41.664253	25.908621	56.897698	41.141963	54.426995	38.489098	
95	38.114055	22.358320	53.505973	37.750340	48.861073	32.923176	41.487941	25.732308	56.879855	41.124120	54.405296	38.467399	
96	38.131485	22.375750	53.678407	37.922775	49.091643	33.153746	41.315506	25.559874	56.862425	41.106689	54.385521	38.447624	
97	38.148493	22.392758	53.846831	38.091199	49.315064	33.377167	41.147082	25.391449	56.845417	41.089682	54.367784	38.429887	
98	38.165067	22.409331	54.011118	38.255486	49.531096	33.593199	40.982795	25.227162	56.828843	41.073108	54.352200	38.414303	
99	38.181197	22.425462	54.171147	38.415514	49.739499	33.801602	40.822767	25.067134	56.812713	41.056978	54.338890	38.400993	
100	38.196875	22.441140	54.326801	38.571168	49.940033	34.002136	40.667112	24.911480	56.797035	41.041300	54.327975	38.390078	
101	38.212090	22.456355	54.477970	38.722337	50.132463	34.194566	40.515943	24.760311	56.781820	41.026085	54.319576	38.381680	
102	38.226834	22.471099	54.624547	38.868915	50.316561	34.378665	40.369366	24.613733	56.767076	41.011341	54.313811	38.375915	
103	38.241097	22.485362	54.766431	39.010799	50.492111	34.554214	40.227482	24.471849	56.752813	40.997078	54.310789	38.372892	
104	38.254872	22.499136	54.903525	39.147892	50.658912	34.721016	40.090389	24.334756	56.739038	40.983303	54.310605	38.372709	
105	38.268149	22.512414	55.035733	39.280101	50.816788	34.878892	39.958180	24.202548	56.725761	40.970026	54.313337	38.375440	
106	38.280921	22.525186	55.162968	39.407336	50.965593	35.027696	39.830945	24.075313	56.712989	40.957254	54.319033	38.381136	
107	38.293180	22.537445	55.285144	39.529512	51.105219	35.167322	39.708769	23.953137	56.700730	40.944994	54.327708	38.389811	
108	38.304920	22.549184	55.402180	39.646547	51.235605	35.297708	39.591734	23.836101	56.688990	40.933255	54.339333	38.401436	
109	38.316132	22.560396	55.513998	39.758365	51.356747	35.418850	39.479916	23.724283	56.677779	40.922043	54.353827	38.415931	
110	38.326810	22.571074	55.620524	39.864891	51.468701	35.530804	39.373389	23.617757	56.667100	40.911365	54.371053	38.433156	
111	38.336947	22.581212	55.721689	39.966056	51.571592	35.633695	39.272224	23.516592	56.656963	40.901227	54.390807	38.452911	
112	38.346539	22.590804	55.817426	40.061794	51.665613	35.727716	39.176487	23.420854	56.647371	40.891636	54.412824	38.474927	
113	38.355578	22.599843	55.907674	40.152042	51.751023	35.813126	39.086239	23.330607	56.638332	40.882597	54.436773	38.498876	
114	38.364060	22.608324	55.992374	40.236741	51.828144	35.890248	39.001540	23.245907	56.629851	40.874115	54.462267	38.524370	
115	38.371979	22.616243	56.071470	40.315838	51.897352	35.959455	38.922443	23.166811	56.621932	40.866196	54.488869	38.550972	
116	38.379330	22.623595	56.144913	40.389280	51.959060	36.021164	38.849001	23.093368	56.614580	40.858845	54.516106	38.578209	
117	38.386110	22.630375	56.212654	40.457021	52.013712	36.075815	38.781260	23.025627	56.607800	40.852065	54.543483	38.605586	
118	38.392314	22.636579	56.274650	40.519018	52.061762	36.123865	38.719263	22.963630	56.601596	40.845861	54.570495	38.632599	
119	38.397938	22.642203	56.330862	40.575230	52.103663	36.165766	38.663051	22.907418	56.595972	40.840237	54.596645	38.658749	
120	38.402980	22.647244	56.381254	40.625621	52.139853	36.201956	38.612659	22.857027	56.590931	40.835195	54.621453	38.683556	
121	38.407435	22.651700	56.425793	40.670160	52.170745	36.232848	38.568120	22.812488	56.586475	40.830740	54.644469	38.706572	
122	38.411302	22.655567	56.464451	40.708818	52.196718	36.258821	38.529462	22.773830	56.582608	40.826873	54.665283	38.727386	
123	38.414578	22.658842	56.497203	40.741571	52.218108	36.280211	38.496710	22.741077	56.579333	40.823597	54.683529	38.745632	
124	38.417260	22.661525	56.524029	40.768397	52.235205	36.297309	38.469884	22.714252	56.576650	40.820914	54.698894	38.760997	
125	38.419349	22.663614	56.544911	40.789279	52.248252	36.310355	38.449002	22.693369	56.574561	40.818826	54.711116	38.773220	
126	38.420841	22.665106	56.559837	40.804204	52.257435	36.319538	38.434077	22.678444	56.573069	40.817333	54.719993	38.782096	
127	38.421737	22.666002	56.568796	40.813163	52.262890	36.324993	38.425118	22.669485	56.572173	40.816438	54.725378	38.787481	
128	38.422036	22.666301	56.571783	40.816150	36.324993	36.326803	38.422131	22.666498	56.571874	40.816139	52.264700	38.789286	
129	38.425023	22.669288	56.572081	40.816449	54.725378	38.787481	38.421832	22.666199	56.568887	40.813152	52.262890	36.324993	
130	38.433982	22.678247	56.572977	40.817345	54.719993	38.782096	38.420936	22.665303	56.559928	40.804193	52.257435	36.319538	
131	38.448907	22.693172	56.574470	40.818837	54.711116	38.773220	38.419443	22.663811	56.545003	40.789268	52.248252	36.310355	
132	38.469789	22.714054	56.576558	40.820926	54.698894	38.760997	38.417355	22.661723	56.524121	40.768386	52.235205	36.297309	
133	38.496615	22.740879	56.579241	40.823609	54.683529	38.745632	38.414672	22.659040	56.497295	40.741560	52.218108	36.280211	
134	38.529367	22.773631	56.582517	40.826884	54.665283	38.727386	38.411396	22.655764	56.464543	40.708808	52.196718	36.258821	
135	38.568024	22.812289	56.586384	40.830751	54.644469	38.706572	38.407530	22.651897	56.425886	40.670151	52.170745	36.232848	
136	38.612563	22.856828	56.590839	40.835207	54.621453	38.683556	38.403074	22.647441	56.381347	40.625612	52.139853	36.201956	
137	38.662954	22.907219	56.595881	40.840248	54.596645	38.658749	38.398033	22.642400	56.330956	40.575221	52.103663	36.165766	
138	38.719165	22.963430	56.601505	40.845873	54.570495	38.632599	38.392408	22.636776	56.274745	40.519010	52.061762	36.123865	
139	38.781161	23.025426	56.607709	40.852077	54.543483	38.605586	38.386204	22.630572	56.212749	40.457014	52.013712	36.075815	
140	38.848902	23.093166	56.614489	40.858856	54.516106	38.578209	38.379424	22.623792	56.145009	40.389273	51.959060	36.021164	
141	38.922343	23.166608	56.621841	40.866208	54.488869	38.550972	38.372073	22.616440	56.071567	40.315832	51.897352	35.959455	
142	39.001439	23.245704	56.629760	40.874127	54.462267	38.524370	38.364154	22.608521	55.992471	40.236736	51.828144	35.890248	
143	39.086137	23.330402	56.638241	40.882609	54.436773	38.498876	38.355672	22.600039	55.907773	40.152038	51.751023	35.813126	
144	39.176384	23.420649	56.647281	40.891648	54.412824	38.474927	38.346633	22.591000	55.817526	40.061791	51.665613	35.727716	
145	39.272120	23.516385	56.656872	40.901240	54.390807	38.452911	38.337041	22.581409	55.721790	39.966055	51.571592	35.633695	
146	39.373284	23.617549	56.667010	40.911377	54.371053	38.433156	38.326903	22.571271	55.620626	39.864891	51.468701	35.530804	
147	39.479809	23.724074	56.677688	40.922056	54.353827	38.415931	38.316225	22.560593	55.514101	39.758366	51.356747	35.418850	
148	39.591625	23.835890	56.688900	40.933268	54.339333	38.401436	38.305013	22.549381	55.402285	39.646550	51.235605	35.297708	
149	39.708659	23.952924	56.700640	40.945007	54.327708	38.389811	38.293274	22.537641	55.285251	39.529516	51.105219	35.167322	
150	39.830833	24.075098	56.712899	40.957266	54.319033	38.381136	38.281014	22.525382	55.163077	39.407341	50.965593	35.027696	
151	39.958067	24.202331	56.725671	40.970039	54.313337	38.375440	38.268242	22.512609	55.035844	39.280108	50.816788	34.878892	
152	40.090273	24.334538	56.738949	40.983316	54.310605	38.372709	38.254965	22.499332	54.903637	39.147902	50.658912	34.721016	
153	40.227364	24.471629	56.752723	40.997091	54.310789	38.372892	38.241190	22.485557	54.766546	39.010811	50.492111	34.554214	
154	40.369246	24.613511	56.766987	41.011354	54.313811	38.375915	38.226927	22.471294	54.624664	38.868929	50.316561	34.378665	
155	40.515821	24.760086	56.781731	41.026098	54.319576	38.381680	38.212183	22.456550	54.478089	38.722354	50.132463	34.194566	
156	40.666987	24.911252	56.796946	41.041314	54.327975	38.390078	38.196967	22.441335	54.326923	38.571188	49.940033	34.002136	
157	40.822638	25.066903	56.812624	41.056991	54.338890	38.400993	38.181289	22.425657	54.171272	38.415536	49.739499	33.801602	
158	40.982664	25.226929	56.828755	41.073122	54.352200	38.414303	38.165159	22.409526	54.011246	38.255511	49.531096	33.593199	
159	41.146947	25.391212	56.845329	41.089696	54.367784	38.429887	38.148585	22.392952	53.846963	38.091228	49.315064	33.377167	
160	41.315368	25.559633	56.862336	41.106704	54.385521	38.447624	38.131577	22.375945	53.678542	37.922807	49.091643	33.153746	
161	41.487799	25.732063	56.879767	41.124134	54.405296	38.467399	38.114147	22.358514	53.506111	37.750376	48.861073	32.923176	
162	41.664107	25.908372	56.897610	41.141977	54.426995	38.489098	38.096304	22.340671	53.329803	37.574068	48.623595	32.685698	
163	41.844153	26.088417	56.915855	41.160222	54.450511	38.512614	38.078058	22.322426	53.149757	37.394022	48.379446	32.441549	
164	42.027789	26.272054	56.934491	41.178859	54.475741	38.537845	38.059422	22.303790	52.966121	37.210386	48.128860	32.190964	
165	42.214861	26.459126	56.953507	41.197874	54.502590	38.564694	38.040406	22.284774	52.779049	37.023314	47.872071	31.934174	
166	42.405203	26.649468	56.972891	41.217259	54.530966	38.593069	38.021022	22.265389	52.588707	36.832972	47.609308	31.671412	
167	42.598639	26.842904	56.992632	41.237000	54.560781	38.622884	38.001281	22.245648	52.395271	36.639536	47.340800	31.402903	
168	42.794979	27.039244	57.012718	41.257086	54.591954	38.654058	37.981195	22.225562	52.198931	36.443196	47.066771	31.128874	
169	42.994017	27.238282	57.033137	41.277505	54.624408	38.686512	37.960776	22.205144	51.999893	36.244158	46.787445	30.849549	
170	43.195529	27.439794	57.053876	41.298244	54.658070	38.720174	37.940037	22.184404	51.798381	36.042646	46.503045	30.565148	
171	43.399266	27.643531	57.074924	41.319291	54.692870	38.754974	37.918990	22.163357	51.594644	35.838909	46.213790	30.275894	
172	43.604949	27.849214	57.096266	41.340634	54.728743	38.790846	37.897647	22.142014	51.388961	35.633226	45.919900	29.982004	
173	43.812262	28.056527	57.117892	41.362259	54.765625	38.827728	37.876022	22.120389	51.181648	35.425913	45.621593	29.683697	
174	44.020838	28.265103	57.139787	41.384154	54.803457	38.865560	37.854127	22.098494	50.973072	35.217337	45.319087	29.381190	
175	44.230247	28.474512	57.161938	41.406305	54.842181	38.904284	37.831976	22.076343	50.763663	35.007928	45.012597	29.074700	
176	44.439972	28.684236	57.184332	41.428700	54.881743	38.943846	37.809581	22.053949	50.553939	34.798203	44.702340	28.764444	
177	44.649377	28.893642	57.206956	41.451324	54.922090	38.984193	37.786957	22.031325	50.344533	34.588798	44.388533	28.450636	
178	44.857668	29.101933	57.229796	41.474164	54.963170	39.025274	37.764117	22.008485	50.136242	34.380507	44.071390	28.133493	
179	45.063820	29.308085	57.252838	41.497206	55.004936	39.067039	37.741075	21.985442	49.930090	34.174355	43.751127	27.813231	
180	45.266488	29.510753	57.276069	41.520436	55.047339	39.109442	37.717844	21.962212	49.727422	33.971687	43.427960	27.490063	
181	45.463861	29.708126	57.299474	41.543842	55.090332	39.152435	37.694439	21.938807	49.530049	33.774314	43.102103	27.164207	
182	45.653456	29.897721	57.323039	41.567407	55.133872	39.195975	37.670874	21.915241	49.340454	33.584719	42.773773	26.835876	
183	45.831823	30.076087	57.346751	41.591118	55.177914	39.240017	37.647162	21.891530	49.162088	33.406352	42.443183	26.505287	
184	45.994167	30.238432	57.370594	41.614962	55.222415	39.284519	37.623319	21.867686	48.999743	33.244008	42.110551	26.172654	
185	46.133975	30.378240	57.394555	41.638923	55.267335	39.329438	37.599358	21.843726	48.859935	33.104200	41.776090	25.838193	
186	46.242950	30.487214	57.418619	41.662987	55.312632	39.374735	37.575294	21.819662	48.750960	32.995225	41.440016	25.502120	
187	46.311890	30.556155	57.442772	41.687139	55.358265	39.420369	37.551142	21.795509	48.682020	32.926285	41.102545	25.164648	
188	48.660806	32.905071	57.466998	41.711366	55.404197	39.466300	37.526915	21.771282	46.333104	30.577369	40.763891	24.825995	
189	48.690286	32.934551	57.491284	41.735652	55.450387	39.512490	37.502629	21.746996	46.303624	30.547889	40.424270	24.486374	
190	48.767217	33.011482	57.515615	41.759983	55.496798	39.558901	37.478298	21.722665	46.226693	30.470958	40.083897	24.146000	
191	48.883879	33.128144	57.539976	41.784344	55.543393	39.605496	37.453937	21.698304	46.110031	30.354296	39.742984	23.805088	
192	49.031281	33.275546	57.564353	41.808720	55.590134	39.652237	37.429560	21.673928	45.962629	30.206894	39.401748	23.463852	
193	49.201422	33.445687	57.588730	41.833098	55.636985	39.699089	37.405183	21.649551	45.792488	30.036753	39.060402	23.122505	
194	49.388059	33.632323	57.613094	41.857461	55.683911	39.746015	37.380820	21.625187	45.605851	29.850116	38.719159	22.781262	
195	49.586601	33.830866	57.637429	41.881796	55.730876	39.792980	37.356485	21.600852	45.407309	29.651574	38.378231	22.440335	
196	49.793743	34.038008	57.661720	41.906088	55.777845	39.839948	37.332193	21.576561	45.200167	29.444432	38.037832	22.099935	
197	50.007096	34.251361	57.685954	41.930321	55.824783	39.886887	37.307959	21.552327	44.986814	29.231079	37.698171	21.760274	
198	50.224912	34.469177	57.710115	41.954483	55.871657	39.933760	37.283798	21.528166	44.768998	29.013263	37.359459	21.421563	
199	50.445885	34.690150	57.734189	41.978557	55.918433	39.980536	37.259724	21.504091	44.548025	28.792289	37.021907	21.084010	
200	50.669018	34.913283	57.758162	42.002529	55.965076	40.027179	37.235751	21.480119	44.324892	28.569157	36.685722	20.747826	
201	50.893529	35.137794	57.782019	42.026386	56.011555	40.073659	37.211895	21.456262	44.100381	28.344646	36.351112	20.413215	
202	51.118791	35.363056	57.805745	42.050112	56.057837	40.119941	37.188169	21.432536	43.875119	28.119384	36.018283	20.080386	
203	51.344289	35.588554	57.829326	42.073694	56.103890	40.165994	37.164587	21.408955	43.649621	27.893886	35.687439	19.749542	
204	51.569592	35.813856	57.852749	42.097116	56.149682	40.211786	37.141165	21.385532	43.424318	27.668583	35.358784	19.420887	
205	51.794328	36.038593	57.875998	42.120365	56.195182	40.257286	37.117915	21.362283	43.199582	27.443847	35.032519	19.094622	
206	52.018175	36.262440	57.899060	42.143428	56.240359	40.302462	37.094853	21.339221	42.975735	27.220000	34.708845	18.770948	
207	52.240846	36.485111	57.921922	42.166289	56.285182	40.347285	37.071992	21.316359	42.753064	26.997329	34.387960	18.450063	
208	52.462082	36.706347	57.944568	42.188935	56.329621	40.391725	37.049345	21.293713	42.531828	26.776093	34.070060	18.132163	
209	52.681647	36.925912	57.966986	42.211353	56.373647	40.435750	37.026927	21.271295	42.312263	26.556528	33.755340	17.817443	
210	52.899324	37.143589	57.989162	42.233529	56.417230	40.479333	37.004751	21.249119	42.094586	26.338851	33.443991	17.506095	
211	53.114910	37.359175	58.011083	42.255450	56.460341	40.522444	36.982831	21.227198	41.879000	26.123265	33.136205	17.198309	
212	53.328214	37.572479	58.032735	42.277102	56.502952	40.565055	36.961179	21.205546	41.665696	25.909961	32.832169	16.894273	
213	53.539056	37.783321	58.054105	42.298472	56.545035	40.607138	36.939808	21.184176	41.454854	25.699119	32.532069	16.594172	
214	53.747265	37.991530	58.075181	42.319548	56.586562	40.648666	36.918733	21.163100	41.246645	25.490910	32.236087	16.298190	
215	53.952678	38.196942	58.095949	42.340317	56.627507	40.689610	36.897964	21.142332	41.041232	25.285497	31.944404	16.006507	
216	54.155137	38.399402	58.116398	42.360765	56.667842	40.729945	36.877516	21.121883	40.838773	25.083038	31.657198	15.719301	
217	54.354493	38.598758	58.136514	42.380882	56.707541	40.769644	36.857399	21.101767	40.639417	24.883682	31.374643	15.436746	
218	54.550600	38.794865	58.156286	42.400654	56.746579	40.808682	36.837627	21.081994	40.443310	24.687575	31.096912	15.159015	
219	54.743318	38.987583	58.175702	42.420070	56.784930	40.847034	36.818211	21.062578	40.250592	24.494857	30.824173	14.886276	
220	54.932512	39.176777	58.194750	42.439118	56.822571	40.884674	36.799163	21.043531	40.061398	24.305663	30.556592	14.618696	
221	55.118050	39.362315	58.213419	42.457786	56.859476	40.921579	36.780495	21.024862	39.875860	24.120125	30.294333	14.356436	
222	55.299806	39.544070	58.231696	42.476064	56.895621	40.957725	36.762217	21.006584	39.694104	23.938369	30.037553	14.099657	
223	55.477656	39.721920	58.249572	42.493940	56.930985	40.993088	36.744341	20.988708	39.516254	23.760519	29.786411	13.848514	
224	55.651481	39.895746	58.267036	42.511403	56.965544	41.027647	36.726878	20.971245	39.342429	23.586694	29.541057	13.603160	
225	55.821166	40.065430	58.284076	42.528443	56.999276	41.061380	36.709837	20.954205	39.172744	23.417009	29.301641	13.363744	
226	55.986598	40.230863	58.300683	42.545050	57.032160	41.094263	36.693231	20.937598	39.007312	23.251577	29.068309	13.130412	
227	56.147669	40.391934	58.316846	42.561214	57.064175	41.126278	36.677067	20.921435	38.846241	23.090506	28.841201	12.903304	
228	56.304275	40.548540	58.332556	42.576924	57.095300	41.157404	36.661357	20.905724	38.689635	22.933900	28.620456	12.682560	
229	56.456313	40.700578	58.347804	42.592171	57.125517	41.187620	36.646109	20.890477	38.537597	22.781862	28.406209	12.468312	
230	56.603686	40.847950	58.362580	42.606947	57.154805	41.216908	36.631334	20.875701	38.390225	22.634489	28.198587	12.260691	
231	56.746298	40.990563	58.376874	42.621242	57.183146	41.245249	36.617039	20.861406	38.247612	22.491877	27.997719	12.059822	
232	56.884059	41.128324	58.390680	42.635047	57.210522	41.272626	36.603234	20.847601	38.109851	22.354116	27.803725	11.865828	
233	57.016881	41.261145	58.403987	42.648355	57.236917	41.299020	36.589926	20.834294	37.977030	22.221294	27.616723	11.678826	
234	57.144678	41.388943	58.416789	42.661156	57.262313	41.324416	36.577124	20.821492	37.849232	22.093497	27.436826	11.498929	
235	57.267371	41.511636	58.429077	42.673445	57.286694	41.348798	36.564836	20.809204	37.726539	21.970804	27.264144	11.326247	
236	57.384882	41.629146	58.440844	42.685212	57.310046	41.372149	36.553069	20.797436	37.609028	21.853293	27.098781	11.160885	
237	57.497135	41.741400	58.452083	42.696451	57.332353	41.394456	36.541830	20.786197	37.496775	21.741039	26.940838	11.002941	
238	57.604062	41.848327	58.462788	42.707155	57.353601	41.415704	36.531126	20.775493	37.389848	21.634113	26.790410	10.852513	
239	57.705593	41.949858	58.472951	42.717318	57.373778	41.435881	36.520963	20.765330	37.288317	21.532581	26.647588	10.709691	
240	57.801667	42.045932	58.482566	42.726933	57.392870	41.454973	36.511347	20.755715	37.192243	21.436508	26.512458	10.574562	
241	57.892222	42.136486	58.491628	42.735995	57.410865	41.472968	36.502285	20.746653	37.101688	21.345953	26.385104	10.447207	
242	57.977201	42.221466	58.500131	42.744499	57.427753	41.489856	36.493782	20.738149	37.016709	21.260974	26.265601	10.327704	
243	58.056552	42.300817	58.508071	42.752438	57.443522	41.505625	36.485843	20.730210	36.937358	21.181622	26.154022	10.216125	
244	58.130226	42.374490	58.515442	42.759809	57.458163	41.520266	36.478472	20.722839	36.863684	21.107949	26.050435	10.112538	
245	58.198175	42.442440	58.522239	42.766607	57.471667	41.533770	36.471674	20.716042	36.795735	21.040000	25.954903	10.017006	
246	58.260358	42.504623	58.528459	42.772827	57.484025	41.546128	36.465454	20.709821	36.733552	20.977817	25.867482	9.929586	
247	58.316736	42.561001	58.534099	42.778466	57.495229	41.557332	36.459815	20.704182	36.677174	20.921439	25.788228	9.850331	
248	58.367274	42.611539	58.539154	42.783521	57.505273	41.567376	36.454760	20.699127	36.626636	20.870901	25.717186	9.779289	
249	58.411941	42.656205	58.543621	42.787988	57.514150	41.576253	36.450292	20.694660	36.581969	20.826234	25.654401	9.716504	
250	58.450708	42.694973	58.547498	42.791866	57.521854	41.583958	36.446415	20.690783	36.543202	20.787467	25.599910	9.662013	
251	58.483552	42.727817	58.550783	42.795150	57.528382	41.590485	36.443131	20.687498	36.510358	20.754623	25.553746	9.615849	
252	58.510452	42.754717	58.553473	42.797840	57.533728	41.595831	36.440440	20.684808	36.483458	20.727723	25.515937	9.578041	
253	58.531392	42.775656	58.555567	42.799935	57.537890	41.599993	36.438346	20.682714	36.462518	20.706783	25.486507	9.548610	
254	58.546358	42.790623	58.557064	42.801431	57.540864	41.602967	36.436850	20.681217	36.447552	20.691817	25.465473	9.527576	
255	58.555341	42.799606	58.557962	42.802330	57.542650	41.604753	36.435951	20.680319	36.438569	20.682834	25.452847	9.514950	
256	58.558262	42.802601	58.558336	42.802629	57.543245	41.605348	36.435574	20.679839	36.435652	20.680019	25.448637	9.510741	
257	58.553077	42.797393	58.556932	42.801248	57.542054	41.604157	36.436980	20.681294	36.440835	20.685153	25.457056	9.519159	
258	58.537418	42.781734	58.552827	42.797143	57.538475	41.600578	36.441085	20.685400	36.456494	20.700810	25.482299	9.544402	
259	58.511342	42.755658	58.545977	42.790293	57.532491	41.594594	36.447934	20.692250	36.482570	20.726886	25.524332	9.586436	
260	58.474883	42.719199	58.536370	42.780686	57.524073	41.586176	36.457542	20.701858	36.519029	20.763345	25.583098	9.645201	
261	58.428086	42.672402	58.523986	42.768302	57.513181	41.575284	36.469926	20.714242	36.565826	20.810142	25.658514	9.720617	
262	58.371013	42.615329	58.508803	42.753120	57.499764	41.561867	36.485108	20.729424	36.622899	20.867215	25.750476	9.812580	
263	58.303735	42.548051	58.490794	42.735110	57.483760	41.545863	36.503118	20.747434	36.690177	20.934493	25.858858	9.920962	
264	58.226339	42.470655	58.469925	42.714241	57.465095	41.527198	36.523987	20.768303	36.767573	21.011889	25.983510	10.045614	
265	58.138924	42.383240	58.446158	42.690474	57.443685	41.505789	36.547753	20.792069	36.854988	21.099304	26.124261	10.186364	
266	58.041601	42.285917	58.419453	42.663769	57.419438	41.481541	36.574459	20.818775	36.952311	21.196627	26.280917	10.343020	
267	57.934494	42.178810	58.389762	42.634078	57.392248	41.454352	36.604150	20.848466	37.059418	21.303734	26.453262	10.515365	
268	57.817738	42.062054	58.357035	42.601351	57.362003	41.424106	36.636877	20.881193	37.176174	21.420490	26.641061	10.703165	
269	57.691482	41.935798	58.321218	42.565534	57.328580	41.390683	36.672694	20.917010	37.302430	21.546746	26.844058	10.906161	
270	57.555886	41.800202	58.282252	42.526568	57.291846	41.353949	36.711659	20.955975	37.438026	21.682342	27.061974	11.124077	
271	57.411120	41.655436	58.240077	42.484393	57.251662	41.313766	36.753835	20.998151	37.582792	21.827108	27.294513	11.356616	
272	57.257367	41.501683	58.194626	42.438942	57.207882	41.269985	36.799286	21.043602	37.736544	21.980861	27.541360	11.603463	
273	57.094821	41.339137	58.145832	42.390148	57.160348	41.222451	36.848080	21.092396	37.899091	22.143407	27.802180	11.864284	
274	56.923684	41.168000	58.093625	42.337941	57.108900	41.171004	36.900287	21.144603	38.070228	22.314544	28.076622	12.138725	
275	56.744170	40.988486	58.037932	42.282248	57.053371	41.115474	36.955980	21.200296	38.249742	22.494058	28.364316	12.426419	
276	56.556503	40.800819	57.978679	42.222995	56.993585	41.055688	37.015233	21.259549	38.437408	22.681724	28.664876	12.726979	
277	56.360917	40.605233	57.915788	42.160104	56.929366	40.991469	37.078124	21.322440	38.632995	22.877311	28.977900	13.040003	
278	56.157652	40.401968	57.849183	42.093499	56.860529	40.922633	37.144729	21.389045	38.836259	23.080575	29.302972	13.365076	
279	55.946961	40.191277	57.778784	42.023100	56.786890	40.848994	37.215127	21.459443	39.046951	23.291267	29.639661	13.701765	
280	55.729101	39.973417	57.704514	41.948830	56.708259	40.770362	37.289398	21.533714	39.264811	23.509127	29.987523	14.049626	
281	55.504339	39.748655	57.626292	41.870608	56.624444	40.686547	37.367620	21.611936	39.489572	23.733889	30.346099	14.408202	
282	55.272951	39.517267	57.544040	41.788356	56.535253	40.597357	37.449872	21.694188	39.720961	23.965277	30.714921	14.777024	
283	55.035216	39.279532	57.457680	41.701996	56.440493	40.502597	37.536232	21.780548	39.958695	24.203012	31.093508	15.155611	
284	54.791424	39.035740	57.367135	41.611451	56.339971	40.402074	37.626777	21.871093	40.202488	24.446804	31.481369	15.543473	
285	54.541868	38.786184	57.272330	41.516646	56.233494	40.295597	37.721582	21.965898	40.452044	24.696360	31.878005	15.940109	
286	54.286848	38.531164	57.173193	41.417509	56.120872	40.182976	37.820719	22.065035	40.707064	24.951380	32.282907	16.345010	
287	54.026669	38.270985	57.069653	41.313969	56.001919	40.064022	37.924259	22.168575	40.967242	25.211558	32.695558	16.757661	
288	53.761644	38.005960	56.961644	41.205960	55.876449	39.938552	38.032268	22.276584	41.232268	25.476584	33.115433	17.177537	
289	53.492085	37.736402	56.849102	41.093418	55.744283	39.806387	38.144810	22.389126	41.501826	25.746142	33.542005	17.604108	
290	53.218315	37.462631	56.731970	40.976286	55.605249	39.667352	38.261942	22.506258	41.775597	26.019913	33.974737	18.036840	
291	52.940657	37.184973	56.610194	40.854510	55.459177	39.521280	38.383718	22.628034	42.053255	26.297571	34.413089	18.475192	
292	52.659438	36.903754	56.483727	40.728043	55.305907	39.368011	38.510184	22.754500	42.334473	26.578789	34.856517	18.918620	
293	52.374993	36.619309	56.352529	40.596845	55.145290	39.207393	38.641383	22.885699	42.618919	26.863235	35.304474	19.366577	
294	52.087655	36.331972	56.216566	40.460882	54.977181	39.039284	38.777345	23.021661	42.906256	27.150572	35.756409	19.818513	
295	51.797767	36.042083	56.075815	40.320131	54.801451	38.863554	38.918097	23.162413	43.196145	27.440461	36.211771	20.273874	
296	51.505672	35.749988	55.930259	40.174575	54.617980	38.680084	39.063653	23.307969	43.488239	27.732556	36.670003	20.732106	
297	51.211720	35.456036	55.779896	40.024212	54.426664	38.488768	39.214015	23.458332	43.782192	28.026508	37.130549	21.192652	
298	50.916265	35.160581	55.624735	39.869051	54.227413	38.289516	39.369177	23.613493	44.077647	28.321963	37.592850	21.654953	
299	50.619668	34.863984	55.464797	39.709113	54.020154	38.082257	39.529115	23.773431	44.374243	28.618559	38.056345	22.118448	
300	50.322299	34.566615	55.300124	39.544440	53.804835	37.866938	39.693788	23.938104	44.671613	28.915929	38.520469	22.582572	
301	50.024536	34.268852	55.130774	39.375090	53.581426	37.643529	39.863138	24.107454	44.969376	29.213692	38.984653	23.046756	
302	49.726771	33.971087	54.956830	39.201146	53.349921	37.412024	40.037082	24.281398	45.267141	29.511457	39.448321	23.510425	
303	49.429412	33.673728	54.778401	39.022717	53.110346	37.172449	40.215511	24.459827	45.564499	29.808816	39.910890	23.972993	
304	49.132890	33.377206	54.595632	38.839948	52.862763	36.924866	40.398280	24.642596	45.861022	30.105338	40.371760	24.433863	
305	48.837663	33.081980	54.408707	38.653023	52.607276	36.669379	40.585205	24.829521	46.156248	30.400564	40.830313	24.892417	
306	48.544232	32.788548	54.217866	38.462182	52.344043	36.406146	40.776046	25.020362	46.449679	30.693996	41.285902	25.348006	
307	48.253150	32.497466	54.023414	38.267730	52.073290	36.135393	40.970498	25.214814	46.740762	30.985078	41.737838	25.799941	
308	47.965045	32.209362	53.825748	38.070064	51.795331	35.857435	41.168164	25.412480	47.028866	31.273182	42.185369	26.247472	
309	47.680653	31.924969	53.625384	37.869700	51.510601	35.572705	41.368528	25.612844	47.313259	31.557575	42.627653	26.689756	
310	47.400856	31.645172	53.423004	37.667320	51.219699	35.281802	41.570908	25.815224	47.593056	31.837372	43.063711	27.125814	
311	47.126757	31.371073	53.219522	37.463839	50.923461	34.985564	41.774389	26.018705	47.867155	32.111471	43.492357	27.554460	
312	46.859773	31.104089	53.016187	37.260504	50.623079	34.685182	41.977724	26.222040	48.134139	32.378455	43.912080	27.974184	
313	46.601796	30.846112	52.814737	37.059053	50.320293	34.382396	42.179175	26.423491	48.392116	32.636432	44.320854	28.382957	
314	46.355429	30.599746	52.617639	36.861955	50.017723	34.079826	42.376273	26.620589	48.638482	32.882798	44.715801	28.777905	
315	46.124350	30.368666	52.428450	36.672766	49.719464	33.781568	42.565462	26.809778	48.869562	33.113878	45.092606	29.154709	
316	45.913827	30.158143	52.252340	36.496656	49.432148	33.494251	42.741571	26.985888	49.080084	33.324400	45.444446	29.506550	
317	45.731359	29.975675	52.096724	36.341040	49.166809	33.228913	42.897188	27.141504	49.262552	33.506868	45.760132	29.822235	
318	45.587094	29.831410	51.971685	36.216001	48.941739	33.003842	43.022227	27.266543	49.406818	33.651134	46.021252	30.083355	
319	45.493114	29.737430	51.889259	36.133575	48.784666	32.846769	43.104653	27.348969	49.500798	33.745114	46.199990	30.262093	
320	43.133637	27.377953	49.533637	36.104591	48.727183	32.789286	45.460275	27.377953	45.460275	33.777953	46.264700	30.326803	
321	43.104653	27.348969	49.500798	33.745114	46.199990	30.262093	45.493114	29.737430	51.889259	36.133575	48.784666	32.846769	
322	43.022227	27.266543	49.406818	33.651134	46.021252	30.083355	45.587094	29.831410	51.971685	36.216001	48.941739	33.003842	
323	42.897188	27.141504	49.262552	33.506868	45.760132	29.822235	45.731359	29.975675	52.096724	36.341040	49.166809	33.228913	
324	42.741571	26.985888	49.080084	33.324400	45.444446	29.506550	45.913827	30.158143	52.252340	36.496656	49.432148	33.494251	
325	42.565462	26.809778	48.869562	33.113878	45.092606	29.154709	46.124350	30.368666	52.428450	36.672766	49.719464	33.781568	
326	42.376273	26.620589	48.638482	32.882798	44.715801	28.777905	46.355429	30.599746	52.617639	36.861955	50.017723	34.079826	
327	42.179175	26.423491	48.392116	32.636432	44.320854	28.382957	46.601796	30.846112	52.814737	37.059053	50.320293	34.382396	
328	41.977724	26.222040	48.134139	32.378455	43.912080	27.974184	46.859773	31.104089	53.016187	37.260504	50.623079	34.685182	
329	41.774389	26.018705	47.867155	32.111471	43.492357	27.554460	47.126757	31.371073	53.219522	37.463839	50.923461	34.985564	
330	41.570908	25.815224	47.593056	31.837372	43.063711	27.125814	47.400856	31.645172	53.423004	37.667320	51.219699	35.281802	
331	41.368528	25.612844	47.313259	31.557575	42.627653	26.689756	47.680653	31.924969	53.625384	37.869700	51.510601	35.572705	
332	41.168164	25.412480	47.028866	31.273182	42.185369	26.247472	47.965045	32.209362	53.825748	38.070064	51.795331	35.857435	
333	40.970498	25.214814	46.740762	30.985078	41.737838	25.799941	48.253150	32.497466	54.023414	38.267730	52.073290	36.135393	
334	40.776046	25.020362	46.449679	30.693996	41.285902	25.348006	48.544232	32.788548	54.217866	38.462182	52.344043	36.406146	
335	40.585205	24.829521	46.156248	30.400564	40.830313	24.892417	48.837663	33.081980	54.408707	38.653023	52.607276	36.669379	
336	40.398280	24.642596	45.861022	30.105338	40.371760	24.433863	49.132890	33.377206	54.595632	38.839948	52.862763	36.924866	
337	40.215511	24.459827	45.564499	29.808816	39.910890	23.972993	49.429412	33.673728	54.778401	39.022717	53.110346	37.172449	
338	40.037082	24.281398	45.267141	29.511457	39.448321	23.510425	49.726771	33.971087	54.956830	39.201146	53.349921	37.412024	
339	39.863138	24.107454	44.969376	29.213692	38.984653	23.046756	50.024536	34.268852	55.130774	39.375090	53.581426	37.643529	
340	39.693788	23.938104	44.671613	28.915929	38.520469	22.582572	50.322299	34.566615	55.300124	39.544440	53.804835	37.866938	
341	39.529115	23.773431	44.374243	28.618559	38.056345	22.118448	50.619668	34.863984	55.464797	39.709113	54.020154	38.082257	
342	39.369177	23.613493	44.077647	28.321963	37.592850	21.654953	50.916265	35.160581	55.624735	39.869051	54.227413	38.289516	
343	39.214015	23.458332	43.782192	28.026508	37.130549	21.192652	51.211720	35.456036	55.779896	40.024212	54.426664	38.488768	
344	39.063653	23.307969	43.488239	27.732556	36.670003	20.732106	51.505672	35.749988	55.930259	40.174575	54.617980	38.680084	
345	38.918097	23.162413	43.196145	27.440461	36.211771	20.273874	51.797767	36.042083	56.075815	40.320131	54.801451	38.863554	
346	38.777345	23.021661	42.906256	27.150572	35.756409	19.818513	52.087655	36.331972	56.216566	40.460882	54.977181	39.039284	
347	38.641383	22.885699	42.618919	26.863235	35.304474	19.366577	52.374993	36.619309	56.352529	40.596845	55.145290	39.207393	
348	38.510184	22.754500	42.334473	26.578789	34.856517	18.918620	52.659438	36.903754	56.483727	40.728043	55.305907	39.368011	
349	38.383718	22.628034	42.053255	26.297571	34.413089	18.475192	52.940657	37.184973	56.610194	40.854510	55.459177	39.521280	
350	38.261942	22.506258	41.775597	26.019913	33.974737	18.036840	53.218315	37.462631	56.731970	40.976286	55.605249	39.667352	
351	38.144810	22.389126	41.501826	25.746142	33.542005	17.604108	53.492085	37.736402	56.849102	41.093418	55.744283	39.806387	
352	38.032268	22.276584	41.232268	25.476584	33.115433	17.177537	53.761644	38.005960	56.961644	41.205960	55.876449	39.938552	
353	37.924259	22.168575	40.967242	25.211558	32.695558	16.757661	54.026669	38.270985	57.069653	41.313969	56.001919	40.064022	
354	37.820719	22.065035	40.707064	24.951380	32.282907	16.345010	54.286848	38.531164	57.173193	41.417509	56.120872	40.182976	
355	37.721582	21.965898	40.452044	24.696360	31.878005	15.940109	54.541868	38.786184	57.272330	41.516646	56.233494	40.295597	
356	37.626777	21.871093	40.202488	24.446804	31.481369	15.543473	54.791424	39.035740	57.367135	41.611451	56.339971	40.402074	
357	37.536232	21.780548	39.958695	24.203012	31.093508	15.155611	55.035216	39.279532	57.457680	41.701996	56.440493	40.502597	
358	37.449872	21.694188	39.720961	23.965277	30.714921	14.777024	55.272951	39.517267	57.544040	41.788356	56.535253	40.597357	
359	37.367620	21.611936	39.489572	23.733889	30.346099	14.408202	55.504339	39.748655	57.626292	41.870608	56.624444	40.686547	
360	37.289398	21.533714	39.264811	23.509127	29.987523	14.049626	55.729101	39.973417	57.704514	41.948830	56.708259	40.770362	
361	37.215127	21.459443	39.046951	23.291267	29.639661	13.701765	55.946961	40.191277	57.778784	42.023100	56.786890	40.848994	
362	37.144729	21.389045	38.836259	23.080575	29.302972	13.365076	56.157652	40.401968	57.849183	42.093499	56.860529	40.922633	
363	37.078124	21.322440	38.632995	22.877311	28.977900	13.040003	56.360917	40.605233	57.915788	42.160104	56.929366	40.991469	
364	37.015233	21.259549	38.437408	22.681724	28.664876	12.726979	56.556503	40.800819	57.978679	42.222995	56.993585	41.055688	
365	36.955980	21.200296	38.249742	22.494058	28.364316	12.426419	56.744170	40.988486	58.037932	42.282248	57.053371	41.115474	
366	36.900287	21.144603	38.070228	22.314544	28.076622	12.138725	56.923684	41.168000	58.093625	42.337941	57.108900	41.171004	
367	36.848080	21.092396	37.899091	22.143407	27.802180	11.864284	57.094821	41.339137	58.145832	42.390148	57.160348	41.222451	
368	36.799286	21.043602	37.736544	21.980861	27.541360	11.603463	57.257367	41.501683	58.194626	42.438942	57.207882	41.269985	
369	36.753835	20.998151	37.582792	21.827108	27.294513	11.356616	57.411120	41.655436	58.240077	42.484393	57.251662	41.313766	
370	36.711659	20.955975	37.438026	21.682342	27.061974	11.124077	57.555886	41.800202	58.282252	42.526568	57.291846	41.353949	
371	36.672694	20.917010	37.302430	21.546746	26.844058	10.906161	57.691482	41.935798	58.321218	42.565534	57.328580	41.390683	
372	36.636877	20.881193	37.176174	21.420490	26.641061	10.703165	57.817738	42.062054	58.357035	42.601351	57.362003	41.424106	
373	36.604150	20.848466	37.059418	21.303734	26.453262	10.515365	57.934494	42.178810	58.389762	42.634078	57.392248	41.454352	
374	36.574459	20.818775	36.952311	21.196627	26.280917	10.343020	58.041601	42.285917	58.419453	42.663769	57.419438	41.481541	
375	36.547753	20.792069	36.854988	21.099304	26.124261	10.186364	58.138924	42.383240	58.446158	42.690474	57.443685	41.505789	
376	36.523987	20.768303	36.767573	21.011889	25.983510	10.045614	58.226339	42.470655	58.469925	42.714241	57.465095	41.527198	
377	36.503118	20.747434	36.690177	20.934493	25.858858	9.920962	58.303735	42.548051	58.490794	42.735110	57.483760	41.545863	
378	36.485108	20.729424	36.622899	20.867215	25.750476	9.812580	58.371013	42.615329	58.508803	42.753120	57.499764	41.561867	
379	36.469926	20.714242	36.565826	20.810142	25.658514	9.720617	58.428086	42.672402	58.523986	42.768302	57.513181	41.575284	
380	36.457542	20.701858	36.519029	20.763345	25.583098	9.645201	58.474883	42.719199	58.536370	42.780686	57.524073	41.586176	
381	36.447934	20.692250	36.482570	20.726886	25.524332	9.586436	58.511342	42.755658	58.545977	42.790293	57.532491	41.594594	
382	36.441085	20.685400	36.456494	20.700810	25.482299	9.544402	58.537418	42.781734	58.552827	42.797143	57.538475	41.600578	
383	36.436980	20.681294	36.440835	20.685153	25.457056	9.519159	58.553077	42.797393	58.556932	42.801248	57.542054	41.604157	
384	36.435574	20.679839	36.435652	20.680019	25.448637	9.510741	58.558262	42.802601	58.558336	42.802629	57.543245	41.605348	
