#p	a1_up	a1_dn	b1_up	b1_dn	c1_up	c1_dn	a2_up	a2_dn	b2_up	b2_dn	c2_up	c2_dn	NaN
0	-10.468742	9.650765	-10.468742	9.650765	-21.198186	-1.711858	11.754875	31.874382	11.754875	31.874382	10.913030	30.399358	
1	-10.468444	9.651063	-10.465761	9.653746	-21.193978	-1.707650	11.751894	31.871400	11.754577	31.874084	10.912436	30.398764	
2	-10.467550	9.651957	-10.456818	9.662689	-21.181356	-1.695028	11.742951	31.862458	11.753683	31.873190	10.910655	30.396983	
3	-10.466060	9.653447	-10.441920	9.677587	-21.160328	-1.674000	11.728053	31.847560	11.752193	31.871700	10.907686	30.394014	
4	-10.463975	9.655531	-10.421076	9.698431	-21.130906	-1.644578	11.707209	31.826716	11.750108	31.869615	10.903533	30.389862	
5	-10.461298	9.658209	-10.394299	9.725207	-21.093109	-1.606781	11.680432	31.799939	11.747430	31.866937	10.898198	30.384527	
6	-10.458028	9.661479	-10.361607	9.757900	-21.046959	-1.560631	11.647740	31.767247	11.744161	31.863667	10.891685	30.378013	
7	-10.454168	9.665339	-10.323020	9.796487	-20.992484	-1.506156	11.609153	31.728660	11.740301	31.859808	10.883996	30.370325	
8	-10.449721	9.669786	-10.278562	9.840944	-20.929718	-1.443390	11.564695	31.684202	11.735854	31.855361	10.875138	30.361466	
9	-10.444689	9.674817	-10.228263	9.891244	-20.858698	-1.372370	11.514396	31.633902	11.730822	31.850329	10.865116	30.351444	
10	-10.439076	9.680431	-10.172153	9.947353	-20.779467	-1.293139	11.458286	31.577793	11.725209	31.844716	10.853936	30.340264	
11	-10.432884	9.686623	-10.110270	10.009237	-20.692074	-1.205745	11.396403	31.515910	11.719017	31.838524	10.841604	30.327933	
12	-10.426118	9.693389	-10.042652	10.076855	-20.596570	-1.110242	11.328785	31.448292	11.712250	31.831757	10.828130	30.314458	
13	-10.418781	9.700726	-9.969343	10.150164	-20.493015	-1.006687	11.255476	31.374983	11.704913	31.824420	10.813521	30.299849	
14	-10.410878	9.708629	-9.890390	10.229117	-20.381472	-0.895143	11.176522	31.296029	11.697010	31.816517	10.797787	30.284115	
15	-10.402413	9.717093	-9.805843	10.313664	-20.262006	-0.775678	11.091976	31.211483	11.688546	31.808053	10.780936	30.267265	
16	-10.393393	9.726114	-9.715757	10.403750	-20.134692	-0.648364	11.001890	31.121397	11.679526	31.799033	10.762981	30.249310	
17	-10.383822	9.735685	-9.620190	10.499317	-19.999606	-0.513278	10.906323	31.025830	11.669955	31.789462	10.743933	30.230261	
18	-10.373706	9.745801	-9.519204	10.600303	-19.856830	-0.370502	10.805337	30.924844	11.659839	31.779346	10.723802	30.210131	
19	-10.363051	9.756455	-9.412864	10.706642	-19.706451	-0.220123	10.698997	30.818504	11.649184	31.768691	10.702603	30.188931	
20	-10.351864	9.767642	-9.301240	10.818267	-19.548560	-0.062232	10.587373	30.706880	11.637997	31.757504	10.680349	30.166677	
21	-10.340152	9.779355	-9.184404	10.935103	-19.383253	0.103076	10.470537	30.590043	11.626285	31.745792	10.657052	30.143381	
22	-10.327921	9.791586	-9.062432	11.057075	-19.210629	0.275699	10.348565	30.468072	11.614054	31.733561	10.632730	30.119058	
23	-10.315179	9.804328	-8.935405	11.184102	-19.030795	0.455534	10.221538	30.341045	11.601312	31.720819	10.607396	30.093724	
24	-10.301934	9.817573	-8.803407	11.316100	-18.843858	0.642470	10.089540	30.209046	11.588066	31.707573	10.581066	30.067394	
25	-10.288193	9.831314	-8.666524	11.452982	-18.649932	0.836396	9.952657	30.072164	11.574326	31.693833	10.553758	30.040087	
26	-10.273965	9.845541	-8.524849	11.594658	-18.449136	1.037192	9.810982	29.930489	11.560098	31.679605	10.525490	30.011818	
27	-10.259260	9.860247	-8.378476	11.741031	-18.241591	1.244737	9.664609	29.784116	11.545392	31.664899	10.496277	29.982606	
28	-10.244084	9.875423	-8.227504	11.892003	-18.027423	1.458906	9.513637	29.633144	11.530217	31.649724	10.466141	29.952469	
29	-10.228448	9.891058	-8.072035	12.047472	-17.806761	1.679567	9.358168	29.477675	11.514581	31.634088	10.435099	29.921427	
30	-10.212362	9.907145	-7.912176	12.207331	-17.579741	1.906587	9.198309	29.317816	11.498495	31.618002	10.403172	29.889500	
31	-10.195834	9.923673	-7.748037	12.371470	-17.346500	2.139828	9.034170	29.153677	11.481967	31.601474	10.370379	29.856707	
32	-10.178876	9.940631	-7.579733	12.539774	-17.107180	2.379148	8.865866	28.985373	11.465008	31.584515	10.336743	29.823071	
33	-10.161496	9.958011	-7.407382	12.712125	-16.861927	2.624401	8.693515	28.813022	11.447629	31.567136	10.302284	29.788612	
34	-10.143706	9.975801	-7.231107	12.888399	-16.610889	2.875440	8.517240	28.636747	11.429839	31.549346	10.267025	29.753353	
35	-10.125517	9.993990	-7.051037	13.068470	-16.354219	3.132109	8.337170	28.456677	11.411650	31.531156	10.230988	29.717316	
36	-10.106939	10.012568	-6.867303	13.252204	-16.092073	3.394255	8.153435	28.272942	11.393072	31.512578	10.194198	29.680526	
37	-10.087984	10.031523	-6.680042	13.439465	-15.824612	3.661716	7.966175	28.085682	11.374116	31.493623	10.156677	29.643005	
38	-10.068663	10.050844	-6.489398	13.630109	-15.551997	3.934331	7.775531	27.895037	11.354795	31.474302	10.118450	29.604778	
39	-10.048987	10.070520	-6.295519	13.823988	-15.274396	4.211932	7.581652	27.701158	11.335120	31.454627	10.079541	29.565869	
40	-10.028970	10.090537	-6.098560	14.020947	-14.991977	4.494352	7.384693	27.504200	11.315103	31.434609	10.039977	29.526306	
41	-10.008622	10.110885	-5.898683	14.220823	-14.704911	4.781417	7.184816	27.304323	11.294755	31.414262	9.999784	29.486112	
42	-9.987957	10.131550	-5.696059	14.423448	-14.413376	5.072952	6.982192	27.101699	11.274089	31.393596	9.958987	29.445315	
43	-9.966986	10.152521	-5.490865	14.628641	-14.117548	5.368780	6.776998	26.896505	11.253118	31.372625	9.917613	29.403941	
44	-9.945722	10.173785	-5.283291	14.836216	-13.817608	5.668720	6.569424	26.688931	11.231855	31.351362	9.875691	29.362019	
45	-9.924179	10.195328	-5.073537	15.045970	-13.513739	5.972589	6.359670	26.479177	11.210312	31.329818	9.833247	29.319575	
46	-9.902369	10.217138	-4.861816	15.257691	-13.206127	6.280201	6.147949	26.267456	11.188501	31.308008	9.790310	29.276638	
47	-9.880305	10.239202	-4.648358	15.471149	-12.894961	6.591367	5.934491	26.053998	11.166438	31.285944	9.746909	29.233237	
48	-9.858001	10.261506	-4.433411	15.686096	-12.580430	6.905898	5.719544	25.839051	11.144133	31.263640	9.703073	29.189401	
49	-9.835470	10.284037	-4.217246	15.902261	-12.262728	7.223600	5.503379	25.622886	11.121602	31.241109	9.658831	29.145159	
50	-9.812725	10.306781	-4.000162	16.119345	-11.942049	7.544279	5.286294	25.405801	11.098858	31.218365	9.614215	29.100543	
51	-9.789782	10.329725	-3.782490	16.337017	-11.618590	7.867738	5.068623	25.188130	11.075915	31.195422	9.569253	29.055581	
52	-9.766653	10.352854	-3.564606	16.554901	-11.292551	8.193777	4.850739	24.970245	11.052785	31.172292	9.523978	29.010306	
53	-9.743352	10.376155	-3.346936	16.772571	-10.964130	8.522198	4.633069	24.752575	11.029485	31.148991	9.478421	28.964749	
54	-9.719893	10.399613	-3.129974	16.989533	-10.633532	8.852796	4.416107	24.535614	11.006026	31.125533	9.432613	28.918941	
55	-9.696292	10.423215	-2.914300	17.205207	-10.300958	9.185370	4.200432	24.319939	10.982424	31.101931	9.386587	28.872915	
56	-9.672561	10.446946	-2.700603	17.418904	-9.966616	9.519713	3.986735	24.106242	10.958693	31.078200	9.340375	28.826704	
57	-9.648715	10.470792	-2.489716	17.629791	-9.630710	9.855618	3.775849	23.895356	10.934848	31.054354	9.294011	28.780339	
58	-9.624768	10.494738	-2.282662	17.836845	-9.293450	10.192878	3.568795	23.688301	10.910901	31.030408	9.247528	28.733856	
59	-9.600736	10.518771	-2.080707	18.038800	-8.955045	10.531284	3.366840	23.486347	10.886869	31.006376	9.200960	28.687288	
60	-9.576632	10.542874	-1.885445	18.234062	-8.615703	10.870625	3.171578	23.291085	10.862765	30.982272	9.154342	28.640670	
61	-9.552472	10.567035	-1.698890	18.420617	-8.275638	11.210690	2.985022	23.104529	10.838604	30.958111	9.107707	28.594035	
62	-9.528268	10.591238	-1.523592	18.595915	-7.935061	11.551267	2.809725	22.929232	10.814401	30.933908	9.061093	28.547421	
63	-9.504038	10.615469	-1.362761	18.756746	-7.594185	11.892143	2.648894	22.768401	10.790170	30.909677	9.014534	28.500862	
64	-9.479793	10.639713	-1.220342	18.899164	-7.253223	12.233105	2.506475	22.625982	10.765926	30.885433	8.968067	28.454395	
65	-9.455551	10.663956	-1.100979	19.018528	-6.912390	12.573938	2.387112	22.506619	10.741684	30.861190	8.921729	28.408057	
66	-9.431324	10.688183	-1.009720	19.109787	-6.571901	12.914427	2.295853	22.415360	10.717457	30.836964	8.875557	28.361885	
67	-9.407128	10.712379	-0.951354	19.168153	-6.231971	13.254357	2.237487	22.356993	10.693261	30.812768	8.829589	28.315917	
68	-9.382978	10.736529	-0.929411	19.190096	-5.892815	13.593513	2.215544	22.335051	10.669110	30.788617	8.783865	28.270193	
69	-9.358887	10.760620	2.231310	22.350816	-5.554651	13.931677	-0.945177	19.174330	10.645019	30.764526	8.738423	28.224751	
70	-9.334870	10.784637	2.283391	22.402898	-5.217694	14.268634	-0.997259	19.122248	10.621003	30.740510	8.693304	28.179632	
71	-9.310942	10.808565	2.368132	22.487639	-4.882162	14.604166	-1.081999	19.037508	10.597075	30.716582	8.648548	28.134876	
72	-9.287117	10.832390	2.480594	22.600101	-4.548270	14.938058	-1.194462	18.925045	10.573250	30.692757	8.604198	28.090526	
73	-9.263410	10.856097	2.615578	22.735085	-4.216237	15.270091	-1.329445	18.790061	10.549543	30.669050	8.560295	28.046624	
74	-9.239834	10.879672	2.768302	22.887809	-3.886279	15.600049	-1.482169	18.637338	10.525967	30.645474	8.516885	28.003213	
75	-9.216405	10.903102	2.934705	23.054212	-3.558614	15.927714	-1.648572	18.470935	10.502538	30.622044	8.474011	27.960339	
76	-9.193135	10.926372	3.111491	23.230997	-3.233459	16.252869	-1.825358	18.294149	10.479268	30.598775	8.431719	27.918047	
77	-9.170040	10.949467	3.296042	23.415549	-2.911032	16.575296	-2.009909	18.109597	10.456173	30.575679	8.390057	27.876385	
78	-9.147132	10.972375	3.486299	23.605806	-2.591552	16.894776	-2.200166	17.919340	10.433265	30.552772	8.349074	27.835402	
79	-9.124426	10.995080	3.680637	23.800144	-2.275236	17.211092	-2.394504	17.725003	10.410559	30.530066	8.308820	27.795148	
80	-9.101936	11.017571	3.877767	23.997273	-1.962302	17.524026	-2.591634	17.527873	10.388069	30.507576	8.269347	27.755675	
81	-9.079674	11.039833	4.076653	24.196160	-1.652971	17.833358	-2.790520	17.328986	10.365807	30.485314	8.230710	27.717038	
82	-9.057655	11.061852	4.276457	24.395964	-1.347460	18.138869	-2.990324	17.129183	10.343788	30.463295	8.192964	27.679293	
83	-9.035891	11.083616	4.476485	24.595992	-1.045990	18.440339	-3.190353	16.929154	10.322024	30.441531	8.156169	27.642497	
84	-9.014396	11.105111	4.676160	24.795667	-0.748781	18.737547	-3.390027	16.729479	10.300528	30.420035	8.120386	27.606714	
85	-8.993182	11.126325	4.874992	24.994499	-0.456056	19.030272	-3.588859	16.530648	10.279314	30.398821	8.085678	27.572006	
86	-8.972262	11.147245	5.072559	25.192065	-0.168036	19.318292	-3.786426	16.333081	10.258395	30.377902	8.052113	27.538441	
87	-8.951649	11.167858	5.268495	25.388001	0.115054	19.601382	-3.982362	16.137145	10.237782	30.357289	8.019762	27.506090	
88	-8.931355	11.188152	5.462477	25.581984	0.392989	19.879317	-4.176344	15.943163	10.217488	30.336995	7.988698	27.475026	
89	-8.911392	11.208114	5.654218	25.773724	0.665542	20.151870	-4.368085	15.751422	10.197525	30.317032	7.959001	27.445329	
90	-8.891773	11.227734	5.843458	25.962965	0.932484	20.418812	-4.557325	15.562182	10.177906	30.297413	7.930752	27.417080	
91	-8.872509	11.246998	6.029963	26.149470	1.193584	20.679912	-4.743830	15.375677	10.158642	30.278148	7.904039	27.390367	
92	-8.853611	11.265896	6.213516	26.333023	1.448610	20.934938	-4.927383	15.192123	10.139744	30.259251	7.878953	27.365281	
93	-8.835091	11.284416	6.393920	26.513426	1.697326	21.183654	-5.107787	15.011720	10.121224	30.240731	7.855592	27.341920	
94	-8.816960	11.302547	6.570988	26.690495	1.939495	21.425823	-5.284855	14.834651	10.103093	30.222600	7.834057	27.320385	
95	-8.799229	11.320278	6.744550	26.864056	2.174877	21.661205	-5.458417	14.661090	10.085362	30.204869	7.814453	27.300781	
96	-8.781909	11.337598	6.914442	27.033949	2.403233	21.889561	-5.628310	14.491197	10.068042	30.187548	7.796893	27.283221	
97	-8.765009	11.354498	7.080514	27.200021	2.624320	22.110648	-5.794381	14.325125	10.051142	30.170649	7.781489	27.267817	
98	-8.748540	11.370966	7.242621	27.362128	2.837898	22.324226	-5.956489	14.163018	10.034673	30.154180	7.768360	27.254688	
99	-8.732513	11.386994	7.400628	27.520135	3.043727	22.530055	-6.114495	14.005012	10.018645	30.138152	7.757623	27.243951	
100	-8.716935	11.402572	7.554405	27.673912	3.241574	22.727902	-6.268272	13.851235	10.003068	30.122575	7.749395	27.235723	
101	-8.701817	11.417689	7.703829	27.823336	3.431211	22.917539	-6.417697	13.701810	9.987950	30.107457	7.743790	27.230118	
102	-8.687169	11.432338	7.848785	27.968292	3.612423	23.098751	-6.562652	13.556855	9.973301	30.092808	7.740912	27.227240	
103	-8.672997	11.446510	7.989160	28.108667	3.785008	23.271336	-6.703027	13.416480	9.959130	30.078637	7.740854	27.227182	
104	-8.659312	11.460195	8.124849	28.244356	3.948789	23.435117	-6.838716	13.280791	9.945445	30.064952	7.743690	27.230018	
105	-8.646121	11.473386	8.255752	28.375258	4.103615	23.589943	-6.969619	13.149888	9.932254	30.051760	7.749471	27.235799	
106	-8.633432	11.486075	8.381772	28.501278	4.249372	23.735701	-7.095639	13.023868	9.919565	30.039071	7.758215	27.244543	
107	-8.621252	11.498254	8.502818	28.622325	4.385988	23.872317	-7.216685	12.902822	9.907385	30.026892	7.769899	27.256227	
108	-8.609590	11.509917	8.618803	28.738310	4.513442	23.999770	-7.332670	12.786836	9.895723	30.015230	7.784457	27.270785	
109	-8.598452	11.521055	8.729646	28.849153	4.631767	24.118095	-7.443513	12.675994	9.884584	30.004091	7.801768	27.288096	
110	-8.587844	11.531663	8.835268	28.954775	4.741060	24.227389	-7.549135	12.570371	9.873977	29.993483	7.821655	27.307983	
111	-8.577773	11.541734	8.935596	29.055103	4.841482	24.327810	-7.649463	12.470044	9.863906	29.983413	7.843879	27.330207	
112	-8.568245	11.551262	9.030560	29.150066	4.933253	24.419582	-7.744427	12.375080	9.854378	29.973885	7.868145	27.354473	
113	-8.559265	11.560241	9.120094	29.239601	5.016658	24.502986	-7.833961	12.285546	9.845398	29.964905	7.894100	27.380428	
114	-8.550840	11.568667	9.204137	29.323644	5.092029	24.578358	-7.918004	12.201502	9.836973	29.956480	7.921343	27.407671	
115	-8.542974	11.576533	9.282633	29.402140	5.159746	24.646074	-7.996500	12.123007	9.829107	29.948613	7.949436	27.435765	
116	-8.535671	11.583836	9.355527	29.475034	5.220215	24.706543	-8.069394	12.050113	9.821804	29.941311	7.977913	27.464241	
117	-8.528936	11.590570	9.422770	29.542277	5.273865	24.760193	-8.136638	11.982869	9.815069	29.934576	8.006292	27.492620	
118	-8.522774	11.596733	9.484318	29.603825	5.321129	24.807457	-8.198185	11.921322	9.808907	29.928414	8.034090	27.520418	
119	-8.517187	11.602320	9.540129	29.659635	5.362433	24.848761	-8.253996	11.865511	9.803320	29.922827	8.060836	27.547164	
120	-8.512179	11.607327	9.590164	29.709671	5.398188	24.884516	-8.304032	11.815475	9.798312	29.917819	8.086079	27.572407	
121	-8.507754	11.611753	9.634392	29.753899	5.428777	24.915106	-8.348260	11.771247	9.793887	29.913394	8.109398	27.595726	
122	-8.503913	11.615594	9.672783	29.792290	5.454551	24.940879	-8.386650	11.732857	9.790046	29.909553	8.130411	27.616739	
123	-8.500659	11.618848	9.705310	29.824817	5.475819	24.962147	-8.419177	11.700329	9.786792	29.906299	8.148779	27.635108	
124	-8.497994	11.621513	9.731953	29.851460	5.492849	24.979177	-8.445820	11.673687	9.784127	29.903634	8.164211	27.650539	
125	-8.495920	11.623587	9.752694	29.872201	5.505863	24.992191	-8.466561	11.652946	9.782053	29.901560	8.176466	27.662794	
126	-8.494437	11.625069	9.767518	29.887025	5.515034	25.001363	-8.481385	11.638121	9.780570	29.900077	8.185355	27.671683	
127	-8.493548	11.625959	9.776417	29.895924	5.520487	25.006815	-8.490284	11.629223	9.779680	29.899187	8.190742	27.677071	
128	-8.493251	11.626256	9.779384	29.898890	5.522296	27.678875	-8.493251	11.626256	9.779384	29.898890	8.192547	25.008625	
129	-8.490284	11.629223	9.779680	29.899187	8.190742	27.677071	-8.493548	11.625959	9.776417	29.895924	5.520487	25.006815	
130	-8.481385	11.638121	9.780570	29.900077	8.185355	27.671683	-8.494437	11.625069	9.767518	29.887025	5.515034	25.001363	
131	-8.466561	11.652946	9.782053	29.901560	8.176466	27.662794	-8.495920	11.623587	9.752694	29.872201	5.505863	24.992191	
132	-8.445820	11.673687	9.784127	29.903634	8.164211	27.650539	-8.497994	11.621513	9.731953	29.851460	5.492849	24.979177	
133	-8.419177	11.700329	9.786792	29.906299	8.148779	27.635108	-8.500659	11.618848	9.705310	29.824817	5.475819	24.962147	
134	-8.386650	11.732857	9.790046	29.909553	8.130411	27.616739	-8.503913	11.615594	9.672783	29.792290	5.454551	24.940879	
135	-8.348260	11.771247	9.793887	29.913394	8.109398	27.595726	-8.507754	11.611753	9.634392	29.753899	5.428777	24.915106	
136	-8.304032	11.815475	9.798312	29.917819	8.086079	27.572407	-8.512179	11.607327	9.590164	29.709671	5.398188	24.884516	
137	-8.253996	11.865511	9.803320	29.922827	8.060836	27.547164	-8.517187	11.602320	9.540129	29.659635	5.362433	24.848761	
138	-8.198185	11.921322	9.808907	29.928414	8.034090	27.520418	-8.522774	11.596733	9.484318	29.603825	5.321129	24.807457	
139	-8.136638	11.982869	9.815069	29.934576	8.006292	27.492620	-8.528936	11.590570	9.422770	29.542277	5.273865	24.760193	
140	-8.069394	12.050113	9.821804	29.941311	7.977913	27.464241	-8.535671	11.583836	9.355527	29.475034	5.220215	24.706543	
141	-7.996500	12.123007	9.829107	29.948613	7.949436	27.435765	-8.542974	11.576533	9.282633	29.402140	5.159746	24.646074	
142	-7.918004	12.201502	9.836973	29.956480	7.921343	27.407671	-8.550840	11.568667	9.204137	29.323644	5.092029	24.578358	
143	-7.833961	12.285546	9.845398	29.964905	7.894100	27.380428	-8.559265	11.560241	9.120094	29.239601	5.016658	24.502986	
144	-7.744427	12.375080	9.854378	29.973885	7.868145	27.354473	-8.568245	11.551262	9.030560	29.150066	4.933253	24.419582	
145	-7.649463	12.470044	9.863906	29.983413	7.843879	27.330207	-8.577773	11.541734	8.935596	29.055103	4.841482	24.327810	
146	-7.549135	12.570371	9.873977	29.993483	7.821655	27.307983	-8.587844	11.531663	8.835268	28.954775	4.741060	24.227389	
147	-7.443513	12.675994	9.884584	30.004091	7.801768	27.288096	-8.598452	11.521055	8.729646	28.849153	4.631767	24.118095	
148	-7.332670	12.786836	9.895723	30.015230	7.784457	27.270785	-8.609590	11.509917	8.618803	28.738310	4.513442	23.999770	
149	-7.216685	12.902822	9.907385	30.026892	7.769899	27.256227	-8.621252	11.498254	8.502818	28.622325	4.385988	23.872317	
150	-7.095639	13.023868	9.919565	30.039071	7.758215	27.244543	-8.633432	11.486075	8.381772	28.501278	4.249372	23.735701	
151	-6.969619	13.149888	9.932254	30.051760	7.749471	27.235799	-8.646121	11.473386	8.255752	28.375258	4.103615	23.589943	
152	-6.838716	13.280791	9.945445	30.064952	7.743690	27.230018	-8.659312	11.460195	8.124849	28.244356	3.948789	23.435117	
153	-6.703027	13.416480	9.959130	30.078637	7.740854	27.227182	-8.672997	11.446510	7.989160	28.108667	3.785008	23.271336	
154	-6.562652	13.556855	9.973301	30.092808	7.740912	27.227240	-8.687169	11.432338	7.848785	27.968292	3.612423	23.098751	
155	-6.417697	13.701810	9.987950	30.107457	7.743790	27.230118	-8.701817	11.417689	7.703829	27.823336	3.431211	22.917539	
156	-6.268272	13.851235	10.003068	30.122575	7.749395	27.235723	-8.716935	11.402572	7.554405	27.673912	3.241574	22.727902	
157	-6.114495	14.005012	10.018645	30.138152	7.757623	27.243951	-8.732513	11.386994	7.400628	27.520135	3.043727	22.530055	
158	-5.956489	14.163018	10.034673	30.154180	7.768360	27.254688	-8.748540	11.370966	7.242621	27.362128	2.837898	22.324226	
159	-5.794381	14.325125	10.051142	30.170649	7.781489	27.267817	-8.765009	11.354498	7.080514	27.200021	2.624320	22.110648	
160	-5.628310	14.491197	10.068042	30.187548	7.796893	27.283221	-8.781909	11.337598	6.914442	27.033949	2.403233	21.889561	
161	-5.458417	14.661090	10.085362	30.204869	7.814453	27.300781	-8.799229	11.320278	6.744550	26.864056	2.174877	21.661205	
162	-5.284855	14.834651	10.103093	30.222600	7.834057	27.320385	-8.816960	11.302547	6.570988	26.690495	1.939495	21.425823	
163	-5.107787	15.011720	10.121224	30.240731	7.855592	27.341920	-8.835091	11.284416	6.393920	26.513426	1.697326	21.183654	
164	-4.927383	15.192123	10.139744	30.259251	7.878953	27.365281	-8.853611	11.265896	6.213516	26.333023	1.448610	20.934938	
165	-4.743830	15.375677	10.158642	30.278148	7.904039	27.390367	-8.872509	11.246998	6.029963	26.149470	1.193584	20.679912	
166	-4.557325	15.562182	10.177906	30.297413	7.930752	27.417080	-8.891773	11.227734	5.843458	25.962965	0.932484	20.418812	
167	-4.368085	15.751422	10.197525	30.317032	7.959001	27.445329	-8.911392	11.208114	5.654218	25.773724	0.665542	20.151870	
168	-4.176344	15.943163	10.217488	30.336995	7.988698	27.475026	-8.931355	11.188152	5.462477	25.581984	0.392989	19.879317	
169	-3.982362	16.137145	10.237782	30.357289	8.019762	27.506090	-8.951649	11.167858	5.268495	25.388001	0.115054	19.601382	
170	-3.786426	16.333081	10.258395	30.377902	8.052113	27.538441	-8.972262	11.147245	5.072559	25.192065	-0.168036	19.318292	
171	-3.588859	16.530648	10.279314	30.398821	8.085678	27.572006	-8.993182	11.126325	4.874992	24.994499	-0.456056	19.030272	
172	-3.390027	16.729479	10.300528	30.420035	8.120386	27.606714	-9.014396	11.105111	4.676160	24.795667	-0.748781	18.737547	
173	-3.190353	16.929154	10.322024	30.441531	8.156169	27.642497	-9.035891	11.083616	4.476485	24.595992	-1.045990	18.440339	
174	-2.990324	17.129183	10.343788	30.463295	8.192964	27.679293	-9.057655	11.061852	4.276457	24.395964	-1.347460	18.138869	
175	-2.790520	17.328986	10.365807	30.485314	8.230710	27.717038	-9.079674	11.039833	4.076653	24.196160	-1.652971	17.833358	
176	-2.591634	17.527873	10.388069	30.507576	8.269347	27.755675	-9.101936	11.017571	3.877767	23.997273	-1.962302	17.524026	
177	-2.394504	17.725003	10.410559	30.530066	8.308820	27.795148	-9.124426	10.995080	3.680637	23.800144	-2.275236	17.211092	
178	-2.200166	17.919340	10.433265	30.552772	8.349074	27.835402	-9.147132	10.972375	3.486299	23.605806	-2.591552	16.894776	
179	-2.009909	18.109597	10.456173	30.575679	8.390057	27.876385	-9.170040	10.949467	3.296042	23.415549	-2.911032	16.575296	
180	-1.825358	18.294149	10.479268	30.598775	8.431719	27.918047	-9.193135	10.926372	3.111491	23.230997	-3.233459	16.252869	
181	-1.648572	18.470935	10.502538	30.622044	8.474011	27.960339	-9.216405	10.903102	2.934705	23.054212	-3.558614	15.927714	
182	-1.482169	18.637338	10.525967	30.645474	8.516885	28.003213	-9.239834	10.879672	2.768302	22.887809	-3.886279	15.600049	
183	-1.329445	18.790061	10.549543	30.669050	8.560295	28.046624	-9.263410	10.856097	2.615578	22.735085	-4.216237	15.270091	
184	-1.194462	18.925045	10.573250	30.692757	8.604198	28.090526	-9.287117	10.832390	2.480594	22.600101	-4.548270	14.938058	
185	-1.081999	19.037508	10.597075	30.716582	8.648548	28.134876	-9.310942	10.808565	2.368132	22.487639	-4.882162	14.604166	
186	-0.997259	19.122248	10.621003	30.740510	8.693304	28.179632	-9.334870	10.784637	2.283391	22.402898	-5.217694	14.268634	
187	-0.945177	19.174330	10.645019	30.764526	8.738423	28.224751	-9.358887	10.760620	2.231310	22.350816	-5.554651	13.931677	
188	2.215544	22.335051	10.669110	30.788617	8.783865	28.270193	-9.382978	10.736529	-0.929411	19.190096	-5.892815	13.593513	
189	2.237487	22.356993	10.693261	30.812768	8.829589	28.315917	-9.407128	10.712379	-0.951354	19.168153	-6.231971	13.254357	
190	2.295853	22.415360	10.717457	30.836964	8.875557	28.361885	-9.431324	10.688183	-1.009720	19.109787	-6.571901	12.914427	
191	2.387112	22.506619	10.741684	30.861190	8.921729	28.408057	-9.455551	10.663956	-1.100979	19.018528	-6.912390	12.573938	
192	2.506475	22.625982	10.765926	30.885433	8.968067	28.454395	-9.479793	10.639713	-1.220342	18.899164	-7.253223	12.233105	
193	2.648894	22.768401	10.790170	30.909677	9.014534	28.500862	-9.504038	10.615469	-1.362761	18.756746	-7.594185	11.892143	
194	2.809725	22.929232	10.814401	30.933908	9.061093	28.547421	-9.528268	10.591238	-1.523592	18.595915	-7.935061	11.551267	
195	2.985022	23.104529	10.838604	30.958111	9.107707	28.594035	-9.552472	10.567035	-1.698890	18.420617	-8.275638	11.210690	
196	3.171578	23.291085	10.862765	30.982272	9.154342	28.640670	-9.576632	10.542874	-1.885445	18.234062	-8.615703	10.870625	
197	3.366840	23.486347	10.886869	31.006376	9.200960	28.687288	-9.600736	10.518771	-2.080707	18.038800	-8.955045	10.531284	
198	3.568795	23.688301	10.910901	31.030408	9.247528	28.733856	-9.624768	10.494738	-2.282662	17.836845	-9.293450	10.192878	
199	3.775849	23.895356	10.934848	31.054354	9.294011	28.780339	-9.648715	10.470792	-2.489716	17.629791	-9.630710	9.855618	
200	3.986735	24.106242	10.958693	31.078200	9.340375	28.826704	-9.672561	10.446946	-2.700603	17.418904	-9.966616	9.519713	
201	4.200432	24.319939	10.982424	31.101931	9.386587	28.872915	-9.696292	10.423215	-2.914300	17.205207	-10.300958	9.185370	
202	4.416107	24.535614	11.006026	31.125533	9.432613	28.918941	-9.719893	10.399613	-3.129974	16.989533	-10.633532	8.852796	
203	4.633069	24.752575	11.029485	31.148991	9.478421	28.964749	-9.743352	10.376155	-3.346936	16.772571	-10.964130	8.522198	
204	4.850739	24.970245	11.052785	31.172292	9.523978	29.010306	-9.766653	10.352854	-3.564606	16.554901	-11.292551	8.193777	
205	5.068623	25.188130	11.075915	31.195422	9.569253	29.055581	-9.789782	10.329725	-3.782490	16.337017	-11.618590	7.867738	
206	5.286294	25.405801	11.098858	31.218365	9.614215	29.100543	-9.812725	10.306781	-4.000162	16.119345	-11.942049	7.544279	
207	5.503379	25.622886	11.121602	31.241109	9.658831	29.145159	-9.835470	10.284037	-4.217246	15.902261	-12.262728	7.223600	
208	5.719544	25.839051	11.144133	31.263640	9.703073	29.189401	-9.858001	10.261506	-4.433411	15.686096	-12.580430	6.905898	
209	5.934491	26.053998	11.166438	31.285944	9.746909	29.233237	-9.880305	10.239202	-4.648358	15.471149	-12.894961	6.591367	
210	6.147949	26.267456	11.188501	31.308008	9.790310	29.276638	-9.902369	10.217138	-4.861816	15.257691	-13.206127	6.280201	
211	6.359670	26.479177	11.210312	31.329818	9.833247	29.319575	-9.924179	10.195328	-5.073537	15.045970	-13.513739	5.972589	
212	6.569424	26.688931	11.231855	31.351362	9.875691	29.362019	-9.945722	10.173785	-5.283291	14.836216	-13.817608	5.668720	
213	6.776998	26.896505	11.253118	31.372625	9.917613	29.403941	-9.966986	10.152521	-5.490865	14.628641	-14.117548	5.368780	
214	6.982192	27.101699	11.274089	31.393596	9.958987	29.445315	-9.987957	10.131550	-5.696059	14.423448	-14.413376	5.072952	
215	7.184816	27.304323	11.294755	31.414262	9.999784	29.486112	-10.008622	10.110885	-5.898683	14.220823	-14.704911	4.781417	
216	7.384693	27.504200	11.315103	31.434609	10.039977	29.526306	-10.028970	10.090537	-6.098560	14.020947	-14.991977	4.494352	
217	7.581652	27.701158	11.335120	31.454627	10.079541	29.565869	-10.048987	10.070520	-6.295519	13.823988	-15.274396	4.211932	
218	7.775531	27.895037	11.354795	31.474302	10.118450	29.604778	-10.068663	10.050844	-6.489398	13.630109	-15.551997	3.934331	
219	7.966175	28.085682	11.374116	31.493623	10.156677	29.643005	-10.087984	10.031523	-6.680042	13.439465	-15.824612	3.661716	
220	8.153435	28.272942	11.393072	31.512578	10.194198	29.680526	-10.106939	10.012568	-6.867303	13.252204	-16.092073	3.394255	
221	8.337170	28.456677	11.411650	31.531156	10.230988	29.717316	-10.125517	9.993990	-7.051037	13.068470	-16.354219	3.132109	
222	8.517240	28.636747	11.429839	31.549346	10.267025	29.753353	-10.143706	9.975801	-7.231107	12.888399	-16.610889	2.875440	
223	8.693515	28.813022	11.447629	31.567136	10.302284	29.788612	-10.161496	9.958011	-7.407382	12.712125	-16.861927	2.624401	
224	8.865866	28.985373	11.465008	31.584515	10.336743	29.823071	-10.178876	9.940631	-7.579733	12.539774	-17.107180	2.379148	
225	9.034170	29.153677	11.481967	31.601474	10.370379	29.856707	-10.195834	9.923673	-7.748037	12.371470	-17.346500	2.139828	
226	9.198309	29.317816	11.498495	31.618002	10.403172	29.889500	-10.212362	9.907145	-7.912176	12.207331	-17.579741	1.906587	
227	9.358168	29.477675	11.514581	31.634088	10.435099	29.921427	-10.228448	9.891058	-8.072035	12.047472	-17.806761	1.679567	
228	9.513637	29.633144	11.530217	31.649724	10.466141	29.952469	-10.244084	9.875423	-8.227504	11.892003	-18.027423	1.458906	
229	9.664609	29.784116	11.545392	31.664899	10.496277	29.982606	-10.259260	9.860247	-8.378476	11.741031	-18.241591	1.244737	
230	9.810982	29.930489	11.560098	31.679605	10.525490	30.011818	-10.273965	9.845541	-8.524849	11.594658	-18.449136	1.037192	
231	9.952657	30.072164	11.574326	31.693833	10.553758	30.040087	-10.288193	9.831314	-8.666524	11.452982	-18.649932	0.836396	
232	10.089540	30.209046	11.588066	31.707573	10.581066	30.067394	-10.301934	9.817573	-8.803407	11.316100	-18.843858	0.642470	
233	10.221538	30.341045	11.601312	31.720819	10.607396	30.093724	-10.315179	9.804328	-8.935405	11.184102	-19.030795	0.455534	
234	10.348565	30.468072	11.614054	31.733561	10.632730	30.119058	-10.327921	9.791586	-9.062432	11.057075	-19.210629	0.275699	
235	10.470537	30.590043	11.626285	31.745792	10.657052	30.143381	-10.340152	9.779355	-9.184404	10.935103	-19.383253	0.103076	
236	10.587373	30.706880	11.637997	31.757504	10.680349	30.166677	-10.351864	9.767642	-9.301240	10.818267	-19.548560	-0.062232	
237	10.698997	30.818504	11.649184	31.768691	10.702603	30.188931	-10.363051	9.756455	-9.412864	10.706642	-19.706451	-0.220123	
238	10.805337	30.924844	11.659839	31.779346	10.723802	30.210131	-10.373706	9.745801	-9.519204	10.600303	-19.856830	-0.370502	
239	10.906323	31.025830	11.669955	31.789462	10.743933	30.230261	-10.383822	9.735685	-9.620190	10.499317	-19.999606	-0.513278	
240	11.001890	31.121397	11.679526	31.799033	10.762981	30.249310	-10.393393	9.726114	-9.715757	10.403750	-20.134692	-0.648364	
241	11.091976	31.211483	11.688546	31.808053	10.780936	30.267265	-10.402413	9.717093	-9.805843	10.313664	-20.262006	-0.775678	
242	11.176522	31.296029	11.697010	31.816517	10.797787	30.284115	-10.410878	9.708629	-9.890390	10.229117	-20.381472	-0.895143	
243	11.255476	31.374983	11.704913	31.824420	10.813521	30.299849	-10.418781	9.700726	-9.969343	10.150164	-20.493015	-1.006687	
244	11.328785	31.448292	11.712250	31.831757	10.828130	30.314458	-10.426118	9.693389	-10.042652	10.076855	-20.596570	-1.110242	
245	11.396403	31.515910	11.719017	31.838524	10.841604	30.327933	-10.432884	9.686623	-10.110270	10.009237	-20.692074	-1.205745	
246	11.458286	31.577793	11.725209	31.844716	10.853936	30.340264	-10.439076	9.680431	-10.172153	9.947353	-20.779467	-1.293139	
247	11.514396	31.633902	11.730822	31.850329	10.865116	30.351444	-10.444689	9.674817	-10.228263	9.891244	-20.858698	-1.372370	
248	11.564695	31.684202	11.735854	31.855361	10.875138	30.361466	-10.449721	9.669786	-10.278562	9.840944	-20.929718	-1.443390	
249	11.609153	31.728660	11.740301	31.859808	10.883996	30.370325	-10.454168	9.665339	-10.323020	9.796487	-20.992484	-1.506156	
250	11.647740	31.767247	11.744161	31.863667	10.891685	30.378013	-10.458028	9.661479	-10.361607	9.757900	-21.046959	-1.560631	
251	11.680432	31.799939	11.747430	31.866937	10.898198	30.384527	-10.461298	9.658209	-10.394299	9.725207	-21.093109	-1.606781	
252	11.707209	31.826716	11.750108	31.869615	10.903533	30.389862	-10.463975	9.655531	-10.421076	9.698431	-21.130906	-1.644578	
253	11.728053	31.847560	11.752193	31.871700	10.907686	30.394014	-10.466060	9.653447	-10.441920	9.677587	-21.160328	-1.674000	
254	11.742951	31.862458	11.753683	31.873190	10.910655	30.396983	-10.467550	9.651957	-10.456818	9.662689	-21.181356	-1.695028	
255	11.751894	31.871400	11.754577	31.874084	10.912436	30.398764	-10.468444	9.651063	-10.465761	9.653746	-21.193978	-1.707650	
256	11.754875	31.874382	11.754875	31.874382	10.913030	30.399358	-10.468742	9.650765	-10.468742	9.650765	-21.198186	-1.711858	
257	11.749668	31.869175	11.753523	31.873030	10.911842	30.398170	-10.467390	9.652117	-10.463535	9.655971	-21.189771	-1.703443	
258	11.734054	31.853561	11.749463	31.868970	10.908270	30.394598	-10.463330	9.656177	-10.447921	9.671585	-21.164535	-1.678207	
259	11.708053	31.827560	11.742688	31.862195	10.902299	30.388627	-10.456556	9.662951	-10.421920	9.697586	-21.122514	-1.636186	
260	11.671699	31.791206	11.733186	31.852693	10.893898	30.380226	-10.447053	9.672453	-10.385566	9.733941	-21.063766	-1.577438	
261	11.625039	31.744545	11.720939	31.840445	10.883029	30.369357	-10.434806	9.684701	-10.338906	9.780601	-20.988373	-1.502045	
262	11.568132	31.687639	11.705923	31.825430	10.869640	30.355968	-10.419790	9.699717	-10.281999	9.837508	-20.896438	-1.410110	
263	11.501053	31.620560	11.688112	31.807619	10.853668	30.339996	-10.401979	9.717527	-10.214920	9.904586	-20.788089	-1.301761	
264	11.423888	31.543395	11.667474	31.786981	10.835042	30.321370	-10.381341	9.738166	-10.137755	9.981751	-20.663475	-1.177147	
265	11.336737	31.456244	11.643971	31.763478	10.813676	30.300004	-10.357838	9.761669	-10.050604	10.068903	-20.522768	-1.036440	
266	11.239711	31.359218	11.617563	31.737070	10.789478	30.275806	-10.331430	9.788077	-9.953578	10.165929	-20.366162	-0.879834	
267	11.132935	31.252442	11.588204	31.707711	10.762344	30.248672	-10.302071	9.817436	-9.846803	10.272704	-20.193872	-0.707544	
268	11.016547	31.136054	11.555844	31.675351	10.732160	30.218488	-10.269712	9.849795	-9.730414	10.389092	-20.006134	-0.519806	
269	10.890696	31.010203	11.520432	31.639938	10.698803	30.185131	-10.234299	9.885208	-9.604563	10.514944	-19.803205	-0.316877	
270	10.755542	30.875049	11.481908	31.601415	10.662143	30.148471	-10.195776	9.923731	-9.469409	10.650098	-19.585362	-0.099034	
271	10.611258	30.730765	11.440215	31.559721	10.622040	30.108368	-10.154082	9.965425	-9.325125	10.794381	-19.352903	0.133425	
272	10.458029	30.577536	11.395287	31.514794	10.578346	30.064674	-10.109154	10.010353	-9.171896	10.947611	-19.106143	0.380185	
273	10.296048	30.415555	11.347060	31.466566	10.530907	30.017235	-10.060927	10.058580	-9.009915	11.109591	-18.845417	0.640911	
274	10.125523	30.245029	11.295464	31.414971	10.479561	29.965889	-10.009331	10.110176	-8.839390	11.280117	-18.571077	0.915251	
275	9.946668	30.066175	11.240430	31.359937	10.424141	29.910469	-9.954297	10.165210	-8.660535	11.458972	-18.283493	1.202835	
276	9.759710	29.879216	11.181885	31.301392	10.364474	29.850802	-9.895752	10.223755	-8.473577	11.645930	-17.983052	1.503277	
277	9.564884	29.684391	11.119755	31.239262	10.300381	29.786709	-9.833622	10.285885	-8.278751	11.840756	-17.670154	1.816174	
278	9.362436	29.481942	11.053966	31.173473	10.231681	29.718009	-9.767833	10.351674	-8.076303	12.043204	-17.345218	2.141110	
279	9.152619	29.272126	10.984442	31.103949	10.158188	29.644516	-9.698310	10.421197	-7.866486	12.253021	-17.008675	2.477653	
280	8.935696	29.055203	10.911109	31.030616	10.079713	29.566041	-9.624976	10.494531	-7.649563	12.469944	-16.660970	2.825358	
281	8.711938	28.831445	10.833891	30.953398	9.996066	29.482395	-9.547758	10.571749	-7.425806	12.693701	-16.302562	3.183766	
282	8.481624	28.601131	10.752713	30.872220	9.907055	29.393384	-9.466581	10.652926	-7.195492	12.924015	-15.933920	3.552408	
283	8.245040	28.364547	10.667504	30.787011	9.812488	29.298816	-9.381371	10.738136	-6.958908	13.160599	-15.555525	3.930803	
284	8.002480	28.121987	10.578191	30.697697	9.712172	29.198500	-9.292058	10.827449	-6.716347	13.403160	-15.167870	4.318458	
285	7.754243	27.873750	10.484705	30.604212	9.605916	29.092244	-9.198572	10.920934	-6.468110	13.651397	-14.771455	4.714873	
286	7.500637	27.620143	10.386982	30.506489	9.493532	28.979860	-9.100849	11.018658	-6.214504	13.905003	-14.366791	5.119537	
287	7.241974	27.361481	10.284958	30.404464	9.374833	28.861161	-8.998825	11.120682	-5.955841	14.163666	-13.954395	5.531933	
288	6.978575	27.098082	10.178575	30.298082	9.249637	28.735965	-8.892442	11.227065	-5.692442	14.427065	-13.534793	5.951535	
289	6.710764	26.830270	10.067780	30.187287	9.117766	28.604094	-8.781647	11.337860	-5.424631	14.694876	-13.108516	6.377812	
290	6.438871	26.558378	9.952526	30.072033	8.979048	28.465376	-8.666393	11.453113	-5.152739	14.966768	-12.676101	6.810227	
291	6.163235	26.282742	9.832772	29.952279	8.833317	28.319645	-8.546639	11.572867	-4.877102	15.242405	-12.238091	7.248237	
292	5.884196	26.003703	9.708485	29.827992	8.680417	28.166745	-8.422352	11.697155	-4.598063	15.521444	-11.795031	7.691297	
293	5.602103	25.721610	9.579639	29.699146	8.520198	28.006526	-8.293507	11.826000	-4.315970	15.803537	-11.347474	8.138855	
294	5.317310	25.436817	9.446221	29.565728	8.352522	27.838851	-8.160088	11.959418	-4.031178	16.088329	-10.895971	8.590358	
295	5.030179	25.149686	9.308227	29.427733	8.177262	27.663590	-8.022094	12.097413	-3.744046	16.375461	-10.441079	9.045249	
296	4.741078	24.860584	9.165665	29.285171	7.994303	27.480631	-7.879532	12.239975	-3.454945	16.664562	-9.983359	9.502969	
297	4.450383	24.569890	9.018559	29.138066	7.803545	27.289873	-7.732426	12.387081	-3.164250	16.955257	-9.523371	9.962957	
298	4.158482	24.277988	8.866951	28.986458	7.604905	27.091234	-7.580818	12.538689	-2.872349	17.247158	-9.061681	10.424647	
299	3.865772	23.985279	8.710901	28.830408	7.398318	26.884646	-7.424768	12.694739	-2.579639	17.539867	-8.598858	10.887470	
300	3.572668	23.692175	8.550493	28.670000	7.183739	26.670067	-7.264360	12.855147	-2.286535	17.832972	-8.135474	11.350854	
301	3.279599	23.399106	8.385837	28.505344	6.961148	26.447476	-7.099704	13.019803	-1.993466	18.126040	-7.672108	11.814220	
302	2.987019	23.106526	8.217077	28.336584	6.730553	26.216881	-6.930944	13.188562	-1.700886	18.418621	-7.209349	12.276979	
303	2.695408	22.814915	8.044396	28.163903	6.491994	25.978322	-6.758264	13.361243	-1.409275	18.710232	-6.747797	12.738532	
304	2.405283	22.524790	7.868025	27.987532	6.245551	25.731879	-6.581892	13.537614	-1.119151	19.000356	-6.288067	13.198262	
305	2.117210	22.236717	7.688254	27.807760	5.991351	25.477679	-6.402121	13.717386	-0.831077	19.288430	-5.830800	13.655528	
306	1.831813	21.951320	7.505446	27.624953	5.729580	25.215909	-6.219314	13.900193	-0.545680	19.573827	-5.376674	14.109654	
307	1.549799	21.669306	7.320063	27.439570	5.460501	24.946830	-6.033930	14.085577	-0.263666	19.855841	-4.926413	14.559916	
308	1.271982	21.391489	7.132685	27.252192	5.184475	24.670803	-5.846552	14.272955	0.014151	20.133658	-4.480813	15.005515	
309	0.999321	21.118828	6.944052	27.063559	4.901994	24.388322	-5.657919	14.461587	0.286812	20.406319	-4.040779	15.445549	
310	0.732969	20.852476	6.755117	26.874624	4.613738	24.100066	-5.468984	14.650523	0.553164	20.672671	-3.607366	15.878962	
311	0.474346	20.593853	6.567112	26.686618	4.320647	23.806975	-5.280979	14.838528	0.811787	20.931294	-3.181867	16.304461	
312	0.225231	20.344738	6.381646	26.501153	4.024054	23.510382	-5.095513	15.023994	1.060901	21.180408	-2.765933	16.720395	
313	-0.012103	20.107404	6.200838	26.320345	3.725887	23.212215	-4.914705	15.204802	1.298236	21.417743	-2.361779	17.124549	
314	-0.234729	19.884778	6.027480	26.146987	3.429020	22.915348	-4.741347	15.378160	1.520862	21.640369	-1.972534	17.513794	
315	-0.438862	19.680644	5.865238	25.984744	3.137866	22.624194	-4.579105	15.540402	1.724995	21.844502	-1.602834	17.883494	
316	-0.619679	19.499827	5.718834	25.838340	2.859400	22.345728	-4.432701	15.686806	1.905812	22.025319	-1.259845	18.226484	
317	-0.771251	19.348255	5.594113	25.713620	2.604830	22.091158	-4.307981	15.811526	2.057384	22.176891	-0.954927	18.531401	
318	-0.886816	19.232691	5.497775	25.617282	2.391819	21.878147	-4.211642	15.907865	2.172949	22.292456	-0.705867	18.780461	
319	-0.959648	19.159859	5.436497	25.556004	2.245477	21.731805	-4.150364	15.969142	2.245781	22.365288	-0.537860	18.948468	
320	-4.129286	15.990221	5.415419	22.390221	2.192547	21.678875	2.270714	19.134926	2.270714	19.134926	-0.477704	19.008625	
321	-4.150364	15.969142	2.245781	22.365288	-0.537860	18.948468	-0.959648	19.159859	5.436497	25.556004	2.245477	21.731805	
322	-4.211642	15.907865	2.172949	22.292456	-0.705867	18.780461	-0.886816	19.232691	5.497775	25.617282	2.391819	21.878147	
323	-4.307981	15.811526	2.057384	22.176891	-0.954927	18.531401	-0.771251	19.348255	5.594113	25.713620	2.604830	22.091158	
324	-4.432701	15.686806	1.905812	22.025319	-1.259845	18.226484	-0.619679	19.499827	5.718834	25.838340	2.859400	22.345728	
325	-4.579105	15.540402	1.724995	21.844502	-1.602834	17.883494	-0.438862	19.680644	5.865238	25.984744	3.137866	22.624194	
326	-4.741347	15.378160	1.520862	21.640369	-1.972534	17.513794	-0.234729	19.884778	6.027480	26.146987	3.429020	22.915348	
327	-4.914705	15.204802	1.298236	21.417743	-2.361779	17.124549	-0.012103	20.107404	6.200838	26.320345	3.725887	23.212215	
328	-5.095513	15.023994	1.060901	21.180408	-2.765933	16.720395	0.225231	20.344738	6.381646	26.501153	4.024054	23.510382	
329	-5.280979	14.838528	0.811787	20.931294	-3.181867	16.304461	0.474346	20.593853	6.567112	26.686618	4.320647	23.806975	
330	-5.468984	14.650523	0.553164	20.672671	-3.607366	15.878962	0.732969	20.852476	6.755117	26.874624	4.613738	24.100066	
331	-5.657919	14.461587	0.286812	20.406319	-4.040779	15.445549	0.999321	21.118828	6.944052	27.063559	4.901994	24.388322	
332	-5.846552	14.272955	0.014151	20.133658	-4.480813	15.005515	1.271982	21.391489	7.132685	27.252192	5.184475	24.670803	
333	-6.033930	14.085577	-0.263666	19.855841	-4.926413	14.559916	1.549799	21.669306	7.320063	27.439570	5.460501	24.946830	
334	-6.219314	13.900193	-0.545680	19.573827	-5.376674	14.109654	1.831813	21.951320	7.505446	27.624953	5.729580	25.215909	
335	-6.402121	13.717386	-0.831077	19.288430	-5.830800	13.655528	2.117210	22.236717	7.688254	27.807760	5.991351	25.477679	
336	-6.581892	13.537614	-1.119151	19.000356	-6.288067	13.198262	2.405283	22.524790	7.868025	27.987532	6.245551	25.731879	
337	-6.758264	13.361243	-1.409275	18.710232	-6.747797	12.738532	2.695408	22.814915	8.044396	28.163903	6.491994	25.978322	
338	-6.930944	13.188562	-1.700886	18.418621	-7.209349	12.276979	2.987019	23.106526	8.217077	28.336584	6.730553	26.216881	
339	-7.099704	13.019803	-1.993466	18.126040	-7.672108	11.814220	3.279599	23.399106	8.385837	28.505344	6.961148	26.447476	
340	-7.264360	12.855147	-2.286535	17.832972	-8.135474	11.350854	3.572668	23.692175	8.550493	28.670000	7.183739	26.670067	
341	-7.424768	12.694739	-2.579639	17.539867	-8.598858	10.887470	3.865772	23.985279	8.710901	28.830408	7.398318	26.884646	
342	-7.580818	12.538689	-2.872349	17.247158	-9.061681	10.424647	4.158482	24.277988	8.866951	28.986458	7.604905	27.091234	
343	-7.732426	12.387081	-3.164250	16.955257	-9.523371	9.962957	4.450383	24.569890	9.018559	29.138066	7.803545	27.289873	
344	-7.879532	12.239975	-3.454945	16.664562	-9.983359	9.502969	4.741078	24.860584	9.165665	29.285171	7.994303	27.480631	
345	-8.022094	12.097413	-3.744046	16.375461	-10.441079	9.045249	5.030179	25.149686	9.308227	29.427733	8.177262	27.663590	
346	-8.160088	11.959418	-4.031178	16.088329	-10.895971	8.590358	5.317310	25.436817	9.446221	29.565728	8.352522	27.838851	
347	-8.293507	11.826000	-4.315970	15.803537	-11.347474	8.138855	5.602103	25.721610	9.579639	29.699146	8.520198	28.006526	
348	-8.422352	11.697155	-4.598063	15.521444	-11.795031	7.691297	5.884196	26.003703	9.708485	29.827992	8.680417	28.166745	
349	-8.546639	11.572867	-4.877102	15.242405	-12.238091	7.248237	6.163235	26.282742	9.832772	29.952279	8.833317	28.319645	
350	-8.666393	11.453113	-5.152739	14.966768	-12.676101	6.810227	6.438871	26.558378	9.952526	30.072033	8.979048	28.465376	
351	-8.781647	11.337860	-5.424631	14.694876	-13.108516	6.377812	6.710764	26.830270	10.067780	30.187287	9.117766	28.604094	
352	-8.892442	11.227065	-5.692442	14.427065	-13.534793	5.951535	6.978575	27.098082	10.178575	30.298082	9.249637	28.735965	
353	-8.998825	11.120682	-5.955841	14.163666	-13.954395	5.531933	7.241974	27.361481	10.284958	30.404464	9.374833	28.861161	
354	-9.100849	11.018658	-6.214504	13.905003	-14.366791	5.119537	7.500637	27.620143	10.386982	30.506489	9.493532	28.979860	
355	-9.198572	10.920934	-6.468110	13.651397	-14.771455	4.714873	7.754243	27.873750	10.484705	30.604212	9.605916	29.092244	
356	-9.292058	10.827449	-6.716347	13.403160	-15.167870	4.318458	8.002480	28.121987	10.578191	30.697697	9.712172	29.198500	
357	-9.381371	10.738136	-6.958908	13.160599	-15.555525	3.930803	8.245040	28.364547	10.667504	30.787011	9.812488	29.298816	
358	-9.466581	10.652926	-7.195492	12.924015	-15.933920	3.552408	8.481624	28.601131	10.752713	30.872220	9.907055	29.393384	
359	-9.547758	10.571749	-7.425806	12.693701	-16.302562	3.183766	8.711938	28.831445	10.833891	30.953398	9.996066	29.482395	
360	-9.624976	10.494531	-7.649563	12.469944	-16.660970	2.825358	8.935696	29.055203	10.911109	31.030616	10.079713	29.566041	
361	-9.698310	10.421197	-7.866486	12.253021	-17.008675	2.477653	9.152619	29.272126	10.984442	31.103949	10.158188	29.644516	
362	-9.767833	10.351674	-8.076303	12.043204	-17.345218	2.141110	9.362436	29.481942	11.053966	31.173473	10.231681	29.718009	
363	-9.833622	10.285885	-8.278751	11.840756	-17.670154	1.816174	9.564884	29.684391	11.119755	31.239262	10.300381	29.786709	
364	-9.895752	10.223755	-8.473577	11.645930	-17.983052	1.503277	9.759710	29.879216	11.181885	31.301392	10.364474	29.850802	
365	-9.954297	10.165210	-8.660535	11.458972	-18.283493	1.202835	9.946668	30.066175	11.240430	31.359937	10.424141	29.910469	
366	-10.009331	10.110176	-8.839390	11.280117	-18.571077	0.915251	10.125523	30.245029	11.295464	31.414971	10.479561	29.965889	
367	-10.060927	10.058580	-9.009915	11.109591	-18.845417	0.640911	10.296048	30.415555	11.347060	31.466566	10.530907	30.017235	
368	-10.109154	10.010353	-9.171896	10.947611	-19.106143	0.380185	10.458029	30.577536	11.395287	31.514794	10.578346	30.064674	
369	-10.154082	9.965425	-9.325125	10.794381	-19.352903	0.133425	10.611258	30.730765	11.440215	31.559721	10.622040	30.108368	
370	-10.195776	9.923731	-9.469409	10.650098	-19.585362	-0.099034	10.755542	30.875049	11.481908	31.601415	10.662143	30.148471	
371	-10.234299	9.885208	-9.604563	10.514944	-19.803205	-0.316877	10.890696	31.010203	11.520432	31.639938	10.698803	30.185131	
372	-10.269712	9.849795	-9.730414	10.389092	-20.006134	-0.519806	11.016547	31.136054	11.555844	31.675351	10.732160	30.218488	
373	-10.302071	9.817436	-9.846803	10.272704	-20.193872	-0.707544	11.132935	31.252442	11.588204	31.707711	10.762344	30.248672	
374	-10.331430	9.788077	-9.953578	10.165929	-20.366162	-0.879834	11.239711	31.359218	11.617563	31.737070	10.789478	30.275806	
375	-10.357838	9.761669	-10.050604	10.068903	-20.522768	-1.036440	11.336737	31.456244	11.643971	31.763478	10.813676	30.300004	
376	-10.381341	9.738166	-10.137755	9.981751	-20.663475	-1.177147	11.423888	31.543395	11.667474	31.786981	10.835042	30.321370	
377	-10.401979	9.717527	-10.214920	9.904586	-20.788089	-1.301761	11.501053	31.620560	11.688112	31.807619	10.853668	30.339996	
378	-10.419790	9.699717	-10.281999	9.837508	-20.896438	-1.410110	11.568132	31.687639	11.705923	31.825430	10.869640	30.355968	
379	-10.434806	9.684701	-10.338906	9.780601	-20.988373	-1.502045	11.625039	31.744545	11.720939	31.840445	10.883029	30.369357	
380	-10.447053	9.672453	-10.385566	9.733941	-21.063766	-1.577438	11.671699	31.791206	11.733186	31.852693	10.893898	30.380226	
381	-10.456556	9.662951	-10.421920	9.697586	-21.122514	-1.636186	11.708053	31.827560	11.742688	31.862195	10.902299	30.388627	
382	-10.463330	9.656177	-10.447921	9.671585	-21.164535	-1.678207	11.734054	31.853561	11.749463	31.868970	10.908270	30.394598	
383	-10.467390	9.652117	-10.463535	9.655971	-21.189771	-1.703443	11.749668	31.869175	11.753523	31.873030	10.911842	30.398170	
384	-10.468742	9.650765	-10.468742	9.650765	-21.198186	-1.711858	11.754875	31.874382	11.754875	31.874382	10.913030	30.399358	
