#p	a_up	a_dn	b_up	b_dn	c_up	c_dn	NaN
0	1.764526	1.766235	1.764526	1.766235	-9.551025	-9.548584	
1	1.764828	1.766537	1.767538	1.769247	-9.546809	-9.544367	
2	1.765731	1.767440	1.776572	1.778281	-9.534162	-9.531720	
3	1.767236	1.768945	1.791622	1.793331	-9.513092	-9.510650	
4	1.769342	1.771051	1.812679	1.814388	-9.483612	-9.481170	
5	1.772047	1.773756	1.839731	1.841440	-9.445739	-9.443297	
6	1.775350	1.777059	1.872761	1.874470	-9.399497	-9.397055	
7	1.779249	1.780958	1.911750	1.913459	-9.344912	-9.342471	
8	1.783741	1.785450	1.956674	1.958383	-9.282019	-9.279578	
9	1.788824	1.790533	2.007505	2.009214	-9.210855	-9.208414	
10	1.794495	1.796204	2.064214	2.065923	-9.131463	-9.129022	
11	1.800750	1.802459	2.126766	2.128475	-9.043890	-9.041449	
12	1.807586	1.809295	2.195123	2.196832	-8.948190	-8.945749	
13	1.814998	1.816707	2.269245	2.270954	-8.844420	-8.841979	
14	1.822982	1.824691	2.349086	2.350795	-8.732642	-8.730201	
15	1.831534	1.833243	2.434598	2.436307	-8.612925	-8.610483	
16	1.840647	1.842356	2.525731	2.527440	-8.485339	-8.482897	
17	1.850317	1.852026	2.622429	2.624138	-8.349962	-8.347521	
18	1.860537	1.862246	2.724633	2.726342	-8.206875	-8.204434	
19	1.871302	1.873011	2.832283	2.833992	-8.056166	-8.053724	
20	1.882605	1.884314	2.945314	2.947023	-7.897923	-7.895482	
21	1.894439	1.896148	3.063656	3.065365	-7.732243	-7.729802	
22	1.906798	1.908507	3.187240	3.188949	-7.559226	-7.556785	
23	1.919673	1.921382	3.315991	3.317700	-7.378975	-7.376534	
24	1.933057	1.934766	3.449830	3.451539	-7.191600	-7.189159	
25	1.946942	1.948651	3.588678	3.590387	-6.997213	-6.994771	
26	1.961319	1.963028	3.732451	3.734160	-6.795931	-6.793489	
27	1.976180	1.977889	3.881062	3.882771	-6.587875	-6.585434	
28	1.991516	1.993225	4.034422	4.036131	-6.373172	-6.370730	
29	2.007318	2.009027	4.192438	4.194147	-6.151949	-6.149508	
30	2.023575	2.025284	4.355015	4.356724	-5.924341	-5.921900	
31	2.040279	2.041988	4.522056	4.523765	-5.690485	-5.688043	
32	2.057420	2.059129	4.693459	4.695168	-5.450520	-5.448079	
33	2.074986	2.076695	4.869121	4.870830	-5.204593	-5.202152	
34	2.092967	2.094676	5.048937	5.050646	-4.952851	-4.950409	
35	2.111354	2.113063	5.232798	5.234507	-4.695445	-4.693004	
36	2.130133	2.131842	5.420594	5.422303	-4.432531	-4.430090	
37	2.149295	2.151004	5.612210	5.613919	-4.164268	-4.161826	
38	2.168827	2.170536	5.807533	5.809242	-3.890816	-3.888374	
39	2.188718	2.190427	6.006444	6.008153	-3.612340	-3.609899	
40	2.208956	2.210665	6.208824	6.210533	-3.329009	-3.326567	
41	2.229529	2.231238	6.414550	6.416259	-3.040992	-3.038551	
42	2.250424	2.252133	6.623499	6.625208	-2.748464	-2.746022	
43	2.271628	2.273337	6.835544	6.837253	-2.451600	-2.449159	
44	2.293130	2.294839	7.050559	7.052268	-2.150580	-2.148138	
45	2.314915	2.316624	7.268413	7.270122	-1.845584	-1.843143	
46	2.336971	2.338680	7.488975	7.490684	-1.536797	-1.534355	
47	2.359285	2.360994	7.712113	7.713822	-1.224404	-1.221962	
48	2.381843	2.383552	7.937692	7.939401	-0.908593	-0.906152	
49	2.404631	2.406340	8.165576	8.167285	-0.589556	-0.587114	
50	2.427637	2.429345	8.395628	8.397337	-0.267483	-0.265042	
51	2.450845	2.452554	8.627709	8.629418	0.057430	0.059872	
52	2.474242	2.475951	8.861680	8.863389	0.384989	0.387431	
53	2.497814	2.499523	9.097399	9.099108	0.714996	0.717437	
54	2.521546	2.523255	9.334725	9.336434	1.047252	1.049693	
55	2.545425	2.547134	9.573514	9.575223	1.381557	1.383999	
56	2.569436	2.571145	9.813623	9.815332	1.717710	1.720152	
57	2.593564	2.595273	10.054907	10.056616	2.055508	2.057950	
58	2.617796	2.619505	10.297222	10.298931	2.394748	2.397189	
59	2.642116	2.643825	10.540420	10.542129	2.735225	2.737667	
60	2.666509	2.668218	10.784355	10.786064	3.076735	3.079176	
61	2.690962	2.692671	11.028881	11.030590	3.419071	3.421512	
62	2.715459	2.717168	11.273850	11.275559	3.762027	3.764469	
63	2.739985	2.741694	11.519114	11.520823	4.105397	4.107839	
64	2.764526	2.766235	11.764526	11.766235	4.448975	4.451416	
65	2.789068	2.790777	12.009939	12.011648	4.792552	4.794993	
66	2.813594	2.815303	12.255203	12.256912	5.135922	5.138363	
67	2.838091	2.839800	12.500172	12.501881	5.478878	5.481320	
68	2.862544	2.864252	12.744698	12.746407	5.821215	5.823656	
69	2.886937	2.888646	12.988633	12.990342	6.162724	6.165165	
70	2.911257	2.912966	13.231831	13.233540	6.503201	6.505643	
71	2.935488	2.937197	13.474145	13.475854	6.842441	6.844882	
72	2.959617	2.961326	13.715430	13.717139	7.180239	7.182681	
73	2.983628	2.985337	13.955539	13.957248	7.516392	7.518833	
74	3.007507	3.009216	14.194328	14.196037	7.850697	7.853139	
75	3.031239	3.032948	14.431654	14.433363	8.182953	8.185395	
76	3.054811	3.056520	14.667373	14.669082	8.512960	8.515401	
77	3.078208	3.079917	14.901344	14.903053	8.840519	8.842960	
78	3.101416	3.103125	15.133425	15.135134	9.165433	9.167874	
79	3.124421	3.126130	15.363477	15.365186	9.487505	9.489947	
80	3.147210	3.148919	15.591361	15.593070	9.806543	9.808984	
81	3.169768	3.171477	15.816940	15.818648	10.122353	10.124794	
82	3.192081	3.193790	16.040077	16.041786	10.434746	10.437187	
83	3.214138	3.215847	16.260640	16.262349	10.743533	10.745975	
84	3.235923	3.237632	16.478494	16.480203	11.048529	11.050970	
85	3.257425	3.259134	16.693508	16.695217	11.349549	11.351991	
86	3.278629	3.280338	16.905554	16.907263	11.646413	11.648854	
87	3.299524	3.301233	17.114503	17.116212	11.938941	11.941383	
88	3.320097	3.321806	17.320229	17.321938	12.226958	12.229399	
89	3.340335	3.342044	17.522608	17.524317	12.510289	12.512731	
90	3.360226	3.361935	17.721519	17.723228	12.788765	12.791206	
91	3.379758	3.381467	17.916842	17.918551	13.062217	13.064658	
92	3.398920	3.400629	18.108459	18.110168	13.330481	13.332922	
93	3.417699	3.419408	18.296255	18.297964	13.593394	13.595836	
94	3.436085	3.437794	18.480116	18.481825	13.850800	13.853241	
95	3.454067	3.455776	18.659932	18.661641	14.102542	14.104984	
96	3.471633	3.473342	18.835594	18.837303	14.348470	14.350911	
97	3.488773	3.490482	19.006997	19.008706	14.588434	14.590875	
98	3.505477	3.507186	19.174038	19.175747	14.822290	14.824732	
99	3.521735	3.523444	19.336615	19.338324	15.049898	15.052340	
100	3.537537	3.539246	19.494631	19.496340	15.271121	15.273562	
101	3.552873	3.554582	19.647991	19.649700	15.485825	15.488266	
102	3.567734	3.569443	19.796602	19.798311	15.693880	15.696321	
103	3.582111	3.583820	19.940374	19.942083	15.895162	15.897603	
104	3.595996	3.597705	20.079222	20.080931	16.089549	16.091991	
105	3.609380	3.611089	20.213062	20.214771	16.276925	16.279366	
106	3.622255	3.623964	20.341812	20.343521	16.457175	16.459617	
107	3.634613	3.636322	20.465396	20.467105	16.630192	16.632634	
108	3.646448	3.648157	20.583739	20.585448	16.795872	16.798314	
109	3.657751	3.659460	20.696769	20.698478	16.954115	16.956556	
110	3.668516	3.670225	20.804419	20.806128	17.104825	17.107266	
111	3.678736	3.680445	20.906624	20.908333	17.247911	17.250353	
112	3.688406	3.690115	21.003322	21.005031	17.383288	17.385729	
113	3.697519	3.699228	21.094454	21.096163	17.510874	17.513315	
114	3.706070	3.707779	21.179967	21.181676	17.630592	17.633033	
115	3.714055	3.715764	21.259808	21.261517	17.742369	17.744811	
116	3.721467	3.723176	21.333930	21.335639	17.846139	17.848581	
117	3.728302	3.730011	21.402287	21.403996	17.941840	17.944281	
118	3.734558	3.736267	21.464839	21.466548	18.029412	18.031854	
119	3.740228	3.741937	21.521548	21.523257	18.108804	18.111246	
120	3.745312	3.747021	21.572379	21.574088	18.179969	18.182410	
121	3.749804	3.751513	21.617303	21.619012	18.242862	18.245303	
122	3.753703	3.755412	21.656291	21.658000	18.297446	18.299887	
123	3.757006	3.758715	21.689322	21.691031	18.343688	18.346130	
124	3.759711	3.761420	21.716374	21.718083	18.381561	18.384002	
125	3.761817	3.763526	21.737431	21.739140	18.411041	18.413482	
126	3.763322	3.765031	21.752481	21.754190	18.432111	18.434552	
127	3.764225	3.765934	21.761515	21.763224	18.444758	18.447199	
128	3.764526	3.766235	21.764526	21.766235	18.448975	18.451416	
129	3.767538	3.769247	21.764828	21.766537	18.449577	18.452018	
130	3.776572	3.778281	21.765731	21.767440	18.451384	18.453825	
131	3.791622	3.793331	21.767236	21.768945	18.454394	18.456835	
132	3.812679	3.814388	21.769342	21.771051	18.458605	18.461047	
133	3.839731	3.841440	21.772047	21.773756	18.464016	18.466457	
134	3.872761	3.874470	21.775350	21.777059	18.470622	18.473063	
135	3.911750	3.913459	21.779249	21.780958	18.478419	18.480861	
136	3.956674	3.958383	21.783741	21.785450	18.487404	18.489845	
137	4.007505	4.009214	21.788824	21.790533	18.497570	18.500012	
138	4.064214	4.065923	21.794495	21.796204	18.508912	18.511354	
139	4.126766	4.128475	21.800750	21.802459	18.521422	18.523864	
140	4.195123	4.196832	21.807586	21.809295	18.535094	18.537535	
141	4.269245	4.270954	21.814998	21.816707	18.549918	18.552360	
142	4.349086	4.350795	21.822982	21.824691	18.565886	18.568328	
143	4.434598	4.436307	21.831534	21.833243	18.582989	18.585430	
144	4.525731	4.527440	21.840647	21.842356	18.601216	18.603657	
145	4.622429	4.624138	21.850317	21.852026	18.620555	18.622997	
146	4.724633	4.726342	21.860537	21.862246	18.640996	18.643437	
147	4.832283	4.833992	21.871302	21.873011	18.662526	18.664967	
148	4.945314	4.947023	21.882605	21.884314	18.685132	18.687573	
149	5.063656	5.065365	21.894439	21.896148	18.708801	18.711242	
150	5.187240	5.188949	21.906798	21.908507	18.733517	18.735959	
151	5.315991	5.317700	21.919673	21.921382	18.759267	18.761709	
152	5.449830	5.451539	21.933057	21.934766	18.786035	18.788477	
153	5.588678	5.590387	21.946942	21.948651	18.813805	18.816246	
154	5.732451	5.734160	21.961319	21.963028	18.842560	18.845001	
155	5.881062	5.882771	21.976180	21.977889	18.872282	18.874723	
156	6.034422	6.036131	21.991516	21.993225	18.902954	18.905395	
157	6.192438	6.194147	22.007318	22.009027	18.934557	18.936998	
158	6.355015	6.356724	22.023575	22.025284	18.967072	18.969514	
159	6.522056	6.523765	22.040279	22.041988	19.000480	19.002922	
160	6.693459	6.695168	22.057420	22.059129	19.034761	19.037202	
161	6.869121	6.870830	22.074986	22.076695	19.069894	19.072335	
162	7.048937	7.050646	22.092967	22.094676	19.105857	19.108298	
163	7.232798	7.234507	22.111354	22.113063	19.142629	19.145070	
164	7.420594	7.422303	22.130133	22.131842	19.180188	19.182629	
165	7.612210	7.613919	22.149295	22.151004	19.218511	19.220953	
166	7.807533	7.809242	22.168827	22.170536	19.257576	19.260017	
167	8.006444	8.008153	22.188718	22.190427	19.297358	19.299800	
168	8.208824	8.210533	22.208956	22.210665	19.337834	19.340276	
169	8.414550	8.416259	22.229529	22.231238	19.378979	19.381421	
170	8.623499	8.625208	22.250424	22.252133	19.420769	19.423211	
171	8.835544	8.837253	22.271628	22.273337	19.463178	19.465620	
172	9.050559	9.052268	22.293130	22.294839	19.506181	19.508623	
173	9.268413	9.270122	22.314915	22.316624	19.549752	19.552193	
174	9.488975	9.490684	22.336971	22.338680	19.593864	19.596306	
175	9.712113	9.713822	22.359285	22.360994	19.638492	19.640933	
176	9.937692	9.939401	22.381843	22.383552	19.683608	19.686049	
177	10.165576	10.167285	22.404631	22.406340	19.729185	19.731626	
178	10.395628	10.397337	22.427637	22.429345	19.775195	19.777636	
179	10.627709	10.629418	22.450845	22.452554	19.821611	19.824053	
180	10.861680	10.863389	22.474242	22.475951	19.868405	19.870847	
181	11.097399	11.099108	22.497814	22.499523	19.915549	19.917991	
182	11.334725	11.336434	22.521546	22.523255	19.963014	19.965456	
183	11.573514	11.575223	22.545425	22.547134	20.010772	20.013214	
184	11.813623	11.815332	22.569436	22.571145	20.058794	20.061235	
185	12.054907	12.056616	22.593564	22.595273	20.107051	20.109492	
186	12.297222	12.298931	22.617796	22.619505	20.155514	20.157955	
187	12.540420	12.542129	22.642116	22.643825	20.204153	20.206595	
188	12.784355	12.786064	22.666509	22.668218	20.252940	20.255382	
189	13.028881	13.030590	22.690962	22.692671	20.301845	20.304287	
190	13.273850	13.275559	22.715459	22.717168	20.350839	20.353281	
191	13.519114	13.520823	22.739985	22.741694	20.399892	20.402334	
192	13.764526	13.766235	22.764526	22.766235	20.448975	20.451416	
193	14.009939	14.011648	22.789068	22.790777	20.498057	20.500498	
194	14.255203	14.256912	22.813594	22.815303	20.547110	20.549551	
195	14.500172	14.501881	22.838091	22.839800	20.596104	20.598545	
196	14.744698	14.746407	22.862544	22.864252	20.645009	20.647450	
197	14.988633	14.990342	22.886937	22.888646	20.693796	20.696237	
198	15.231831	15.233540	22.911257	22.912966	20.742436	20.744877	
199	15.474145	15.475854	22.935488	22.937197	20.790898	20.793340	
200	15.715430	15.717139	22.959617	22.961326	20.839155	20.841597	
201	15.955539	15.957248	22.983628	22.985337	20.887177	20.889618	
202	16.194328	16.196037	23.007507	23.009216	20.934935	20.937376	
203	16.431654	16.433363	23.031239	23.032948	20.982400	20.984842	
204	16.667373	16.669082	23.054811	23.056520	21.029544	21.031985	
205	16.901344	16.903053	23.078208	23.079917	21.076338	21.078779	
206	17.133425	17.135134	23.101416	23.103125	21.122754	21.125196	
207	17.363477	17.365186	23.124421	23.126130	21.168765	21.171206	
208	17.591361	17.593070	23.147210	23.148919	21.214341	21.216783	
209	17.816940	17.818648	23.169768	23.171477	21.259457	21.261899	
210	18.040077	18.041786	23.192081	23.193790	21.304085	21.306526	
211	18.260640	18.262349	23.214138	23.215847	21.348197	21.350639	
212	18.478494	18.480203	23.235923	23.237632	21.391768	21.394209	
213	18.693508	18.695217	23.257425	23.259134	21.434771	21.437212	
214	18.905554	18.907263	23.278629	23.280338	21.477180	21.479622	
215	19.114503	19.116212	23.299524	23.301233	21.518970	21.521411	
216	19.320229	19.321938	23.320097	23.321806	21.560115	21.562556	
217	19.522608	19.524317	23.340335	23.342044	21.600591	21.603032	
218	19.721519	19.723228	23.360226	23.361935	21.640373	21.642815	
219	19.916842	19.918551	23.379758	23.381467	21.679438	21.681879	
220	20.108459	20.110168	23.398920	23.400629	21.717761	21.720203	
221	20.296255	20.297964	23.417699	23.419408	21.755320	21.757762	
222	20.480116	20.481825	23.436085	23.437794	21.792093	21.794534	
223	20.659932	20.661641	23.454067	23.455776	21.828056	21.830497	
224	20.835594	20.837303	23.471633	23.473342	21.863188	21.865630	
225	21.006997	21.008706	23.488773	23.490482	21.897469	21.899910	
226	21.174038	21.175747	23.505477	23.507186	21.930877	21.933318	
227	21.336615	21.338324	23.521735	23.523444	21.963392	21.965834	
228	21.494631	21.496340	23.537537	23.539246	21.994996	21.997437	
229	21.647991	21.649700	23.552873	23.554582	22.025667	22.028109	
230	21.796602	21.798311	23.567734	23.569443	22.055390	22.057831	
231	21.940374	21.942083	23.582111	23.583820	22.084144	22.086586	
232	22.079222	22.080931	23.595996	23.597705	22.111914	22.114355	
233	22.213062	22.214771	23.609380	23.611089	22.138682	22.141123	
234	22.341812	22.343521	23.622255	23.623964	22.164432	22.166873	
235	22.465396	22.467105	23.634613	23.636322	22.189149	22.191590	
236	22.583739	22.585448	23.646448	23.648157	22.212817	22.215259	
237	22.696769	22.698478	23.657751	23.659460	22.235423	22.237865	
238	22.804419	22.806128	23.668516	23.670225	22.256953	22.259395	
239	22.906624	22.908333	23.678736	23.680445	22.277394	22.279836	
240	23.003322	23.005031	23.688406	23.690115	22.296734	22.299175	
241	23.094454	23.096163	23.697519	23.699228	22.314960	22.317402	
242	23.179967	23.181676	23.706070	23.707779	22.332063	22.334504	
243	23.259808	23.261517	23.714055	23.715764	22.348031	22.350472	
244	23.333930	23.335639	23.721467	23.723176	22.362855	22.365297	
245	23.402287	23.403996	23.728302	23.730011	22.376527	22.378968	
246	23.464839	23.466548	23.734558	23.736267	22.389037	22.391479	
247	23.521548	23.523257	23.740228	23.741937	22.400379	22.402820	
248	23.572379	23.574088	23.745312	23.747021	22.410545	22.412987	
249	23.617303	23.619012	23.749804	23.751513	22.419530	22.421971	
250	23.656291	23.658000	23.753703	23.755412	22.427328	22.429769	
251	23.689322	23.691031	23.757006	23.758715	22.433934	22.436375	
252	23.716374	23.718083	23.759711	23.761420	22.439344	22.441785	
253	23.737431	23.739140	23.761817	23.763526	22.443556	22.445997	
254	23.752481	23.754190	23.763322	23.765031	22.446566	22.449007	
255	23.761515	23.763224	23.764225	23.765934	22.448372	22.450814	
256	23.764526	23.766235	23.764526	23.766235	22.448975	22.451416	
257	23.759286	23.760995	23.763141	23.764850	22.447769	22.450211	
258	23.743572	23.745281	23.758981	23.760690	22.444148	22.446589	
259	23.717404	23.719113	23.752039	23.753748	22.438092	22.440534	
260	23.680815	23.682524	23.742302	23.744011	22.429574	22.432016	
261	23.633851	23.635560	23.729751	23.731460	22.418553	22.420995	
262	23.576573	23.578281	23.714363	23.716072	22.404978	22.407419	
263	23.509051	23.510760	23.696110	23.697819	22.388785	22.391226	
264	23.431372	23.433081	23.674957	23.676666	22.369900	22.372342	
265	23.343633	23.345342	23.650867	23.652576	22.348241	22.350682	
266	23.245944	23.247653	23.623796	23.625505	22.323711	22.326152	
267	23.138429	23.140138	23.593697	23.595406	22.296206	22.298647	
268	23.021221	23.022930	23.560519	23.562228	22.265611	22.268053	
269	22.894468	22.896177	23.524204	23.525913	22.231803	22.234244	
270	22.758328	22.760037	23.484694	23.486403	22.194648	22.197090	
271	22.612969	22.614678	23.441925	23.443634	22.154006	22.156447	
272	22.458572	22.460281	23.395830	23.397539	22.109727	22.112168	
273	22.295328	22.297037	23.346339	23.348048	22.061654	22.064095	
274	22.123438	22.125147	23.293379	23.295088	22.009623	22.012065	
275	21.943113	21.944822	23.236875	23.238584	21.953466	21.955907	
276	21.754573	21.756282	23.176748	23.178457	21.893004	21.895446	
277	21.558048	21.559757	23.112919	23.114628	21.828058	21.830500	
278	21.353776	21.355485	23.045306	23.047015	21.758442	21.760884	
279	21.142004	21.143713	22.973827	22.975536	21.683966	21.686408	
280	20.922986	20.924695	22.898399	22.900108	21.604438	21.606880	
281	20.696983	20.698692	22.818936	22.820645	21.519662	21.522103	
282	20.464265	20.465974	22.735354	22.737063	21.429441	21.431882	
283	20.225105	20.226814	22.647569	22.649278	21.333577	21.336018	
284	19.979786	19.981495	22.555497	22.557206	21.231871	21.234312	
285	19.728592	19.730301	22.459055	22.460764	21.124125	21.126566	
286	19.471816	19.473525	22.358161	22.359870	21.010141	21.012583	
287	19.209753	19.211462	22.252736	22.254445	20.889725	20.892166	
288	18.942701	18.944410	22.142701	22.144410	20.762683	20.765125	
289	18.670964	18.672673	22.027981	22.029690	20.628826	20.631268	
290	18.394847	18.396556	21.908502	21.910211	20.487969	20.490411	
291	18.114659	18.116368	21.784196	21.785905	20.339932	20.342373	
292	17.830708	17.832417	21.654997	21.656706	20.184538	20.186980	
293	17.543306	17.545015	21.520842	21.522551	20.021621	20.024062	
294	17.252763	17.254472	21.381674	21.383383	19.851018	19.853459	
295	16.959393	16.961102	21.237440	21.239149	19.672575	19.675017	
296	16.663505	16.665214	21.088092	21.089801	19.486149	19.488590	
297	16.365412	16.367121	20.933588	20.935297	19.291602	19.294043	
298	16.065422	16.067131	20.773891	20.775600	19.088809	19.091250	
299	15.763842	15.765551	20.608971	20.610680	18.877654	18.880095	
300	15.460978	15.462687	20.438803	20.440512	18.658033	18.660475	
301	15.157132	15.158841	20.263370	20.265079	18.429854	18.432295	
302	14.852603	14.854312	20.082662	20.084371	18.193036	18.195477	
303	14.547686	14.549395	19.896675	19.898384	17.947512	17.949954	
304	14.242673	14.244382	19.705415	19.707124	17.693230	17.695671	
305	13.937850	13.939559	19.508894	19.510603	17.430149	17.432590	
306	13.633498	13.635207	19.307131	19.308840	17.158244	17.160685	
307	13.329893	13.331602	19.100158	19.101867	16.877505	16.879946	
308	13.027306	13.029015	18.888009	18.889718	16.587938	16.590380	
309	12.726001	12.727710	18.670732	18.672441	16.289565	16.292006	
310	12.426234	12.427943	18.448382	18.450091	15.982421	15.984863	
311	12.128257	12.129966	18.221023	18.222732	15.666562	15.669004	
312	11.832313	11.834022	17.988727	17.990436	15.342058	15.344500	
313	11.538637	11.540346	17.751578	17.753287	15.008997	15.011438	
314	11.247457	11.249166	17.509666	17.511375	14.667483	14.669925	
315	10.958994	10.960703	17.263094	17.264803	14.317639	14.320081	
316	10.673458	10.675167	17.011971	17.013680	13.959605	13.962046	
317	10.391054	10.392763	16.756419	16.758128	13.593537	13.595979	
318	10.111975	10.113684	16.496566	16.498275	13.219612	13.222053	
319	9.836407	9.838116	16.232553	16.234262	12.838021	12.840462	
320	9.564526	9.566235	15.964526	15.966235	12.448975	12.451416	
321	9.296500	9.298209	15.692646	15.694355	12.052701	12.055143	
322	9.032486	9.034195	15.417078	15.418786	11.649446	11.651887	
323	8.772634	8.774343	15.137999	15.139708	11.239471	11.241913	
324	8.517081	8.518790	14.855594	14.857303	10.823056	10.825498	
325	8.265959	8.267668	14.570059	14.571768	10.400498	10.402939	
326	8.019387	8.021096	14.281596	14.283305	9.972108	9.974549	
327	7.777475	7.779184	13.990416	13.992125	9.538217	9.540658	
328	7.540326	7.542035	13.696740	13.698449	9.099168	9.101609	
329	7.308030	7.309739	13.400796	13.402505	8.655323	8.657764	
330	7.080670	7.082379	13.102818	13.104527	8.207056	8.209497	
331	6.858320	6.860029	12.803052	12.804761	7.754756	7.757198	
332	6.641044	6.642753	12.501746	12.503455	7.298829	7.301270	
333	6.428895	6.430604	12.199159	12.200868	6.839689	6.842131	
334	6.221921	6.223630	11.895555	11.897264	6.377768	6.380210	
335	6.020159	6.021868	11.591203	11.592912	5.913507	5.915949	
336	5.823638	5.825347	11.286379	11.288088	5.447360	5.449801	
337	5.632378	5.634087	10.981366	10.983075	4.979790	4.982232	
338	5.446391	5.448100	10.676450	10.678159	4.511273	4.513714	
339	5.265683	5.267392	10.371921	10.373630	4.042291	4.044733	
340	5.090250	5.091959	10.068075	10.069784	3.573338	3.575779	
341	4.920082	4.921791	9.765211	9.766920	3.104912	3.107353	
342	4.755161	4.756870	9.463631	9.465340	2.637521	2.639962	
343	4.595464	4.597173	9.163641	9.165350	2.171678	2.174119	
344	4.440960	4.442669	8.865547	8.867256	1.707901	1.710343	
345	4.291612	4.293321	8.569660	8.571369	1.246713	1.249155	
346	4.147379	4.149088	8.276290	8.277998	0.788640	0.791081	
347	4.008211	4.009920	7.985747	7.987456	0.334210	0.336651	
348	3.874056	3.875765	7.698345	7.700054	-0.116047	-0.113606	
349	3.744856	3.746565	7.414394	7.416103	-0.561599	-0.559158	
350	3.620550	3.622259	7.134205	7.135914	-1.001917	-0.999476	
351	3.501072	3.502781	6.858089	6.859798	-1.436471	-1.434030	
352	3.386352	3.388061	6.586352	6.588061	-1.864734	-1.862292	
353	3.276317	3.278026	6.319300	6.321009	-2.286182	-2.283740	
354	3.170891	3.172600	6.057237	6.058946	-2.700295	-2.697853	
355	3.069998	3.071707	5.800460	5.802169	-3.106558	-3.104117	
356	2.973556	2.975265	5.549267	5.550976	-3.504464	-3.502022	
357	2.881484	2.883193	5.303947	5.305656	-3.893509	-3.891067	
358	2.793699	2.795408	5.064788	5.066497	-4.273200	-4.270759	
359	2.710117	2.711826	4.832070	4.833779	-4.643052	-4.640611	
360	2.630654	2.632363	4.606067	4.607776	-5.002589	-5.000148	
361	2.555225	2.556934	4.387049	4.388758	-5.351348	-5.348906	
362	2.483746	2.485455	4.175277	4.176986	-5.688873	-5.686432	
363	2.416134	2.417843	3.971005	3.972714	-6.014725	-6.012284	
364	2.352305	2.354014	3.774480	3.776189	-6.328476	-6.326035	
365	2.292178	2.293887	3.585940	3.587649	-6.629712	-6.627271	
366	2.235673	2.237382	3.405615	3.407324	-6.918034	-6.915593	
367	2.182713	2.184422	3.233725	3.235434	-7.193058	-7.190617	
368	2.133222	2.134931	3.070481	3.072190	-7.454418	-7.451977	
369	2.087127	2.088836	2.916084	2.917793	-7.701764	-7.699322	
370	2.044358	2.046067	2.770725	2.772434	-7.934762	-7.932320	
371	2.004848	2.006557	2.634584	2.636293	-8.153099	-8.150657	
372	1.968534	1.970243	2.507831	2.509540	-8.356480	-8.354038	
373	1.935355	1.937064	2.390624	2.392333	-8.544628	-8.542187	
374	1.905257	1.906966	2.283109	2.284818	-8.717289	-8.714848	
375	1.878186	1.879895	2.185420	2.187129	-8.874227	-8.871786	
376	1.854096	1.855805	2.097681	2.099390	-9.015228	-9.012787	
377	1.832943	1.834652	2.020002	2.021711	-9.140100	-9.137658	
378	1.814689	1.816398	1.952480	1.954189	-9.248671	-9.246229	
379	1.799301	1.801010	1.895201	1.896910	-9.340792	-9.338350	
380	1.786751	1.788460	1.848238	1.849947	-9.416337	-9.413895	
381	1.777014	1.778723	1.811649	1.813358	-9.475202	-9.472761	
382	1.770072	1.771781	1.785481	1.787190	-9.517307	-9.514865	
383	1.765912	1.767621	1.769767	1.771476	-9.542593	-9.540151	
384	1.764526	1.766235	1.764526	1.766235	-9.551025	-9.548584	
