#p	a1_up	a1_dn	b1_up	b1_dn	c1_up	c1_dn	a2_up	a2_dn	b2_up	b2_dn	c2_up	c2_dn	NaN
0	-11.231230	21.105882	-11.231230	21.105882	-22.159141	10.466592	11.284789	43.621901	11.284789	43.621901	10.230552	42.856284	
1	-11.230936	21.106176	-11.228288	21.108825	-22.154953	10.470779	11.281846	43.618959	11.284494	43.621607	10.229978	42.855711	
2	-11.230053	21.107059	-11.219461	21.117651	-22.142393	10.483339	11.273020	43.610132	11.283612	43.620724	10.228259	42.853991	
3	-11.228583	21.108529	-11.204757	21.132355	-22.121468	10.504264	11.258316	43.595428	11.282141	43.619253	10.225394	42.851126	
4	-11.226525	21.110587	-11.184186	21.152927	-22.092191	10.533541	11.237744	43.574857	11.280084	43.617196	10.221386	42.847118	
5	-11.223882	21.113230	-11.157761	21.179352	-22.054581	10.571152	11.211319	43.548432	11.277441	43.614553	10.216237	42.841970	
6	-11.220655	21.116457	-11.125500	21.211613	-22.008659	10.617073	11.179058	43.516171	11.274213	43.611326	10.209952	42.835685	
7	-11.216846	21.120266	-11.087425	21.249688	-21.954455	10.671277	11.140983	43.478096	11.270404	43.607516	10.202534	42.828267	
8	-11.212457	21.124656	-11.043562	21.293550	-21.892002	10.733731	11.097121	43.434233	11.266015	43.603127	10.193989	42.819722	
9	-11.207490	21.129622	-10.993942	21.343171	-21.821337	10.804395	11.047500	43.384613	11.261049	43.598161	10.184323	42.810055	
10	-11.201950	21.135162	-10.938597	21.398516	-21.742506	10.883227	10.992155	43.329268	11.255508	43.592621	10.173542	42.799274	
11	-11.195839	21.141273	-10.877565	21.459547	-21.655555	10.970177	10.931124	43.268236	11.249397	43.586510	10.161654	42.787386	
12	-11.189161	21.147951	-10.810890	21.526223	-21.560539	11.065193	10.864448	43.201561	11.242720	43.579832	10.148667	42.774399	
13	-11.181920	21.155192	-10.738615	21.598497	-21.457517	11.168216	10.792174	43.129286	11.235479	43.572591	10.134590	42.760322	
14	-11.174121	21.162991	-10.660792	21.676320	-21.346550	11.279182	10.714351	43.051463	11.227679	43.564791	10.119433	42.745165	
15	-11.165768	21.171344	-10.577474	21.759638	-21.227709	11.398024	10.631033	42.968145	11.219326	43.556438	10.103206	42.728939	
16	-11.156866	21.180246	-10.488719	21.848393	-21.101065	11.524667	10.542278	42.879390	11.210424	43.547537	10.085922	42.711654	
17	-11.147421	21.189691	-10.394589	21.942523	-20.966698	11.659035	10.448148	42.785260	11.200979	43.538092	10.067592	42.693324	
18	-11.137439	21.199674	-10.295150	22.041962	-20.824689	11.801043	10.348709	42.685821	11.190997	43.528109	10.048229	42.673961	
19	-11.126925	21.210187	-10.190472	22.146640	-20.675127	11.950606	10.244031	42.581143	11.180483	43.517595	10.027846	42.653579	
20	-11.115886	21.221226	-10.080630	22.256483	-20.518103	12.107630	10.134188	42.471301	11.169444	43.506557	10.006459	42.632191	
21	-11.104329	21.232783	-9.965701	22.371412	-20.353714	12.272018	10.019259	42.356372	11.157887	43.494999	9.984082	42.609814	
22	-11.092261	21.244852	-9.845768	22.491345	-20.182063	12.443669	9.899326	42.236439	11.145819	43.482931	9.960731	42.586463	
23	-11.079689	21.257424	-9.720918	22.616195	-20.003254	12.622478	9.774476	42.111589	11.133247	43.470359	9.936423	42.562155	
24	-11.066620	21.270492	-9.591243	22.745870	-19.817399	12.808333	9.644801	41.981914	11.120179	43.457291	9.911175	42.536907	
25	-11.053064	21.284049	-9.456836	22.880276	-19.624612	13.001121	9.510395	41.847507	11.106622	43.443734	9.885005	42.510738	
26	-11.039027	21.298085	-9.317800	23.019313	-19.425012	13.200720	9.371358	41.708471	11.092585	43.429698	9.857933	42.483665	
27	-11.024519	21.312593	-9.174238	23.162875	-19.218723	13.407009	9.227796	41.564909	11.078078	43.415190	9.829977	42.455710	
28	-11.009549	21.327564	-9.026259	23.310854	-19.005873	13.619859	9.079817	41.416930	11.063107	43.400219	9.801159	42.426891	
29	-10.994125	21.342988	-8.873978	23.463135	-18.786593	13.839139	8.927536	41.264649	11.047683	43.384795	9.771498	42.397231	
30	-10.978256	21.358856	-8.717514	23.619599	-18.561020	14.064712	8.771072	41.108185	11.031815	43.368927	9.741018	42.366750	
31	-10.961954	21.375158	-8.556991	23.780122	-18.329293	14.296439	8.610549	40.947662	11.015512	43.352624	9.709739	42.335472	
32	-10.945227	21.391886	-8.392539	23.944574	-18.091557	14.534176	8.446097	40.783210	10.998785	43.335897	9.677686	42.303419	
33	-10.928085	21.409027	-8.224294	24.112819	-17.847958	14.777774	8.277852	40.614965	10.981644	43.318756	9.644883	42.270615	
34	-10.910540	21.426572	-8.052398	24.284715	-17.598649	15.027084	8.105956	40.443069	10.964098	43.301210	9.611352	42.237085	
35	-10.892601	21.444511	-7.876999	24.460114	-17.343784	15.281948	7.930557	40.267670	10.946160	43.283272	9.577121	42.202854	
36	-10.874280	21.462832	-7.698253	24.638859	-17.083524	15.542209	7.751812	40.088924	10.927839	43.264951	9.542215	42.167948	
37	-10.855588	21.481524	-7.516324	24.820789	-16.818029	15.807704	7.569882	39.906995	10.909146	43.246259	9.506661	42.132393	
38	-10.836536	21.500576	-7.331382	25.005731	-16.547466	16.078267	7.384940	39.722053	10.890095	43.227207	9.470485	42.096218	
39	-10.817136	21.519976	-7.143608	25.193505	-16.272004	16.353729	7.197166	39.534279	10.870694	43.207807	9.433717	42.059449	
40	-10.797399	21.539713	-6.953193	25.383920	-15.991815	16.633917	7.006751	39.343864	10.850958	43.188070	9.396384	42.022116	
41	-10.777338	21.559774	-6.760339	25.576774	-15.707076	16.918656	6.813897	39.151010	10.830897	43.168009	9.358516	41.984248	
42	-10.756965	21.580147	-6.565261	25.771852	-15.417965	17.207767	6.618819	38.955932	10.810523	43.147635	9.320143	41.945876	
43	-10.736291	21.600821	-6.368188	25.968925	-15.124664	17.501069	6.421746	38.758859	10.789850	43.126962	9.281297	41.907029	
44	-10.715331	21.621781	-6.169365	26.167748	-14.827357	17.798375	6.222923	38.560036	10.768889	43.106001	9.242008	41.867740	
45	-10.694095	21.643017	-5.969056	26.368057	-14.526233	18.099499	6.022614	38.359727	10.747654	43.084766	9.202308	41.828041	
46	-10.672598	21.664514	-5.767547	26.569566	-14.221482	18.404251	5.821105	38.158218	10.726157	43.063269	9.162232	41.787964	
47	-10.650853	21.686259	-5.565149	26.771964	-13.913296	18.712436	5.618707	37.955820	10.704411	43.041523	9.121812	41.747544	
48	-10.628872	21.708241	-5.362201	26.974912	-13.601872	19.023860	5.415759	37.752872	10.682430	43.019542	9.081082	41.706815	
49	-10.606668	21.730444	-5.159079	27.178034	-13.287408	19.338324	5.212637	37.549750	10.660226	42.997339	9.040079	41.665811	
50	-10.584256	21.752856	-4.956197	27.380916	-12.970105	19.655627	5.009755	37.346868	10.637814	42.974927	8.998838	41.624570	
51	-10.561649	21.775463	-4.754019	27.583093	-12.650165	19.975567	4.807578	37.144690	10.615207	42.952319	8.957395	41.583128	
52	-10.538860	21.798252	-4.553067	27.784046	-12.327794	20.297938	4.606625	36.943738	10.592419	42.929531	8.915789	41.541521	
53	-10.515904	21.821208	-4.353929	27.983184	-12.003199	20.622533	4.407487	36.744600	10.569462	42.906574	8.874057	41.499790	
54	-10.492794	21.844318	-4.157276	28.179837	-11.676591	20.949142	4.210834	36.547947	10.546352	42.883465	8.832240	41.457972	
55	-10.469544	21.867568	-3.963877	28.373236	-11.348179	21.277553	4.017435	36.354548	10.523103	42.860215	8.790375	41.416108	
56	-10.446169	21.890943	-3.774616	28.562496	-11.018179	21.607553	3.828175	36.165287	10.499727	42.836840	8.748506	41.374239	
57	-10.422682	21.914430	-3.590514	28.746598	-10.686805	21.938927	3.644073	35.981185	10.476241	42.813353	8.706674	41.332406	
58	-10.399098	21.938014	-3.412751	28.924361	-10.354275	22.271457	3.466310	35.803422	10.452656	42.789769	8.664921	41.290653	
59	-10.375431	21.961681	-3.242690	29.094423	-10.020808	22.604924	3.296248	35.633361	10.428989	42.766101	8.623291	41.249024	
60	-10.351695	21.985417	-3.081895	29.255218	-9.686625	22.939108	3.135453	35.472566	10.405253	42.742366	8.581830	41.207563	
61	-10.327905	22.009207	-2.932147	29.404966	-9.351947	23.273785	2.985705	35.322818	10.381463	42.718575	8.540583	41.166316	
62	-10.304074	22.033038	-2.795435	29.541677	-9.016999	23.608733	2.848994	35.186106	10.357633	42.694745	8.499598	41.125331	
63	-10.280219	22.056894	-2.673930	29.663183	-8.682007	23.943726	2.727488	35.064601	10.333777	42.670889	8.458923	41.084655	
64	-10.256351	22.080761	-2.569907	29.767206	-8.347196	24.278536	2.623465	34.960578	10.309910	42.647022	8.418608	41.044340	
65	-10.232488	22.104625	-2.485626	29.851487	-8.012797	24.612936	2.539184	34.876297	10.286046	42.623158	8.378703	41.004435	
66	-10.208641	22.128471	-2.423157	29.913956	-7.679038	24.946695	2.476715	34.813828	10.262200	42.599312	8.339261	40.964993	
67	-10.184827	22.152285	-2.384167	29.952946	-7.346150	25.279582	2.437725	34.774838	10.238385	42.575497	8.300336	40.926068	
68	-10.161059	22.176053	-2.369712	29.967401	-7.014367	25.611366	2.423270	34.760383	10.214617	42.551729	8.261984	40.887716	
69	-10.137351	22.199761	2.433645	34.770757	-6.683922	25.941811	-2.380086	29.957026	10.190910	42.528022	8.224261	40.849993	
70	-10.113719	22.223394	2.468326	34.805439	-6.355050	26.270682	-2.414768	29.922345	10.167277	42.504389	8.187227	40.812959	
71	-10.090175	22.246937	2.526046	34.863159	-6.027988	26.597744	-2.472488	29.864625	10.143734	42.480846	8.150942	40.776674	
72	-10.066735	22.270377	2.604956	34.942068	-5.702974	26.922759	-2.551397	29.785715	10.120293	42.457406	8.115469	40.741201	
73	-10.043412	22.293700	2.702837	35.039950	-5.380246	27.245486	-2.649279	29.687834	10.096971	42.434083	8.080872	40.706605	
74	-10.020221	22.316891	2.817319	35.154431	-5.060046	27.565686	-2.763760	29.573352	10.073779	42.410892	8.047219	40.672952	
75	-9.997175	22.339937	2.946041	35.283154	-4.742615	27.883118	-2.892483	29.444630	10.050733	42.387846	8.014579	40.640311	
76	-9.974288	22.362824	3.086780	35.423892	-4.428195	28.197537	-3.033221	29.303891	10.027847	42.364959	7.983022	40.608755	
77	-9.951574	22.385538	3.237506	35.574618	-4.117031	28.508701	-3.183947	29.153165	10.005133	42.342245	7.952623	40.578356	
78	-9.929047	22.408065	3.396417	35.733529	-3.809369	28.816363	-3.342858	28.994254	9.982605	42.319718	7.923458	40.549191	
79	-9.906720	22.430392	3.561934	35.899047	-3.505454	29.120278	-3.508376	28.828737	9.960278	42.297390	7.895606	40.521338	
80	-9.884606	22.452506	3.732689	36.069802	-3.205535	29.420197	-3.679131	28.657982	9.938164	42.275276	7.869147	40.494880	
81	-9.862719	22.474393	3.907501	36.244614	-2.909860	29.715873	-3.853943	28.483170	9.916277	42.253389	7.844167	40.469899	
82	-9.841072	22.496041	4.085352	36.422464	-2.618677	30.007055	-4.031793	28.305319	9.894630	42.231742	7.820750	40.446482	
83	-9.819677	22.517435	4.265362	36.602475	-2.332238	30.293495	-4.211804	28.125309	9.873235	42.210348	7.798985	40.424717	
84	-9.798548	22.538564	4.446771	36.783884	-2.050791	30.574941	-4.393213	27.943900	9.852106	42.189219	7.778963	40.404695	
85	-9.777697	22.559415	4.628917	36.966030	-1.774587	30.851145	-4.575359	27.761754	9.831256	42.168368	7.760776	40.386509	
86	-9.757137	22.579975	4.811221	37.148334	-1.503875	31.121857	-4.757663	27.579450	9.810696	42.147808	7.744519	40.370251	
87	-9.736880	22.600232	4.993173	37.330286	-1.238903	31.386829	-4.939615	27.397498	9.790439	42.127551	7.730286	40.356018	
88	-9.716938	22.620174	5.174322	37.511435	-0.979917	31.645815	-5.120764	27.216349	9.770497	42.107609	7.718171	40.343904	
89	-9.697323	22.639789	5.354266	37.691379	-0.727160	31.898572	-5.300708	27.036405	9.750882	42.087994	7.708270	40.334002	
90	-9.678047	22.659065	5.532645	37.869758	-0.480872	32.144861	-5.479087	26.858026	9.731605	42.068717	7.700674	40.326407	
91	-9.659121	22.677992	5.709132	38.046245	-0.241284	32.384448	-5.655574	26.681539	9.712679	42.049791	7.695475	40.321207	
92	-9.640556	22.696556	5.883433	38.220546	-0.008625	32.617108	-5.829875	26.507238	9.694114	42.031226	7.692755	40.318488	
93	-9.622363	22.714749	6.055278	38.392391	0.216890	32.842622	-6.001720	26.335393	9.675922	42.013034	7.692596	40.318328	
94	-9.604555	22.732558	6.224419	38.561532	0.435052	33.060785	-6.170861	26.166252	9.658113	41.995225	7.695066	40.320799	
95	-9.587139	22.749973	6.390629	38.727741	0.645671	33.271403	-6.337070	26.000042	9.640698	41.977810	7.700227	40.325959	
96	-9.570129	22.766984	6.553696	38.890809	0.848568	33.474301	-6.500138	25.836975	9.623687	41.960799	7.708124	40.333857	
97	-9.553532	22.783580	6.713424	39.050537	1.043587	33.669319	-6.659866	25.677247	9.607091	41.944203	7.718790	40.344522	
98	-9.537360	22.799752	6.869630	39.206743	1.230589	33.856322	-6.816072	25.521041	9.590919	41.928031	7.732235	40.357968	
99	-9.521622	22.815490	7.022144	39.359256	1.409465	34.035198	-6.968585	25.368527	9.575180	41.912293	7.748452	40.374184	
100	-9.506327	22.830785	7.170804	39.507916	1.580130	34.205863	-7.117245	25.219867	9.559885	41.896998	7.767406	40.393139	
101	-9.491484	22.845628	7.315459	39.652572	1.742530	34.368262	-7.261901	25.075212	9.545043	41.882155	7.789039	40.414771	
102	-9.477103	22.860010	7.455969	39.793082	1.896642	34.522374	-7.402411	24.934702	9.530661	41.867773	7.813259	40.438992	
103	-9.463191	22.873922	7.592199	39.929311	2.042480	34.668212	-7.538640	24.798472	9.516749	41.853861	7.839949	40.465682	
104	-9.449756	22.887356	7.724023	40.061135	2.180089	34.805822	-7.670464	24.666648	9.503315	41.840427	7.868957	40.494690	
105	-9.436808	22.900304	7.851321	40.188434	2.309554	34.935286	-7.797763	24.539350	9.490366	41.827479	7.900100	40.525832	
106	-9.424353	22.912759	7.973983	40.311095	2.430990	35.056723	-7.920424	24.416688	9.477912	41.815024	7.933164	40.558896	
107	-9.412399	22.924713	8.091900	40.429013	2.544549	35.170282	-8.038342	24.298771	9.465958	41.803070	7.967906	40.593638	
108	-9.400953	22.936159	8.204974	40.542086	2.650412	35.276145	-8.151415	24.185697	9.454511	41.791624	8.004054	40.629787	
109	-9.390022	22.947090	8.313109	40.650221	2.748788	35.374520	-8.259550	24.077562	9.443580	41.780692	8.041315	40.667048	
110	-9.379612	22.957501	8.416216	40.753329	2.839908	35.465641	-8.362658	23.974455	9.433170	41.770282	8.079374	40.705107	
111	-9.369729	22.967383	8.514213	40.851325	2.924027	35.549759	-8.460654	23.876458	9.423287	41.760399	8.117901	40.743634	
112	-9.360379	22.976733	8.607020	40.944132	3.001410	35.627142	-8.553461	23.783651	9.413937	41.751050	8.156556	40.782288	
113	-9.351568	22.985544	8.694563	41.031676	3.072334	35.698066	-8.641005	23.696108	9.405126	41.742239	8.194991	40.820723	
114	-9.343301	22.993811	8.776775	41.113887	3.137081	35.762813	-8.723216	23.613896	9.396859	41.733971	8.232859	40.858592	
115	-9.335583	23.001530	8.853590	41.190703	3.195932	35.821664	-8.800032	23.537081	9.389141	41.726253	8.269817	40.895550	
116	-9.328417	23.008695	8.924950	41.262063	3.249165	35.874897	-8.871392	23.465721	9.381976	41.719088	8.305531	40.931263	
117	-9.321810	23.015302	8.990801	41.327914	3.297048	35.922780	-8.937243	23.399870	9.375368	41.712481	8.339676	40.965408	
118	-9.315764	23.021348	9.051092	41.388204	3.339840	35.965572	-8.997533	23.339579	9.369322	41.706434	8.371947	40.997679	
119	-9.310283	23.026829	9.105777	41.442890	3.377782	36.003514	-9.052219	23.284894	9.363841	41.700953	8.402055	41.027787	
120	-9.305370	23.031742	9.154816	41.491928	3.411100	36.036832	-9.101257	23.235855	9.358928	41.696041	8.429735	41.055467	
121	-9.301028	23.036084	9.198171	41.535284	3.439999	36.065731	-9.144613	23.192500	9.354587	41.691699	8.454744	41.080476	
122	-9.297261	23.039852	9.235811	41.572923	3.464664	36.090396	-9.182252	23.154860	9.350819	41.687931	8.476866	41.102598	
123	-9.294068	23.043044	9.267707	41.604820	3.485256	36.110988	-9.214149	23.122964	9.347627	41.684739	8.495910	41.121642	
124	-9.291454	23.045658	9.293836	41.630949	3.501913	36.127645	-9.240278	23.096835	9.345013	41.682125	8.511715	41.137447	
125	-9.289419	23.047693	9.314179	41.651292	3.514750	36.140482	-9.260621	23.076492	9.342978	41.680090	8.524147	41.149879	
126	-9.287965	23.049147	9.328720	41.665833	3.523855	36.149587	-9.275162	23.061951	9.341523	41.678636	8.533102	41.158834	
127	-9.287092	23.050020	9.337449	41.674562	3.529293	36.155025	-9.283891	23.053222	9.340650	41.677763	8.538504	41.164237	
128	-9.286801	23.050311	9.340359	41.677472	36.155025	41.166043	-9.286801	23.050312	9.340359	41.677472	3.531101	36.156833	
129	-9.283891	23.053222	9.340650	41.677763	8.538504	41.164237	-9.287092	23.050021	9.337449	41.674561	3.529293	36.155025	
130	-9.275162	23.061951	9.341523	41.678636	8.533102	41.158834	-9.287965	23.049148	9.328720	41.665832	3.523855	36.149587	
131	-9.260620	23.076492	9.342978	41.680090	8.524147	41.149879	-9.289419	23.047693	9.314179	41.651291	3.514750	36.140482	
132	-9.240278	23.096834	9.345013	41.682125	8.511715	41.137447	-9.291454	23.045658	9.293836	41.630948	3.501913	36.127645	
133	-9.214149	23.122963	9.347627	41.684740	8.495910	41.121642	-9.294069	23.043044	9.267707	41.604819	3.485256	36.110988	
134	-9.182252	23.154860	9.350819	41.687932	8.476866	41.102598	-9.297261	23.039852	9.235811	41.572923	3.464664	36.090396	
135	-9.144613	23.192500	9.354587	41.691700	8.454744	41.080476	-9.301029	23.036084	9.198171	41.535283	3.439999	36.065731	
136	-9.101257	23.235855	9.358929	41.696041	8.429735	41.055467	-9.305370	23.031742	9.154816	41.491928	3.411100	36.036832	
137	-9.052218	23.284894	9.363841	41.700954	8.402055	41.027787	-9.310283	23.026830	9.105777	41.442889	3.377782	36.003514	
138	-8.997533	23.339579	9.369322	41.706435	8.371947	40.997679	-9.315764	23.021349	9.051092	41.388204	3.339840	35.965572	
139	-8.937243	23.399870	9.375368	41.712481	8.339676	40.965408	-9.321810	23.015303	8.990801	41.327913	3.297048	35.922780	
140	-8.871392	23.465720	9.381976	41.719089	8.305531	40.931263	-9.328418	23.008695	8.924950	41.262063	3.249165	35.874897	
141	-8.800032	23.537081	9.389141	41.726254	8.269817	40.895550	-9.335583	23.001530	8.853590	41.190702	3.195932	35.821664	
142	-8.723216	23.613896	9.396859	41.733972	8.232859	40.858592	-9.343301	22.993812	8.776774	41.113887	3.137081	35.762813	
143	-8.641005	23.696108	9.405126	41.742239	8.194991	40.820723	-9.351568	22.985545	8.694563	41.031675	3.072334	35.698066	
144	-8.553461	23.783651	9.413937	41.751050	8.156556	40.782288	-9.360379	22.976734	8.607020	40.944132	3.001410	35.627142	
145	-8.460654	23.876458	9.423287	41.760400	8.117901	40.743634	-9.369729	22.967384	8.514213	40.851325	2.924027	35.549759	
146	-8.362658	23.974454	9.433170	41.770283	8.079374	40.705107	-9.379612	22.957501	8.416216	40.753328	2.839908	35.465641	
147	-8.259550	24.077562	9.443580	41.780693	8.041315	40.667048	-9.390022	22.947091	8.313109	40.650221	2.748788	35.374520	
148	-8.151415	24.185697	9.454512	41.791624	8.004054	40.629787	-9.400953	22.936159	8.204974	40.542086	2.650412	35.276145	
149	-8.038342	24.298771	9.465958	41.803070	7.967906	40.593638	-9.412399	22.924713	8.091900	40.429012	2.544549	35.170282	
150	-7.920424	24.416688	9.477912	41.815024	7.933164	40.558896	-9.424353	22.912759	7.973983	40.311095	2.430990	35.056723	
151	-7.797763	24.539349	9.490366	41.827479	7.900100	40.525832	-9.436808	22.900305	7.851321	40.188434	2.309554	34.935286	
152	-7.670464	24.666648	9.503315	41.840427	7.868957	40.494690	-9.449756	22.887356	7.724023	40.061135	2.180089	34.805822	
153	-7.538640	24.798472	9.516749	41.853862	7.839949	40.465682	-9.463191	22.873922	7.592199	39.929311	2.042480	34.668212	
154	-7.402411	24.934702	9.530661	41.867774	7.813259	40.438992	-9.477103	22.860010	7.455969	39.793081	1.896642	34.522374	
155	-7.261901	25.075211	9.545043	41.882155	7.789039	40.414771	-9.491484	22.845628	7.315459	39.652571	1.742530	34.368262	
156	-7.117245	25.219867	9.559885	41.896998	7.767406	40.393139	-9.506327	22.830786	7.170803	39.507916	1.580130	34.205863	
157	-6.968585	25.368527	9.575180	41.912293	7.748452	40.374184	-9.521622	22.815491	7.022144	39.359256	1.409465	34.035198	
158	-6.816072	25.521040	9.590919	41.928031	7.732235	40.357968	-9.537360	22.799752	6.869630	39.206742	1.230589	33.856322	
159	-6.659866	25.677247	9.607091	41.944203	7.718790	40.344522	-9.553532	22.783580	6.713424	39.050536	1.043587	33.669319	
160	-6.500137	25.836975	9.623687	41.960800	7.708124	40.333857	-9.570129	22.766984	6.553696	38.890808	0.848568	33.474301	
161	-6.337070	26.000042	9.640698	41.977811	7.700227	40.325959	-9.587140	22.749973	6.390629	38.727741	0.645671	33.271403	
162	-6.170861	26.166251	9.658113	41.995226	7.695066	40.320799	-9.604555	22.732558	6.224419	38.561531	0.435052	33.060785	
163	-6.001719	26.335393	9.675922	42.013035	7.692596	40.318328	-9.622364	22.714749	6.055278	38.392390	0.216890	32.842622	
164	-5.829875	26.507238	9.694114	42.031227	7.692755	40.318488	-9.640556	22.696557	5.883433	38.220545	-0.008625	32.617108	
165	-5.655574	26.681538	9.712679	42.049792	7.695475	40.321207	-9.659121	22.677992	5.709132	38.046244	-0.241284	32.384448	
166	-5.479086	26.858026	9.731605	42.068718	7.700674	40.326407	-9.678047	22.659066	5.532645	37.869757	-0.480872	32.144861	
167	-5.300708	27.036404	9.750882	42.087994	7.708270	40.334002	-9.697323	22.639789	5.354266	37.691379	-0.727160	31.898572	
168	-5.120764	27.216348	9.770497	42.107609	7.718171	40.343904	-9.716938	22.620174	5.174322	37.511434	-0.979917	31.645815	
169	-4.939615	27.397497	9.790439	42.127551	7.730286	40.356018	-9.736880	22.600232	4.993173	37.330285	-1.238903	31.386829	
170	-4.757663	27.579449	9.810696	42.147808	7.744519	40.370251	-9.757137	22.579975	4.811221	37.148333	-1.503875	31.121857	
171	-4.575359	27.761753	9.831256	42.168368	7.760776	40.386509	-9.777697	22.559415	4.628917	36.966029	-1.774587	30.851145	
172	-4.393213	27.943899	9.852107	42.189219	7.778963	40.404695	-9.798548	22.538564	4.446771	36.783883	-2.050791	30.574941	
173	-4.211804	28.125309	9.873235	42.210348	7.798985	40.424717	-9.819677	22.517436	4.265362	36.602474	-2.332238	30.293495	
174	-4.031793	28.305319	9.894630	42.231743	7.820750	40.446482	-9.841072	22.496041	4.085352	36.422464	-2.618677	30.007055	
175	-3.853943	28.483169	9.916277	42.253390	7.844167	40.469899	-9.862719	22.474394	3.907501	36.244613	-2.909860	29.715873	
176	-3.679131	28.657981	9.938164	42.275277	7.869147	40.494880	-9.884606	22.452507	3.732689	36.069801	-3.205535	29.420197	
177	-3.508376	28.828737	9.960278	42.297391	7.895606	40.521338	-9.906720	22.430393	3.561934	35.899046	-3.505454	29.120278	
178	-3.342858	28.994254	9.982605	42.319718	7.923458	40.549191	-9.929047	22.408066	3.396417	35.733529	-3.809369	28.816363	
179	-3.183947	29.153165	10.005133	42.342245	7.952623	40.578356	-9.951574	22.385538	3.237506	35.574618	-4.117031	28.508701	
180	-3.033221	29.303891	10.027847	42.364959	7.983022	40.608755	-9.974288	22.362824	3.086780	35.423892	-4.428195	28.197537	
181	-2.892483	29.444629	10.050733	42.387846	8.014579	40.640311	-9.997175	22.339938	2.946041	35.283153	-4.742615	27.883118	
182	-2.763760	29.573352	10.073779	42.410892	8.047219	40.672952	-10.020221	22.316892	2.817318	35.154431	-5.060046	27.565686	
183	-2.649279	29.687833	10.096971	42.434083	8.080872	40.706605	-10.043412	22.293700	2.702837	35.039949	-5.380246	27.245486	
184	-2.551397	29.785715	10.120293	42.457406	8.115469	40.741201	-10.066735	22.270378	2.604956	34.942068	-5.702974	26.922759	
185	-2.472488	29.864624	10.143734	42.480846	8.150942	40.776674	-10.090175	22.246937	2.526046	34.863158	-6.027988	26.597744	
186	-2.414767	29.922345	10.167277	42.504390	8.187227	40.812959	-10.113719	22.223394	2.468326	34.805438	-6.355050	26.270682	
187	-2.380086	29.957026	10.190910	42.528022	8.224261	40.849993	-10.137351	22.199761	2.433644	34.770757	-6.683922	25.941811	
188	2.423270	34.760382	10.214617	42.551730	8.261984	40.887716	-10.161059	22.176054	-2.369712	29.967400	-7.014367	25.611366	
189	2.437725	34.774837	10.238385	42.575498	8.300336	40.926068	-10.184827	22.152286	-2.384167	29.952946	-7.346150	25.279582	
190	2.476715	34.813827	10.262200	42.599312	8.339261	40.964993	-10.208641	22.128471	-2.423157	29.913955	-7.679038	24.946695	
191	2.539184	34.876296	10.286046	42.623159	8.378703	41.004435	-10.232488	22.104625	-2.485626	29.851486	-8.012797	24.612936	
192	2.623465	34.960577	10.309910	42.647023	8.418608	41.044340	-10.256352	22.080761	-2.569906	29.767206	-8.347196	24.278536	
193	2.727488	35.064600	10.333777	42.670890	8.458923	41.084655	-10.280219	22.056894	-2.673930	29.663183	-8.682007	23.943726	
194	2.848993	35.186106	10.357633	42.694746	8.499598	41.125331	-10.304075	22.033038	-2.795435	29.541677	-9.016999	23.608733	
195	2.985705	35.322817	10.381463	42.718576	8.540583	41.166316	-10.327905	22.009208	-2.932147	29.404966	-9.351947	23.273785	
196	3.135453	35.472566	10.405253	42.742366	8.581830	41.207563	-10.351695	21.985418	-3.081895	29.255217	-9.686625	22.939108	
197	3.296248	35.633360	10.428989	42.766102	8.623291	41.249024	-10.375431	21.961682	-3.242690	29.094422	-10.020808	22.604924	
198	3.466310	35.803422	10.452656	42.789769	8.664921	41.290653	-10.399098	21.938015	-3.412751	28.924361	-10.354275	22.271457	
199	3.644072	35.981185	10.476241	42.813353	8.706674	41.332406	-10.422682	21.914430	-3.590514	28.746598	-10.686805	21.938927	
200	3.828174	36.165287	10.499727	42.836840	8.748506	41.374239	-10.446169	21.890944	-3.774616	28.562496	-11.018179	21.607553	
201	4.017435	36.354548	10.523103	42.860215	8.790375	41.416108	-10.469544	21.867568	-3.963877	28.373235	-11.348179	21.277553	
202	4.210834	36.547946	10.546352	42.883465	8.832240	41.457972	-10.492794	21.844319	-4.157276	28.179836	-11.676591	20.949142	
203	4.407487	36.744599	10.569462	42.906575	8.874057	41.499790	-10.515904	21.821209	-4.353929	27.983184	-12.003199	20.622533	
204	4.606625	36.943737	10.592419	42.929531	8.915789	41.541521	-10.538860	21.798252	-4.553067	27.784045	-12.327794	20.297938	
205	4.807578	37.144690	10.615207	42.952320	8.957395	41.583128	-10.561649	21.775464	-4.754019	27.583093	-12.650165	19.975567	
206	5.009755	37.346867	10.637814	42.974927	8.998838	41.624570	-10.584256	21.752857	-4.956197	27.380915	-12.970105	19.655627	
207	5.212637	37.549749	10.660227	42.997339	9.040079	41.665811	-10.606668	21.730444	-5.159079	27.178034	-13.287408	19.338324	
208	5.415759	37.752871	10.682430	43.019543	9.081082	41.706815	-10.628872	21.708241	-5.362201	26.974911	-13.601872	19.023860	
209	5.618707	37.955819	10.704411	43.041524	9.121812	41.747544	-10.650853	21.686260	-5.565148	26.771964	-13.913296	18.712436	
210	5.821105	38.158217	10.726157	43.063269	9.162232	41.787964	-10.672598	21.664514	-5.767547	26.569565	-14.221482	18.404251	
211	6.022614	38.359726	10.747654	43.084767	9.202308	41.828041	-10.694096	21.643017	-5.969056	26.368056	-14.526233	18.099499	
212	6.222923	38.560035	10.768889	43.106002	9.242008	41.867740	-10.715331	21.621782	-6.169365	26.167747	-14.827357	17.798375	
213	6.421746	38.758858	10.789850	43.126962	9.281297	41.907029	-10.736291	21.600821	-6.368188	25.968924	-15.124664	17.501069	
214	6.618819	38.955932	10.810523	43.147636	9.320143	41.945876	-10.756965	21.580148	-6.565261	25.771851	-15.417965	17.207767	
215	6.813897	39.151010	10.830897	43.168009	9.358516	41.984248	-10.777338	21.559774	-6.760339	25.576773	-15.707076	16.918656	
216	7.006751	39.343863	10.850958	43.188070	9.396384	42.022116	-10.797399	21.539713	-6.953193	25.383919	-15.991815	16.633917	
217	7.197166	39.534278	10.870694	43.207807	9.433717	42.059449	-10.817136	21.519977	-7.143608	25.193505	-16.272004	16.353729	
218	7.384940	39.722052	10.890095	43.227207	9.470485	42.096218	-10.836536	21.500576	-7.331382	25.005731	-16.547466	16.078267	
219	7.569882	39.906994	10.909147	43.246259	9.506661	42.132393	-10.855588	21.481524	-7.516324	24.820789	-16.818029	15.807704	
220	7.751812	40.088924	10.927839	43.264951	9.542215	42.167948	-10.874280	21.462832	-7.698253	24.638859	-17.083524	15.542209	
221	7.930557	40.267670	10.946160	43.283272	9.577121	42.202854	-10.892601	21.444511	-7.876999	24.460113	-17.343784	15.281948	
222	8.105956	40.443068	10.964098	43.301211	9.611352	42.237085	-10.910540	21.426573	-8.052398	24.284715	-17.598649	15.027084	
223	8.277852	40.614964	10.981644	43.318756	9.644883	42.270615	-10.928085	21.409027	-8.224294	24.112819	-17.847958	14.777774	
224	8.446097	40.783209	10.998785	43.335898	9.677686	42.303419	-10.945227	21.391886	-8.392539	23.944574	-18.091557	14.534176	
225	8.610549	40.947661	11.015512	43.352625	9.709739	42.335472	-10.961954	21.375159	-8.556990	23.780122	-18.329293	14.296439	
226	8.771072	41.108184	11.031815	43.368927	9.741018	42.366750	-10.978256	21.358856	-8.717514	23.619599	-18.561020	14.064712	
227	8.927536	41.264648	11.047683	43.384796	9.771498	42.397231	-10.994125	21.342988	-8.873978	23.463134	-18.786593	13.839139	
228	9.079817	41.416930	11.063107	43.400220	9.801159	42.426891	-11.009549	21.327564	-9.026259	23.310853	-19.005873	13.619859	
229	9.227796	41.564908	11.078078	43.415190	9.829977	42.455710	-11.024519	21.312593	-9.174238	23.162874	-19.218723	13.407009	
230	9.371358	41.708471	11.092586	43.429698	9.857933	42.483665	-11.039027	21.298085	-9.317800	23.019312	-19.425012	13.200720	
231	9.510395	41.847507	11.106622	43.443735	9.885005	42.510738	-11.053064	21.284049	-9.456836	22.880276	-19.624612	13.001121	
232	9.644801	41.981913	11.120179	43.457291	9.911175	42.536907	-11.066620	21.270492	-9.591242	22.745870	-19.817399	12.808333	
233	9.774476	42.111589	11.133247	43.470360	9.936423	42.562155	-11.079689	21.257424	-9.720918	22.616194	-20.003254	12.622478	
234	9.899326	42.236438	11.145819	43.482932	9.960731	42.586463	-11.092261	21.244852	-9.845768	22.491344	-20.182063	12.443669	
235	10.019259	42.356371	11.157887	43.495000	9.984082	42.609814	-11.104329	21.232784	-9.965701	22.371412	-20.353714	12.272018	
236	10.134188	42.471300	11.169444	43.506557	10.006459	42.632191	-11.115886	21.221227	-10.080630	22.256483	-20.518103	12.107630	
237	10.244031	42.581143	11.180483	43.517596	10.027846	42.653579	-11.126925	21.210188	-10.190472	22.146640	-20.675127	11.950606	
238	10.348709	42.685821	11.190997	43.528110	10.048229	42.673961	-11.137439	21.199674	-10.295150	22.041962	-20.824689	11.801043	
239	10.448148	42.785260	11.200979	43.538092	10.067592	42.693324	-11.147421	21.189692	-10.394589	21.942523	-20.966698	11.659035	
240	10.542278	42.879390	11.210424	43.547537	10.085922	42.711654	-11.156866	21.180247	-10.488719	21.848393	-21.101065	11.524667	
241	10.631033	42.968145	11.219326	43.556439	10.103206	42.728939	-11.165768	21.171345	-10.577474	21.759638	-21.227709	11.398024	
242	10.714350	43.051463	11.227679	43.564792	10.119433	42.745165	-11.174121	21.162992	-10.660792	21.676320	-21.346550	11.279182	
243	10.792174	43.129286	11.235479	43.572591	10.134590	42.760322	-11.181920	21.155192	-10.738615	21.598497	-21.457517	11.168216	
244	10.864448	43.201560	11.242720	43.579832	10.148667	42.774399	-11.189161	21.147951	-10.810890	21.526223	-21.560539	11.065193	
245	10.931124	43.268236	11.249398	43.586510	10.161654	42.787386	-11.195839	21.141273	-10.877565	21.459547	-21.655555	10.970177	
246	10.992155	43.329267	11.255509	43.592621	10.173542	42.799274	-11.201950	21.135162	-10.938597	21.398516	-21.742506	10.883227	
247	11.047500	43.384612	11.261049	43.598161	10.184323	42.810055	-11.207490	21.129622	-10.993941	21.343171	-21.821337	10.804395	
248	11.097121	43.434233	11.266015	43.603128	10.193989	42.819722	-11.212457	21.124656	-11.043562	21.293550	-21.892002	10.733731	
249	11.140983	43.478095	11.270404	43.607517	10.202534	42.828267	-11.216846	21.120267	-11.087425	21.249687	-21.954455	10.671277	
250	11.179058	43.516170	11.274213	43.611326	10.209952	42.835685	-11.220655	21.116458	-11.125500	21.211613	-22.008659	10.617073	
251	11.211319	43.548431	11.277441	43.614553	10.216237	42.841970	-11.223882	21.113230	-11.157761	21.179352	-22.054581	10.571152	
252	11.237744	43.574856	11.280084	43.617196	10.221386	42.847118	-11.226525	21.110587	-11.184186	21.152926	-22.092191	10.533541	
253	11.258316	43.595428	11.282141	43.619254	10.225394	42.851126	-11.228583	21.108530	-11.204757	21.132355	-22.121468	10.504264	
254	11.273020	43.610132	11.283612	43.620724	10.228259	42.853991	-11.230053	21.107059	-11.219461	21.117651	-22.142393	10.483339	
255	11.281846	43.618958	11.284494	43.621607	10.229978	42.855711	-11.230936	21.106177	-11.228287	21.108825	-22.154953	10.470779	
256	11.284789	43.621901	11.284789	43.621901	10.230552	42.856284	-11.231230	21.105882	-11.231230	21.105882	-22.159141	10.466592	
257	11.279624	43.616737	11.283479	43.620591	10.229405	42.855137	-11.229920	21.107192	-11.226066	21.111046	-22.150766	10.474966	
258	11.264138	43.601251	11.279547	43.616660	10.225957	42.851690	-11.225989	21.111124	-11.210580	21.126533	-22.125654	10.500078	
259	11.238351	43.575463	11.272986	43.610099	10.220193	42.845925	-11.219428	21.117685	-11.184793	21.152320	-22.083841	10.541892	
260	11.202297	43.539409	11.263784	43.600896	10.212083	42.837815	-11.210225	21.126887	-11.148738	21.188374	-22.025384	10.600349	
261	11.156023	43.493136	11.251923	43.589036	10.201589	42.827322	-11.198365	21.138748	-11.102465	21.234648	-21.950365	10.675367	
262	11.099592	43.436705	11.237383	43.574496	10.188661	42.814393	-11.183825	21.153288	-11.046034	21.291079	-21.858892	10.766841	
263	11.033078	43.370191	11.220137	43.557250	10.173238	42.798970	-11.166579	21.170534	-10.979520	21.357593	-21.751091	10.874642	
264	10.956570	43.293682	11.200155	43.537267	10.155248	42.780980	-11.146597	21.190516	-10.903011	21.434101	-21.627114	10.998619	
265	10.870167	43.207280	11.177402	43.514514	10.134610	42.760342	-11.123843	21.213269	-10.816609	21.520503	-21.487134	11.138598	
266	10.773987	43.111099	11.151839	43.488951	10.111232	42.736964	-11.098280	21.238832	-10.720428	21.616684	-21.331348	11.294384	
267	10.668154	43.005266	11.123422	43.460535	10.085013	42.710746	-11.069864	21.267248	-10.614596	21.722517	-21.159974	11.465759	
268	10.552810	42.889922	11.092107	43.429219	10.055843	42.681576	-11.038549	21.298564	-10.499251	21.837861	-20.973250	11.652483	
269	10.428106	42.765219	11.057842	43.394954	10.023603	42.649335	-11.004284	21.332829	-10.374548	21.962565	-20.771437	11.854296	
270	10.294208	42.631320	11.020574	43.357687	9.988163	42.613896	-10.967016	21.370096	-10.240649	22.096463	-20.554815	12.070917	
271	10.151291	42.488404	10.980248	43.317360	9.949390	42.575123	-10.926689	21.410423	-10.097733	22.239379	-20.323686	12.302046	
272	9.999545	42.336658	10.936804	43.273916	9.907141	42.532873	-10.883245	21.453867	-9.945987	22.391125	-20.078370	12.547362	
273	9.839169	42.176282	10.890181	43.227293	9.861264	42.486997	-10.836622	21.500490	-9.785611	22.551501	-19.819207	12.806526	
274	9.670375	42.007487	10.840316	43.177429	9.811606	42.437338	-10.786758	21.550354	-9.616816	22.720296	-19.546554	13.079178	
275	9.493383	41.830496	10.787146	43.124258	9.758003	42.383736	-10.733587	21.603525	-9.439825	22.897287	-19.260788	13.364945	
276	9.308428	41.645540	10.730603	43.067715	9.700291	42.326023	-10.677045	21.660068	-9.254869	23.082243	-18.962301	13.663432	
277	9.115751	41.452863	10.670622	43.007734	9.638297	42.264030	-10.617064	21.720049	-9.062193	23.274920	-18.651503	13.974230	
278	8.915606	41.252718	10.607136	42.944249	9.571850	42.197582	-10.553578	21.783534	-8.862047	23.475065	-18.328819	14.296913	
279	8.708256	41.045368	10.540079	42.877192	9.500771	42.126503	-10.486521	21.850592	-8.654697	23.682415	-17.994690	14.631042	
280	8.493972	40.831085	10.469385	42.806498	9.424883	42.050615	-10.415827	21.921286	-8.440414	23.896699	-17.649572	14.976160	
281	8.273037	40.610150	10.394990	42.732102	9.344005	41.969738	-10.341431	21.995681	-8.219479	24.117633	-17.293933	15.331799	
282	8.045742	40.382854	10.316831	42.653943	9.257960	41.883692	-10.263272	22.073840	-7.992183	24.344929	-16.928257	15.697476	
283	7.812385	40.149497	10.234848	42.571960	9.166567	41.792299	-10.181290	22.155823	-7.758826	24.578286	-16.553037	16.072695	
284	7.573274	39.910386	10.148985	42.486097	9.069650	41.695383	-10.095426	22.241686	-7.519715	24.817397	-16.168781	16.456951	
285	7.328726	39.665838	10.059188	42.396301	8.967036	41.592768	-10.005630	22.331483	-7.275167	25.061945	-15.776007	16.849725	
286	7.079065	39.416177	9.965410	42.302523	8.858553	41.484285	-9.911852	22.425261	-7.025507	25.311606	-15.375245	17.250488	
287	6.824625	39.161737	9.867608	42.204720	8.744037	41.369770	-9.814050	22.523063	-6.771066	25.566046	-14.967032	17.658700	
288	6.565746	38.902858	9.765746	42.102858	8.623330	41.249063	-9.712187	22.624925	-6.512187	25.824925	-14.551919	18.073813	
289	6.302778	38.639890	9.659795	41.996907	8.496280	41.122013	-9.606236	22.730876	-6.249220	26.087893	-14.130463	18.495269	
290	6.036079	38.373192	9.549734	41.886847	8.362746	40.988479	-9.496176	22.840936	-5.982521	26.354591	-13.703232	18.922500	
291	5.766017	38.103130	9.435555	41.772667	8.222596	40.848329	-9.381997	22.955116	-5.712459	26.624653	-13.270802	19.354930	
292	5.492969	37.830081	9.317258	41.654370	8.075712	40.701444	-9.263699	23.073413	-5.439410	26.897702	-12.833758	19.791974	
293	5.217320	37.554432	9.194856	41.531969	7.921987	40.547720	-9.141298	23.195814	-5.163761	27.173351	-12.392695	20.233037	
294	4.939469	37.276581	9.068380	41.405492	7.761335	40.387068	-9.014821	23.322291	-4.885910	27.451202	-11.948216	20.677516	
295	4.659826	36.996938	8.937874	41.274986	7.593686	40.219418	-8.884315	23.452797	-4.606268	27.730845	-11.500936	21.124797	
296	4.378816	36.715928	8.803403	41.140515	7.418991	40.044723	-8.749844	23.587268	-4.325257	28.011855	-11.051479	21.574253	
297	4.096878	36.433991	8.665054	41.002167	7.237227	39.862959	-8.611496	23.725616	-4.043320	28.293793	-10.600485	22.025247	
298	3.814472	36.151584	8.522942	40.860054	7.048399	39.674132	-8.469383	23.867729	-3.760914	28.576199	-10.148608	22.477125	
299	3.532078	35.869190	8.377207	40.714319	6.852547	39.478279	-8.323648	24.013464	-3.478520	28.858593	-9.696519	22.929213	
300	3.250202	35.587315	8.228027	40.565140	6.649746	39.275479	-8.174469	24.162644	-3.196644	29.140468	-9.244914	23.380819	
301	2.969383	35.306495	8.075621	40.412733	6.440122	39.065854	-8.022062	24.315050	-2.915825	29.421288	-8.794515	23.831218	
302	2.690195	35.027307	7.920254	40.257366	6.223850	38.849582	-7.866695	24.470417	-2.636637	29.700476	-8.346079	24.279654	
303	2.413259	34.750371	7.762248	40.099360	6.001174	38.626906	-7.708689	24.628423	-2.359701	29.977412	-7.900409	24.725324	
304	2.139251	34.476364	7.601993	39.939106	5.772415	38.398148	-7.548435	24.788678	-2.085693	30.251419	-7.458363	25.167369	
305	1.868917	34.206029	7.439961	39.777073	5.537994	38.163726	-7.386402	24.950710	-1.815359	30.521754	-7.020876	25.604857	
306	1.603084	33.940197	7.276718	39.613830	5.298448	37.924181	-7.223159	25.113953	-1.549526	30.787586	-6.588975	26.036758	
307	1.342685	33.679798	7.112949	39.450062	5.054471	37.680203	-7.059391	25.277721	-1.289127	31.047986	-6.163814	26.461918	
308	1.088779	33.425891	6.949481	39.286594	4.806944	37.432677	-6.895923	25.441189	-1.035220	31.301892	-5.746716	26.879017	
309	0.842579	33.179691	6.787310	39.124423	4.557000	37.182733	-6.733752	25.603361	-0.789020	31.548092	-5.339218	27.286515	
310	0.605488	32.942600	6.627636	38.964748	4.306091	36.931823	-6.574078	25.763035	-0.551930	31.785183	-4.943152	27.682580	
311	0.379135	32.716247	6.471901	38.809013	4.056086	36.681818	-6.418342	25.918770	-0.325577	32.011536	-4.560739	28.064994	
312	0.165413	32.502525	6.321827	38.658940	3.809402	36.435134	-6.268269	26.068844	-0.111854	32.225258	-4.194713	28.431019	
313	-0.033487	32.303625	6.179454	38.516566	3.569166	36.194898	-6.125896	26.211217	0.087045	32.424158	-3.848490	28.777242	
314	-0.215054	32.122058	6.047155	38.384267	3.339409	35.965141	-5.993596	26.343516	0.268613	32.605725	-3.526356	29.099377	
315	-0.376474	31.960639	5.927626	38.264739	3.125272	35.751004	-5.874068	26.463044	0.430032	32.767144	-3.233673	29.392059	
316	-0.514690	31.822423	5.823823	38.160936	2.933147	35.558879	-5.770265	26.566848	0.568248	32.905361	-2.977024	29.648709	
317	-0.626556	31.710557	5.738809	38.075921	2.770626	35.396358	-5.685251	26.651862	0.680114	33.017227	-2.764156	29.861577	
318	-0.709076	31.628037	5.675515	38.012628	2.646026	35.271759	-5.621957	26.715155	0.762634	33.099746	-2.603507	30.022226	
319	-0.759727	31.577385	5.636418	37.973531	2.567289	35.193022	-5.582860	26.754253	0.813286	33.150398	-2.503106	30.122627	
320	-5.569630	37.960301	5.623188	37.960301	2.540310	35.166043	0.830370	26.767482	0.830370	31.560301	-2.468899	30.156833	
321	-5.582860	26.754253	0.813286	33.150398	-2.503106	30.122627	-0.759727	31.577385	5.636418	37.973531	2.567289	35.193022	
322	-5.621957	26.715155	0.762634	33.099746	-2.603507	30.022226	-0.709076	31.628037	5.675515	38.012628	2.646026	35.271759	
323	-5.685251	26.651862	0.680114	33.017227	-2.764156	29.861577	-0.626556	31.710557	5.738809	38.075921	2.770626	35.396358	
324	-5.770265	26.566848	0.568248	32.905361	-2.977024	29.648709	-0.514690	31.822423	5.823823	38.160936	2.933147	35.558879	
325	-5.874068	26.463044	0.430032	32.767144	-3.233673	29.392059	-0.376474	31.960639	5.927626	38.264739	3.125272	35.751004	
326	-5.993596	26.343516	0.268613	32.605725	-3.526356	29.099377	-0.215054	32.122058	6.047155	38.384267	3.339409	35.965141	
327	-6.125896	26.211217	0.087045	32.424158	-3.848490	28.777242	-0.033487	32.303625	6.179454	38.516566	3.569166	36.194898	
328	-6.268269	26.068844	-0.111854	32.225258	-4.194713	28.431019	0.165413	32.502525	6.321827	38.658940	3.809402	36.435134	
329	-6.418342	25.918770	-0.325577	32.011536	-4.560739	28.064994	0.379135	32.716247	6.471901	38.809013	4.056086	36.681818	
330	-6.574078	25.763035	-0.551930	31.785183	-4.943152	27.682580	0.605488	32.942600	6.627636	38.964748	4.306091	36.931823	
331	-6.733752	25.603361	-0.789020	31.548092	-5.339218	27.286515	0.842579	33.179691	6.787310	39.124423	4.557000	37.182733	
332	-6.895923	25.441189	-1.035220	31.301892	-5.746716	26.879017	1.088779	33.425891	6.949481	39.286594	4.806944	37.432677	
333	-7.059391	25.277721	-1.289127	31.047986	-6.163814	26.461918	1.342685	33.679798	7.112949	39.450062	5.054471	37.680203	
334	-7.223159	25.113953	-1.549526	30.787586	-6.588975	26.036758	1.603084	33.940197	7.276718	39.613830	5.298448	37.924181	
335	-7.386402	24.950710	-1.815359	30.521754	-7.020876	25.604857	1.868917	34.206029	7.439961	39.777073	5.537994	38.163726	
336	-7.548435	24.788678	-2.085693	30.251419	-7.458363	25.167369	2.139251	34.476364	7.601993	39.939106	5.772415	38.398148	
337	-7.708689	24.628423	-2.359701	29.977412	-7.900409	24.725324	2.413259	34.750371	7.762248	40.099360	6.001174	38.626906	
338	-7.866695	24.470417	-2.636637	29.700476	-8.346079	24.279654	2.690195	35.027307	7.920254	40.257366	6.223850	38.849582	
339	-8.022062	24.315050	-2.915825	29.421288	-8.794515	23.831218	2.969383	35.306495	8.075621	40.412733	6.440122	39.065854	
340	-8.174469	24.162644	-3.196644	29.140468	-9.244914	23.380819	3.250202	35.587315	8.228027	40.565140	6.649746	39.275479	
341	-8.323648	24.013464	-3.478520	28.858593	-9.696519	22.929213	3.532078	35.869190	8.377207	40.714319	6.852547	39.478279	
342	-8.469383	23.867729	-3.760914	28.576199	-10.148608	22.477125	3.814472	36.151584	8.522942	40.860054	7.048399	39.674132	
343	-8.611496	23.725616	-4.043320	28.293793	-10.600485	22.025247	4.096878	36.433991	8.665054	41.002167	7.237227	39.862959	
344	-8.749844	23.587268	-4.325257	28.011855	-11.051479	21.574253	4.378816	36.715928	8.803403	41.140515	7.418991	40.044723	
345	-8.884315	23.452797	-4.606268	27.730845	-11.500936	21.124797	4.659826	36.996938	8.937874	41.274986	7.593686	40.219418	
346	-9.014821	23.322291	-4.885910	27.451202	-11.948216	20.677516	4.939469	37.276581	9.068380	41.405492	7.761335	40.387068	
347	-9.141298	23.195814	-5.163761	27.173351	-12.392695	20.233037	5.217320	37.554432	9.194856	41.531969	7.921987	40.547720	
348	-9.263699	23.073413	-5.439410	26.897702	-12.833758	19.791974	5.492969	37.830081	9.317258	41.654370	8.075712	40.701444	
349	-9.381997	22.955116	-5.712459	26.624653	-13.270802	19.354930	5.766017	38.103130	9.435555	41.772667	8.222596	40.848329	
350	-9.496176	22.840936	-5.982521	26.354591	-13.703232	18.922500	6.036079	38.373192	9.549734	41.886847	8.362746	40.988479	
351	-9.606236	22.730876	-6.249220	26.087893	-14.130463	18.495269	6.302778	38.639890	9.659795	41.996907	8.496280	41.122013	
352	-9.712187	22.624925	-6.512187	25.824925	-14.551919	18.073813	6.565746	38.902858	9.765746	42.102858	8.623330	41.249063	
353	-9.814050	22.523063	-6.771066	25.566046	-14.967032	17.658700	6.824625	39.161737	9.867608	42.204720	8.744037	41.369770	
354	-9.911852	22.425261	-7.025507	25.311606	-15.375245	17.250488	7.079065	39.416177	9.965410	42.302523	8.858553	41.484285	
355	-10.005630	22.331483	-7.275167	25.061945	-15.776007	16.849725	7.328726	39.665838	10.059188	42.396301	8.967036	41.592768	
356	-10.095426	22.241686	-7.519715	24.817397	-16.168781	16.456951	7.573274	39.910386	10.148985	42.486097	9.069650	41.695383	
357	-10.181290	22.155823	-7.758826	24.578286	-16.553037	16.072695	7.812385	40.149497	10.234848	42.571960	9.166567	41.792299	
358	-10.263272	22.073840	-7.992183	24.344929	-16.928257	15.697476	8.045742	40.382854	10.316831	42.653943	9.257960	41.883692	
359	-10.341431	21.995681	-8.219479	24.117633	-17.293933	15.331799	8.273037	40.610150	10.394990	42.732102	9.344005	41.969738	
360	-10.415827	21.921286	-8.440414	23.896699	-17.649572	14.976160	8.493972	40.831085	10.469385	42.806498	9.424883	42.050615	
361	-10.486521	21.850592	-8.654697	23.682415	-17.994690	14.631042	8.708256	41.045368	10.540079	42.877192	9.500771	42.126503	
362	-10.553578	21.783534	-8.862047	23.475065	-18.328819	14.296913	8.915606	41.252718	10.607136	42.944249	9.571850	42.197582	
363	-10.617064	21.720049	-9.062193	23.274920	-18.651503	13.974230	9.115751	41.452863	10.670622	43.007734	9.638297	42.264030	
364	-10.677045	21.660068	-9.254869	23.082243	-18.962301	13.663432	9.308428	41.645540	10.730603	43.067715	9.700291	42.326023	
365	-10.733587	21.603525	-9.439825	22.897287	-19.260788	13.364945	9.493383	41.830496	10.787146	43.124258	9.758003	42.383736	
366	-10.786758	21.550354	-9.616816	22.720296	-19.546554	13.079178	9.670375	42.007487	10.840316	43.177429	9.811606	42.437338	
367	-10.836622	21.500490	-9.785611	22.551501	-19.819207	12.806526	9.839169	42.176282	10.890181	43.227293	9.861264	42.486997	
368	-10.883245	21.453867	-9.945987	22.391125	-20.078370	12.547362	9.999545	42.336658	10.936804	43.273916	9.907141	42.532873	
369	-10.926689	21.410423	-10.097733	22.239379	-20.323686	12.302046	10.151291	42.488404	10.980248	43.317360	9.949390	42.575123	
370	-10.967016	21.370096	-10.240649	22.096463	-20.554815	12.070917	10.294208	42.631320	11.020574	43.357687	9.988163	42.613896	
371	-11.004284	21.332829	-10.374548	21.962565	-20.771437	11.854296	10.428106	42.765219	11.057842	43.394954	10.023603	42.649335	
372	-11.038549	21.298564	-10.499251	21.837861	-20.973250	11.652483	10.552810	42.889922	11.092107	43.429219	10.055843	42.681576	
373	-11.069864	21.267248	-10.614596	21.722517	-21.159974	11.465759	10.668154	43.005266	11.123422	43.460535	10.085013	42.710746	
374	-11.098280	21.238832	-10.720428	21.616684	-21.331348	11.294384	10.773987	43.111099	11.151839	43.488951	10.111232	42.736964	
375	-11.123843	21.213269	-10.816609	21.520503	-21.487134	11.138598	10.870167	43.207280	11.177402	43.514514	10.134610	42.760342	
376	-11.146597	21.190516	-10.903011	21.434101	-21.627114	10.998619	10.956570	43.293682	11.200155	43.537267	10.155248	42.780980	
377	-11.166579	21.170534	-10.979520	21.357593	-21.751091	10.874642	11.033078	43.370191	11.220137	43.557250	10.173238	42.798970	
378	-11.183825	21.153288	-11.046034	21.291079	-21.858892	10.766841	11.099592	43.436705	11.237383	43.574496	10.188661	42.814393	
379	-11.198365	21.138748	-11.102465	21.234648	-21.950365	10.675367	11.156023	43.493136	11.251923	43.589036	10.201589	42.827322	
380	-11.210225	21.126887	-11.148738	21.188374	-22.025384	10.600349	11.202297	43.539409	11.263784	43.600896	10.212083	42.837815	
381	-11.219428	21.117685	-11.184793	21.152320	-22.083841	10.541892	11.238351	43.575463	11.272986	43.610099	10.220193	42.845925	
382	-11.225989	21.111124	-11.210580	21.126533	-22.125654	10.500078	11.264138	43.601251	11.279547	43.616660	10.225957	42.851690	
383	-11.229920	21.107192	-11.226066	21.111046	-22.150766	10.474966	11.279624	43.616737	11.283479	43.620591	10.229405	42.855137	
384	-11.231230	21.105882	-11.231230	21.105882	-22.159141	10.466592	11.284789	43.621901	11.284789	43.621901	10.230552	42.856284	
