# n = 0.3 U  = 18.0 J = 4.500 k = 128.0
#    itr              mu            ntot            mtot            etot
       1       -6.734900        0.300049        0.011536       -3.484784
       2       -6.762500        0.299927        0.007935       -3.254293
       3       -6.721600        0.299927        0.005981       -3.285246
       4       -6.729355        0.300171        0.004395       -3.280539
       5       -6.722725        0.300171        0.003174       -3.280016
       6       -6.725209        0.300171        0.002197       -3.279987
       7       -6.723561        0.300171        0.002197       -3.280508
       8       -6.723561        0.300171        0.002197       -3.280508
