# n = 2.8 U  = 11.0 J = 2.750 k = 128.0
#    itr              mu            ntot            mtot            etot
       1       25.752900        2.799927        0.174072       51.257708
       2       25.828603        2.800171        0.043823       51.661107
       3       25.827303        2.799927        0.011719       51.670581
       4       25.827615        2.800171        0.004028       51.674753
       5       25.824645        2.800171        0.001587       51.679604
       6       25.826026        2.800171        0.000610       51.679877
       7       25.828026        2.799927        0.000244       51.673315
       8       25.826426        2.799927        0.000244       51.667006
       9       25.826426        2.799927        0.000244       51.667006
