#p	a1_up	a1_dn	b1_up	b1_dn	c1_up	c1_dn	a2_up	a2_dn	b2_up	b2_dn	c2_up	c2_dn	NaN
0	11.495866	7.694459	11.495866	7.694459	0.498248	-3.133832	33.504134	29.702727	33.504134	29.702727	32.501752	28.869672	
1	11.496167	7.694760	11.498877	7.697470	0.502464	-3.129616	33.501123	29.699716	33.503833	29.702426	32.501150	28.869070	
2	11.497070	7.695663	11.507907	7.706500	0.515110	-3.116970	33.492093	29.690686	33.502930	29.701523	32.499344	28.867264	
3	11.498575	7.697168	11.522951	7.721544	0.536179	-3.095901	33.477049	29.675642	33.501425	29.700019	32.496335	28.864255	
4	11.500680	7.699273	11.544001	7.742594	0.565658	-3.066423	33.455999	29.654592	33.499320	29.697914	32.492126	28.860046	
5	11.503384	7.701977	11.571042	7.769635	0.603528	-3.028552	33.428958	29.627551	33.496616	29.695209	32.486718	28.854638	
6	11.506686	7.705279	11.604060	7.802653	0.649767	-2.982313	33.395940	29.594533	33.493314	29.691908	32.480115	28.848035	
7	11.510583	7.709176	11.643034	7.841627	0.704348	-2.927732	33.356966	29.555560	33.489417	29.688010	32.472320	28.840240	
8	11.515074	7.713667	11.687940	7.886533	0.767237	-2.864843	33.312060	29.510653	33.484926	29.683520	32.463340	28.831260	
9	11.520155	7.718748	11.738751	7.937345	0.838397	-2.793684	33.261249	29.459842	33.479845	29.678438	32.453178	28.821098	
10	11.525824	7.724417	11.795438	7.994031	0.917784	-2.714296	33.204562	29.403155	33.474176	29.672770	32.441841	28.809761	
11	11.532076	7.730670	11.857965	8.056558	1.005351	-2.626729	33.142035	29.340628	33.467924	29.666517	32.429337	28.797256	
12	11.538910	7.737503	11.926294	8.124888	1.101045	-2.531035	33.073706	29.272299	33.461090	29.659684	32.415671	28.783591	
13	11.546319	7.744912	12.000386	8.198979	1.204808	-2.427272	32.999614	29.198208	33.453681	29.652274	32.400854	28.768774	
14	11.554300	7.752893	12.080194	8.278787	1.316578	-2.315502	32.919806	29.118400	33.445700	29.644293	32.384893	28.752813	
15	11.562848	7.761441	12.165670	8.364263	1.436288	-2.195792	32.834330	29.032923	33.437152	29.635745	32.367798	28.735718	
16	11.571958	7.770551	12.256764	8.455357	1.563865	-2.068215	32.743236	28.941830	33.428042	29.626635	32.349580	28.717500	
17	11.581624	7.780217	12.353419	8.552012	1.699233	-1.932847	32.646581	28.845174	33.418376	29.616969	32.330250	28.698170	
18	11.591840	7.790434	12.455578	8.654171	1.842309	-1.789771	32.544422	28.743015	33.408160	29.606753	32.309819	28.677739	
19	11.602601	7.801194	12.563179	8.761772	1.993009	-1.639071	32.436821	28.635414	33.397399	29.595992	32.288299	28.656219	
20	11.613900	7.812493	12.676157	8.874750	2.151240	-1.480840	32.323843	28.522437	33.386100	29.584693	32.265705	28.633624	
21	11.625730	7.824323	12.794443	8.993036	2.316908	-1.315172	32.205557	28.404150	33.374270	29.572863	32.242048	28.609968	
22	11.638083	7.836676	12.917966	9.116559	2.489913	-1.142167	32.082034	28.280627	33.361917	29.560510	32.217343	28.585263	
23	11.650953	7.849547	13.046652	9.245245	2.670151	-0.961929	31.953348	28.151941	33.349047	29.547640	32.191607	28.559526	
24	11.664332	7.862925	13.180422	9.379016	2.857512	-0.774568	31.819578	28.018171	33.335668	29.534261	32.164853	28.532772	
25	11.678212	7.876805	13.319197	9.517790	3.051885	-0.580195	31.680803	27.879397	33.321788	29.520382	32.137098	28.505017	
26	11.692583	7.891176	13.462891	9.661484	3.253151	-0.378929	31.537109	27.735703	33.307417	29.506010	32.108358	28.476278	
27	11.707439	7.906032	13.611417	9.810011	3.461191	-0.170889	31.388583	27.587176	33.292561	29.491155	32.078652	28.446572	
28	11.722769	7.921362	13.764687	9.963280	3.675877	0.043797	31.235313	27.433906	33.277231	29.475825	32.047997	28.415917	
29	11.738564	7.937157	13.922607	10.121201	3.897082	0.265002	31.077393	27.275986	33.261436	29.460029	32.016412	28.384332	
30	11.754815	7.953408	14.085082	10.283675	4.124671	0.492591	30.914918	27.113511	33.245185	29.443778	31.983915	28.351835	
31	11.771513	7.970106	14.252013	10.450606	4.358509	0.726429	30.747987	26.946580	33.228487	29.427080	31.950526	28.318446	
32	11.788646	7.987239	14.423299	10.621892	4.598452	0.966372	30.576701	26.775294	33.211354	29.409947	31.916266	28.284186	
33	11.806206	8.004799	14.598836	10.797429	4.844358	1.212278	30.401164	26.599757	33.193794	29.392388	31.881155	28.249075	
34	11.824180	8.022773	14.778518	10.977111	5.096078	1.463998	30.221482	26.420075	33.175820	29.374413	31.845214	28.213134	
35	11.842559	8.041152	14.962235	11.160828	5.353461	1.721381	30.037765	26.236358	33.157441	29.356034	31.808465	28.176385	
36	11.861331	8.059924	15.149877	11.348470	5.616350	1.984270	29.850123	26.048716	33.138669	29.337262	31.770931	28.138850	
37	11.880485	8.079078	15.341328	11.539921	5.884588	2.252508	29.658672	25.857265	33.119515	29.318108	31.732633	28.100552	
38	11.900009	8.098602	15.536473	11.735066	6.158014	2.525934	29.463527	25.662121	33.099991	29.298584	31.693595	28.061514	
39	11.919892	8.118485	15.735191	11.933785	6.436462	2.804382	29.264809	25.463402	33.080108	29.278701	31.653840	28.021760	
40	11.940122	8.138715	15.937364	12.135957	6.719764	3.087684	29.062636	25.261230	33.059878	29.258471	31.613393	27.981313	
41	11.960686	8.159279	16.142865	12.341459	7.007751	3.375670	28.857135	25.055728	33.039314	29.237907	31.572278	27.940198	
42	11.981572	8.180166	16.351571	12.550164	7.300247	3.668167	28.648429	24.847022	33.018428	29.217021	31.530520	27.898440	
43	12.002768	8.201361	16.563352	12.761945	7.597078	3.964998	28.436648	24.635241	32.997232	29.195825	31.488144	27.856063	
44	12.024261	8.222854	16.778078	12.976672	7.898064	4.265984	28.221922	24.420515	32.975739	29.174332	31.445175	27.813095	
45	12.046037	8.244630	16.995618	13.194211	8.203024	4.570944	28.004382	24.202975	32.953963	29.152556	31.401640	27.769560	
46	12.068084	8.266677	17.215835	13.414428	8.511774	4.879694	27.784165	23.982758	32.931916	29.130509	31.357565	27.725485	
47	12.090389	8.288982	17.438593	13.637186	8.824128	5.192048	27.561407	23.760000	32.909611	29.108205	31.312976	27.680896	
48	12.112937	8.311530	17.663752	13.862345	9.139898	5.507818	27.336248	23.534841	32.887063	29.085656	31.267901	27.635821	
49	12.135716	8.334309	17.891171	14.089764	9.458893	5.826813	27.108829	23.307422	32.864284	29.062877	31.222367	27.590287	
50	12.158711	8.357304	18.120704	14.319297	9.780921	6.148841	26.879296	23.077890	32.841289	29.039882	31.176401	27.544321	
51	12.181909	8.380503	18.352203	14.550796	10.105788	6.473708	26.647797	22.846390	32.818091	29.016684	31.130031	27.497951	
52	12.205296	8.403890	18.585517	14.784110	10.433299	6.801219	26.414483	22.613076	32.794704	28.993297	31.083285	27.451205	
53	12.228858	8.427451	18.820491	15.019084	10.763255	7.131175	26.179509	22.378102	32.771142	28.969735	31.036192	27.404112	
54	12.252581	8.451174	19.056963	15.255556	11.095459	7.463378	25.943037	22.141630	32.747419	28.946013	30.988779	27.356699	
55	12.276449	8.475042	19.294766	15.493359	11.429709	7.797628	25.705234	21.903827	32.723551	28.922144	30.941077	27.308997	
56	12.300450	8.499043	19.533724	15.732317	11.765804	8.133724	25.466276	21.664869	32.699550	28.898144	30.893112	27.261032	
57	12.324567	8.523161	19.773648	15.972241	12.103541	8.471461	25.226352	21.424946	32.675433	28.874026	30.844916	27.212836	
58	12.348788	8.547381	20.014330	16.212923	12.442718	8.810638	24.985670	21.184263	32.651212	28.849805	30.796516	27.164436	
59	12.373097	8.571690	20.255537	16.454130	12.783129	9.151049	24.744463	20.943056	32.626903	28.825496	30.747943	27.115863	
60	12.397480	8.596073	20.496992	16.695585	13.124569	9.492489	24.503008	20.701601	32.602520	28.801113	30.699225	27.067145	
61	12.421922	8.620515	20.738345	16.936938	13.466833	9.834752	24.261655	20.460248	32.578078	28.776672	30.650393	27.018313	
62	12.446407	8.645001	20.979119	17.177712	13.809713	10.177633	24.020881	20.219475	32.553593	28.752186	30.601475	26.969395	
63	12.470923	8.669516	21.218589	17.417182	14.153003	10.520923	23.781411	19.980004	32.529077	28.727670	30.552502	26.920422	
64	12.495453	8.694046	21.455508	17.654101	14.496496	10.864416	23.544492	19.743085	32.504547	28.703140	30.503504	26.871424	
65	12.519983	8.718576	21.687371	17.885964	14.839986	11.207905	23.312629	19.511222	32.480017	28.678610	30.454509	26.822429	
66	12.544498	8.743091	21.908077	18.106670	15.183263	11.551183	23.091923	19.290516	32.455502	28.654095	30.405549	26.773469	
67	12.568984	8.767577	22.098944	18.297537	15.526122	11.894042	22.901056	19.099649	32.431016	28.629609	30.356653	26.724572	
68	12.593425	8.792018	22.197748	18.396341	15.868356	12.236276	22.802252	19.000845	32.406575	28.605168	30.307850	26.675770	
69	12.617807	8.816400	22.875748	19.074341	16.209757	12.577677	22.124252	18.322845	32.382193	28.580786	30.259171	26.627091	
70	12.642116	8.840709	23.056180	19.254774	16.550121	12.918041	21.943820	18.142413	32.357884	28.556477	30.210645	26.578565	
71	12.666336	8.864929	23.271052	19.469646	16.889241	13.257161	21.728948	17.927541	32.333664	28.532257	30.162302	26.530222	
72	12.690453	8.889046	23.497587	19.696180	17.226912	13.594832	21.502413	17.701006	32.309547	28.508140	30.114172	26.482092	
73	12.714452	8.913045	23.728606	19.927199	17.562931	13.930851	21.271394	17.469987	32.285548	28.484141	30.066284	26.434203	
74	12.738320	8.936913	23.961265	20.159858	17.897095	14.265015	21.038735	17.237328	32.261680	28.460273	30.018667	26.386587	
75	12.762041	8.960634	24.194189	20.392782	18.229202	14.597122	20.805811	17.004404	32.237959	28.436552	29.971352	26.339271	
76	12.785602	8.984195	24.426600	20.625193	18.559050	14.926970	20.573400	16.771993	32.214398	28.412991	29.924366	26.292286	
77	12.808987	9.007581	24.657997	20.856590	18.886441	15.254361	20.342003	16.540596	32.191013	28.389606	29.877740	26.245660	
78	12.832184	9.030777	24.888021	21.086614	19.211176	15.579096	20.111979	16.310572	32.167816	28.366409	29.831502	26.199422	
79	12.855178	9.053771	25.116392	21.314985	19.533059	15.900979	19.883608	16.082201	32.144822	28.343415	29.785682	26.153602	
80	12.877955	9.076549	25.342878	21.541471	19.851895	16.219814	19.657122	15.855715	32.122045	28.320638	29.740307	26.108227	
81	12.900502	9.099095	25.567277	21.765870	20.167490	16.535410	19.432723	15.631316	32.099498	28.298091	29.695406	26.063326	
82	12.922805	9.121398	25.789407	21.988000	20.479654	16.847574	19.210593	15.409186	32.077195	28.275788	29.651007	26.018927	
83	12.944850	9.143443	26.009098	22.207691	20.788196	17.156116	18.990902	15.189495	32.055150	28.253743	29.607140	25.975060	
84	12.966625	9.165218	26.226193	22.424786	21.092930	17.460850	18.773807	14.972400	32.033375	28.231968	29.563831	25.931751	
85	12.988115	9.186709	26.440541	22.639134	21.393670	17.761590	18.559459	14.758052	32.011885	28.210478	29.521108	25.889028	
86	13.009309	9.207902	26.651996	22.850589	21.690233	18.058153	18.348004	14.546597	31.990691	28.189284	29.479000	25.846920	
87	13.030194	9.228787	26.860419	23.059012	21.982438	18.350358	18.139581	14.338174	31.969806	28.168400	29.437533	25.805453	
88	13.050756	9.249349	27.065675	23.264268	22.270107	18.638027	17.934325	14.132918	31.949244	28.147837	29.396736	25.764656	
89	13.070983	9.269577	27.267631	23.466224	22.553063	18.920983	17.732369	13.930962	31.929017	28.127610	29.356635	25.724555	
90	13.090864	9.289457	27.466160	23.664753	22.831134	19.199054	17.533840	13.732433	31.909136	28.107729	29.317258	25.685177	
91	13.110387	9.308980	27.661136	23.859729	23.104148	19.472068	17.338864	13.537457	31.889613	28.088207	29.278631	25.646551	
92	13.129538	9.328131	27.852437	24.051030	23.371937	19.739857	17.147563	13.346156	31.870462	28.069055	29.240783	25.608703	
93	13.148308	9.346901	28.039944	24.238537	23.634334	20.002254	16.960056	13.158649	31.851692	28.050285	29.203740	25.571660	
94	13.166685	9.365278	28.223541	24.422135	23.891177	20.259097	16.776459	12.975052	31.833315	28.031908	29.167530	25.535450	
95	13.184657	9.383250	28.403115	24.601708	24.142306	20.510225	16.596885	12.795478	31.815343	28.013936	29.132181	25.500101	
96	13.202214	9.400807	28.578555	24.777148	24.387561	20.755481	16.421445	12.620038	31.797786	27.996379	29.097721	25.465641	
97	13.219345	9.417938	28.749752	24.948346	24.626787	20.994707	16.250248	12.448841	31.780655	27.979248	29.064178	25.432098	
98	13.236040	9.434633	28.916603	25.115196	24.859832	21.227752	16.083397	12.281990	31.763960	27.962553	29.031582	25.399502	
99	13.252289	9.450883	29.079005	25.277598	25.086543	21.454463	15.920995	12.119588	31.747711	27.946304	28.999963	25.367883	
100	13.268083	9.466676	29.236859	25.435452	25.306773	21.674693	15.763141	11.961734	31.731917	27.930511	28.969352	25.337272	
101	13.283410	9.482003	29.390068	25.588662	25.520373	21.888293	15.609932	11.808525	31.716590	27.915183	28.939784	25.307704	
102	13.298263	9.496857	29.538540	25.737133	25.727198	22.095118	15.461460	11.660053	31.701737	27.900330	28.911293	25.279213	
103	13.312633	9.511226	29.682183	25.880777	25.927101	22.295021	15.317817	11.516410	31.687367	27.885960	28.883916	25.251836	
104	13.326510	9.525103	29.820911	26.019504	26.119939	22.487859	15.179089	11.377682	31.673490	27.872083	28.857696	25.225616	
105	13.339887	9.538480	29.954639	26.153232	26.305564	22.673484	15.045361	11.243954	31.660113	27.858706	28.832678	25.200598	
106	13.352755	9.551348	30.083286	26.281879	26.483830	22.851750	14.916714	11.115307	31.647245	27.845838	28.808913	25.176833	
107	13.365107	9.563700	30.206774	26.405367	26.654584	23.022504	14.793226	10.991819	31.634893	27.833486	28.786459	25.154379	
108	13.376935	9.575528	30.325027	26.523620	26.817672	23.185592	14.674973	10.873566	31.623065	27.821659	28.765383	25.133303	
109	13.388231	9.586825	30.437975	26.636568	26.972928	23.340848	14.562025	10.760618	31.611769	27.810362	28.745764	25.113684	
110	13.398991	9.597584	30.545548	26.744141	27.120179	23.488099	14.454452	10.653045	31.601009	27.799603	28.727693	25.095613	
111	13.409205	9.607798	30.647682	26.846275	27.259237	23.627157	14.352318	10.550912	31.590795	27.789388	28.711280	25.079200	
112	13.418870	9.617463	30.744314	26.942907	27.389896	23.757816	14.255686	10.454279	31.581130	27.779723	28.696658	25.064578	
113	13.427978	9.626571	30.835386	27.033979	27.511930	23.879850	14.164614	10.363207	31.572022	27.770615	28.683984	25.051904	
114	13.436525	9.635118	30.920843	27.119437	27.625085	23.993005	14.079157	10.277750	31.563475	27.762069	28.673444	25.041364	
115	13.444504	9.643097	31.000634	27.199227	27.729084	24.097004	13.999366	10.197959	31.555496	27.754089	28.665254	25.033174	
116	13.451912	9.650505	31.074709	27.273302	27.823630	24.191550	13.925291	10.123884	31.548088	27.746681	28.659654	25.027574	
117	13.458744	9.657337	31.143024	27.341618	27.908425	24.276345	13.856976	10.055569	31.541256	27.739849	28.656887	25.024807	
118	13.464996	9.663589	31.205539	27.404132	27.983216	24.351136	13.794461	9.993055	31.535004	27.733597	28.657159	25.025079	
119	13.470664	9.669257	31.262213	27.460807	28.047856	24.415776	13.737787	9.936380	31.529336	27.727929	28.660569	25.028489	
120	13.475744	9.674337	31.313015	27.511608	28.102402	24.470322	13.686985	9.885578	31.524256	27.722849	28.667022	25.034941	
121	13.480234	9.678827	31.357912	27.556506	28.147201	24.515121	13.642088	9.840681	31.519766	27.718359	28.676131	25.044050	
122	13.484130	9.682724	31.396879	27.595472	28.182934	24.550854	13.603121	9.801715	31.515870	27.714463	28.687184	25.055104	
123	13.487432	9.686025	31.429890	27.628483	28.210563	24.578483	13.570110	9.768703	31.512568	27.711161	28.699191	25.067111	
124	13.490135	9.688728	31.456927	27.655520	28.231205	24.599125	13.543073	9.741667	31.509865	27.708458	28.711012	25.078932	
125	13.492240	9.690833	31.477972	27.676565	28.245962	24.613882	13.522028	9.720621	31.507760	27.706353	28.721523	25.089443	
126	13.493744	9.692337	31.493013	27.691607	28.255786	24.623706	13.506987	9.705580	31.506256	27.704849	28.729759	25.097679	
127	13.494647	9.693240	31.502042	27.700635	28.261390	24.629310	13.497958	9.696551	31.505353	27.703946	28.734996	25.102915	
128	13.494948	9.693541	31.505052	27.703645	28.263210	24.631130	13.494948	9.693541	31.505052	27.703645	28.736790	25.104710	
129	13.497958	9.696551	31.505353	27.703946	28.734996	25.102915	13.494647	9.693240	31.502042	27.700635	28.261390	24.629310	
130	13.506987	9.705580	31.506256	27.704849	28.729759	25.097679	13.493744	9.692337	31.493013	27.691607	28.255786	24.623706	
131	13.522028	9.720621	31.507760	27.706353	28.721523	25.089443	13.492240	9.690833	31.477972	27.676565	28.245962	24.613882	
132	13.543073	9.741667	31.509865	27.708458	28.711012	25.078932	13.490135	9.688728	31.456927	27.655520	28.231205	24.599125	
133	13.570110	9.768703	31.512568	27.711161	28.699191	25.067111	13.487432	9.686025	31.429890	27.628483	28.210563	24.578483	
134	13.603121	9.801714	31.515870	27.714463	28.687184	25.055104	13.484130	9.682724	31.396879	27.595472	28.182934	24.550854	
135	13.642088	9.840681	31.519766	27.718359	28.676131	25.044050	13.480234	9.678827	31.357912	27.556506	28.147201	24.515121	
136	13.686985	9.885578	31.524256	27.722849	28.667022	25.034941	13.475744	9.674337	31.313015	27.511608	28.102402	24.470322	
137	13.737787	9.936380	31.529336	27.727930	28.660569	25.028489	13.470664	9.669257	31.262213	27.460807	28.047856	24.415776	
138	13.794461	9.993055	31.535004	27.733597	28.657159	25.025079	13.464996	9.663589	31.205539	27.404132	27.983216	24.351136	
139	13.856976	10.055569	31.541256	27.739849	28.656887	25.024807	13.458744	9.657337	31.143024	27.341618	27.908425	24.276345	
140	13.925291	10.123884	31.548088	27.746681	28.659654	25.027574	13.451912	9.650505	31.074709	27.273302	27.823630	24.191550	
141	13.999366	10.197959	31.555496	27.754089	28.665254	25.033174	13.444504	9.643097	31.000634	27.199227	27.729084	24.097004	
142	14.079157	10.277750	31.563475	27.762069	28.673444	25.041364	13.436525	9.635118	30.920843	27.119437	27.625085	23.993005	
143	14.164614	10.363207	31.572022	27.770615	28.683984	25.051904	13.427978	9.626571	30.835386	27.033979	27.511930	23.879850	
144	14.255686	10.454279	31.581130	27.779723	28.696658	25.064578	13.418870	9.617463	30.744314	26.942907	27.389896	23.757816	
145	14.352318	10.550912	31.590795	27.789388	28.711280	25.079200	13.409205	9.607799	30.647682	26.846275	27.259237	23.627157	
146	14.454452	10.653045	31.601009	27.799603	28.727693	25.095613	13.398991	9.597584	30.545548	26.744141	27.120179	23.488099	
147	14.562025	10.760618	31.611769	27.810362	28.745764	25.113684	13.388231	9.586825	30.437975	26.636568	26.972928	23.340848	
148	14.674973	10.873566	31.623065	27.821659	28.765383	25.133303	13.376935	9.575528	30.325027	26.523620	26.817672	23.185592	
149	14.793226	10.991819	31.634893	27.833486	28.786459	25.154379	13.365107	9.563700	30.206774	26.405367	26.654584	23.022504	
150	14.916714	11.115307	31.647245	27.845838	28.808913	25.176833	13.352755	9.551348	30.083286	26.281879	26.483830	22.851750	
151	15.045361	11.243954	31.660113	27.858706	28.832678	25.200598	13.339887	9.538480	29.954639	26.153232	26.305564	22.673484	
152	15.179089	11.377682	31.673490	27.872083	28.857696	25.225616	13.326510	9.525103	29.820911	26.019504	26.119939	22.487859	
153	15.317817	11.516410	31.687367	27.885960	28.883916	25.251836	13.312633	9.511226	29.682183	25.880777	25.927101	22.295021	
154	15.461460	11.660053	31.701737	27.900330	28.911293	25.279213	13.298263	9.496857	29.538540	25.737133	25.727198	22.095118	
155	15.609932	11.808525	31.716590	27.915183	28.939784	25.307704	13.283410	9.482004	29.390068	25.588662	25.520373	21.888293	
156	15.763141	11.961734	31.731917	27.930511	28.969352	25.337272	13.268083	9.466676	29.236859	25.435452	25.306773	21.674693	
157	15.920995	12.119588	31.747711	27.946304	28.999963	25.367883	13.252289	9.450883	29.079005	25.277598	25.086543	21.454463	
158	16.083397	12.281990	31.763960	27.962553	29.031582	25.399502	13.236040	9.434633	28.916603	25.115196	24.859832	21.227752	
159	16.250248	12.448841	31.780655	27.979248	29.064178	25.432098	13.219345	9.417938	28.749752	24.948346	24.626787	20.994707	
160	16.421445	12.620038	31.797786	27.996379	29.097721	25.465641	13.202214	9.400807	28.578555	24.777148	24.387561	20.755481	
161	16.596885	12.795478	31.815343	28.013936	29.132181	25.500101	13.184657	9.383250	28.403115	24.601708	24.142306	20.510225	
162	16.776459	12.975052	31.833315	28.031908	29.167530	25.535450	13.166685	9.365278	28.223541	24.422135	23.891177	20.259097	
163	16.960056	13.158649	31.851692	28.050285	29.203740	25.571660	13.148308	9.346901	28.039944	24.238537	23.634334	20.002254	
164	17.147563	13.346156	31.870462	28.069055	29.240783	25.608703	13.129538	9.328131	27.852437	24.051030	23.371937	19.739857	
165	17.338864	13.537457	31.889613	28.088207	29.278631	25.646551	13.110387	9.308980	27.661136	23.859729	23.104148	19.472068	
166	17.533840	13.732433	31.909136	28.107729	29.317258	25.685177	13.090864	9.289457	27.466160	23.664753	22.831134	19.199054	
167	17.732369	13.930962	31.929017	28.127610	29.356635	25.724555	13.070983	9.269577	27.267631	23.466224	22.553063	18.920983	
168	17.934325	14.132918	31.949244	28.147837	29.396736	25.764656	13.050756	9.249349	27.065675	23.264268	22.270107	18.638027	
169	18.139581	14.338174	31.969806	28.168400	29.437533	25.805453	13.030194	9.228787	26.860419	23.059012	21.982438	18.350358	
170	18.348004	14.546597	31.990691	28.189284	29.479000	25.846920	13.009309	9.207902	26.651996	22.850589	21.690233	18.058153	
171	18.559459	14.758052	32.011885	28.210478	29.521108	25.889028	12.988115	9.186709	26.440541	22.639134	21.393670	17.761590	
172	18.773807	14.972400	32.033375	28.231968	29.563831	25.931751	12.966625	9.165218	26.226193	22.424786	21.092930	17.460850	
173	18.990902	15.189495	32.055150	28.253743	29.607140	25.975060	12.944850	9.143443	26.009098	22.207691	20.788196	17.156116	
174	19.210593	15.409186	32.077195	28.275788	29.651007	26.018927	12.922805	9.121398	25.789407	21.988000	20.479654	16.847574	
175	19.432723	15.631316	32.099498	28.298091	29.695406	26.063326	12.900502	9.099095	25.567277	21.765870	20.167490	16.535410	
176	19.657122	15.855715	32.122045	28.320638	29.740307	26.108227	12.877955	9.076549	25.342878	21.541471	19.851895	16.219814	
177	19.883608	16.082201	32.144822	28.343415	29.785682	26.153602	12.855178	9.053771	25.116392	21.314985	19.533059	15.900979	
178	20.111979	16.310572	32.167816	28.366409	29.831502	26.199422	12.832184	9.030777	24.888021	21.086614	19.211176	15.579096	
179	20.342003	16.540596	32.191013	28.389606	29.877740	26.245660	12.808987	9.007581	24.657997	20.856590	18.886441	15.254361	
180	20.573400	16.771993	32.214398	28.412991	29.924366	26.292286	12.785602	8.984195	24.426600	20.625193	18.559050	14.926970	
181	20.805811	17.004404	32.237959	28.436552	29.971352	26.339271	12.762041	8.960634	24.194189	20.392782	18.229202	14.597122	
182	21.038735	17.237328	32.261680	28.460273	30.018667	26.386587	12.738320	8.936913	23.961265	20.159858	17.897095	14.265015	
183	21.271394	17.469987	32.285548	28.484141	30.066284	26.434203	12.714452	8.913045	23.728606	19.927199	17.562931	13.930851	
184	21.502413	17.701006	32.309547	28.508140	30.114172	26.482092	12.690453	8.889046	23.497587	19.696180	17.226912	13.594832	
185	21.728948	17.927541	32.333664	28.532257	30.162302	26.530222	12.666336	8.864929	23.271052	19.469646	16.889241	13.257161	
186	21.943820	18.142413	32.357884	28.556477	30.210645	26.578565	12.642116	8.840709	23.056180	19.254774	16.550121	12.918041	
187	22.124252	18.322845	32.382193	28.580786	30.259171	26.627091	12.617807	8.816400	22.875748	19.074341	16.209757	12.577677	
188	22.802252	19.000845	32.406575	28.605168	30.307850	26.675770	12.593425	8.792018	22.197748	18.396341	15.868356	12.236276	
189	22.901056	19.099649	32.431016	28.629609	30.356653	26.724572	12.568984	8.767577	22.098944	18.297537	15.526122	11.894042	
190	23.091923	19.290516	32.455502	28.654095	30.405549	26.773469	12.544498	8.743091	21.908077	18.106670	15.183263	11.551183	
191	23.312629	19.511222	32.480017	28.678610	30.454509	26.822429	12.519983	8.718576	21.687371	17.885964	14.839986	11.207905	
192	23.544492	19.743085	32.504547	28.703140	30.503504	26.871424	12.495453	8.694046	21.455508	17.654101	14.496496	10.864416	
193	23.781411	19.980004	32.529077	28.727670	30.552502	26.920422	12.470923	8.669516	21.218589	17.417182	14.153003	10.520923	
194	24.020881	20.219474	32.553593	28.752186	30.601475	26.969395	12.446407	8.645001	20.979119	17.177712	13.809713	10.177633	
195	24.261655	20.460248	32.578078	28.776672	30.650393	27.018313	12.421922	8.620515	20.738345	16.936938	13.466833	9.834752	
196	24.503008	20.701601	32.602520	28.801113	30.699225	27.067145	12.397480	8.596073	20.496992	16.695585	13.124569	9.492489	
197	24.744463	20.943056	32.626903	28.825496	30.747943	27.115863	12.373097	8.571690	20.255537	16.454130	12.783129	9.151049	
198	24.985670	21.184263	32.651212	28.849805	30.796516	27.164436	12.348788	8.547381	20.014330	16.212923	12.442718	8.810638	
199	25.226352	21.424946	32.675433	28.874026	30.844916	27.212836	12.324567	8.523161	19.773648	15.972241	12.103541	8.471461	
200	25.466276	21.664869	32.699550	28.898144	30.893112	27.261032	12.300450	8.499043	19.533724	15.732317	11.765804	8.133724	
201	25.705234	21.903827	32.723551	28.922144	30.941077	27.308997	12.276449	8.475042	19.294766	15.493359	11.429709	7.797628	
202	25.943037	22.141630	32.747419	28.946013	30.988779	27.356699	12.252581	8.451174	19.056963	15.255556	11.095459	7.463378	
203	26.179509	22.378102	32.771142	28.969735	31.036192	27.404112	12.228858	8.427451	18.820491	15.019084	10.763255	7.131175	
204	26.414483	22.613076	32.794704	28.993297	31.083285	27.451205	12.205296	8.403890	18.585517	14.784110	10.433299	6.801219	
205	26.647797	22.846390	32.818091	29.016684	31.130031	27.497951	12.181909	8.380503	18.352203	14.550796	10.105788	6.473708	
206	26.879296	23.077890	32.841289	29.039882	31.176401	27.544321	12.158711	8.357304	18.120704	14.319297	9.780921	6.148841	
207	27.108829	23.307422	32.864284	29.062877	31.222367	27.590287	12.135716	8.334309	17.891171	14.089764	9.458893	5.826813	
208	27.336248	23.534841	32.887063	29.085656	31.267901	27.635821	12.112937	8.311530	17.663752	13.862345	9.139898	5.507818	
209	27.561407	23.760000	32.909611	29.108205	31.312976	27.680896	12.090389	8.288982	17.438593	13.637186	8.824128	5.192048	
210	27.784165	23.982758	32.931916	29.130509	31.357565	27.725485	12.068084	8.266677	17.215835	13.414428	8.511774	4.879694	
211	28.004382	24.202975	32.953963	29.152556	31.401640	27.769560	12.046037	8.244630	16.995618	13.194211	8.203024	4.570944	
212	28.221922	24.420515	32.975739	29.174332	31.445175	27.813095	12.024261	8.222854	16.778078	12.976672	7.898064	4.265984	
213	28.436648	24.635241	32.997232	29.195825	31.488144	27.856063	12.002768	8.201361	16.563352	12.761945	7.597078	3.964998	
214	28.648429	24.847022	33.018428	29.217021	31.530520	27.898440	11.981572	8.180166	16.351571	12.550164	7.300247	3.668167	
215	28.857135	25.055728	33.039314	29.237907	31.572278	27.940198	11.960686	8.159279	16.142865	12.341459	7.007751	3.375670	
216	29.062636	25.261229	33.059878	29.258471	31.613393	27.981313	11.940122	8.138715	15.937364	12.135957	6.719764	3.087684	
217	29.264809	25.463402	33.080108	29.278701	31.653840	28.021760	11.919892	8.118485	15.735191	11.933785	6.436462	2.804382	
218	29.463527	25.662121	33.099991	29.298584	31.693595	28.061514	11.900009	8.098602	15.536473	11.735066	6.158014	2.525934	
219	29.658672	25.857265	33.119515	29.318108	31.732633	28.100552	11.880485	8.079078	15.341328	11.539921	5.884588	2.252508	
220	29.850123	26.048716	33.138669	29.337262	31.770931	28.138850	11.861331	8.059924	15.149877	11.348470	5.616350	1.984270	
221	30.037765	26.236358	33.157441	29.356034	31.808465	28.176385	11.842559	8.041152	14.962235	11.160828	5.353461	1.721381	
222	30.221482	26.420075	33.175820	29.374413	31.845214	28.213134	11.824180	8.022773	14.778518	10.977111	5.096078	1.463998	
223	30.401164	26.599757	33.193794	29.392388	31.881155	28.249075	11.806206	8.004799	14.598836	10.797429	4.844358	1.212278	
224	30.576701	26.775294	33.211354	29.409947	31.916266	28.284186	11.788646	7.987239	14.423299	10.621892	4.598452	0.966372	
225	30.747987	26.946580	33.228487	29.427080	31.950526	28.318446	11.771513	7.970106	14.252013	10.450606	4.358509	0.726429	
226	30.914918	27.113511	33.245185	29.443778	31.983915	28.351835	11.754815	7.953408	14.085082	10.283675	4.124671	0.492591	
227	31.077393	27.275986	33.261436	29.460029	32.016412	28.384332	11.738564	7.937157	13.922607	10.121201	3.897082	0.265002	
228	31.235313	27.433906	33.277231	29.475825	32.047997	28.415917	11.722769	7.921362	13.764687	9.963280	3.675877	0.043797	
229	31.388583	27.587176	33.292561	29.491155	32.078652	28.446572	11.707439	7.906032	13.611417	9.810011	3.461191	-0.170889	
230	31.537109	27.735703	33.307417	29.506010	32.108358	28.476278	11.692583	7.891176	13.462891	9.661484	3.253151	-0.378929	
231	31.680803	27.879397	33.321788	29.520382	32.137098	28.505017	11.678212	7.876805	13.319197	9.517790	3.051885	-0.580195	
232	31.819578	28.018171	33.335668	29.534261	32.164853	28.532772	11.664332	7.862925	13.180422	9.379016	2.857512	-0.774568	
233	31.953348	28.151941	33.349047	29.547640	32.191607	28.559526	11.650953	7.849547	13.046652	9.245245	2.670151	-0.961929	
234	32.082034	28.280627	33.361917	29.560510	32.217343	28.585263	11.638083	7.836676	12.917966	9.116559	2.489913	-1.142167	
235	32.205557	28.404150	33.374270	29.572863	32.242048	28.609968	11.625730	7.824323	12.794443	8.993036	2.316908	-1.315172	
236	32.323843	28.522437	33.386100	29.584693	32.265705	28.633624	11.613900	7.812493	12.676157	8.874750	2.151240	-1.480840	
237	32.436821	28.635414	33.397399	29.595992	32.288299	28.656219	11.602601	7.801194	12.563179	8.761772	1.993009	-1.639071	
238	32.544422	28.743015	33.408160	29.606753	32.309819	28.677739	11.591840	7.790434	12.455578	8.654171	1.842309	-1.789771	
239	32.646581	28.845174	33.418376	29.616969	32.330250	28.698170	11.581624	7.780217	12.353419	8.552012	1.699233	-1.932847	
240	32.743236	28.941830	33.428042	29.626635	32.349580	28.717500	11.571958	7.770551	12.256764	8.455357	1.563865	-2.068215	
241	32.834330	29.032923	33.437152	29.635745	32.367798	28.735718	11.562848	7.761441	12.165670	8.364263	1.436288	-2.195792	
242	32.919806	29.118400	33.445700	29.644293	32.384893	28.752813	11.554300	7.752893	12.080194	8.278787	1.316578	-2.315502	
243	32.999614	29.198208	33.453681	29.652274	32.400854	28.768774	11.546319	7.744912	12.000386	8.198979	1.204808	-2.427272	
244	33.073706	29.272299	33.461090	29.659684	32.415671	28.783591	11.538910	7.737503	11.926294	8.124888	1.101045	-2.531035	
245	33.142035	29.340628	33.467924	29.666517	32.429337	28.797256	11.532076	7.730670	11.857965	8.056558	1.005351	-2.626729	
246	33.204562	29.403155	33.474176	29.672770	32.441841	28.809761	11.525824	7.724417	11.795438	7.994031	0.917784	-2.714296	
247	33.261249	29.459842	33.479845	29.678438	32.453178	28.821098	11.520155	7.718748	11.738751	7.937345	0.838397	-2.793684	
248	33.312060	29.510653	33.484926	29.683520	32.463340	28.831260	11.515074	7.713667	11.687940	7.886533	0.767237	-2.864843	
249	33.356966	29.555560	33.489417	29.688010	32.472320	28.840240	11.510583	7.709176	11.643034	7.841627	0.704348	-2.927732	
250	33.395940	29.594533	33.493314	29.691908	32.480115	28.848035	11.506686	7.705279	11.604060	7.802653	0.649767	-2.982313	
251	33.428958	29.627551	33.496616	29.695209	32.486718	28.854638	11.503384	7.701977	11.571042	7.769635	0.603528	-3.028552	
252	33.455999	29.654592	33.499320	29.697914	32.492126	28.860046	11.500680	7.699273	11.544001	7.742594	0.565658	-3.066423	
253	33.477049	29.675642	33.501425	29.700019	32.496335	28.864255	11.498575	7.697168	11.522951	7.721544	0.536179	-3.095901	
254	33.492093	29.690686	33.502930	29.701523	32.499344	28.867264	11.497070	7.695663	11.507907	7.706500	0.515110	-3.116970	
255	33.501123	29.699716	33.503833	29.702426	32.501150	28.869070	11.496167	7.694760	11.498877	7.697470	0.502464	-3.129616	
256	33.504134	29.702727	33.504134	29.702727	32.501752	28.869672	11.495866	7.694459	11.495866	7.694459	0.498248	-3.133832	
257	33.498895	29.697488	33.502749	29.701343	32.500547	28.868467	11.497251	7.695844	11.501105	7.699698	0.506680	-3.125400	
258	33.483184	29.681778	33.498593	29.697186	32.496927	28.864847	11.501407	7.700000	11.516816	7.715409	0.531964	-3.100116	
259	33.457023	29.655616	33.491658	29.690251	32.490875	28.858795	11.508342	7.706935	11.542977	7.741571	0.574066	-3.058014	
260	33.420442	29.619035	33.481929	29.680523	32.482360	28.850280	11.518071	7.716664	11.579558	7.778151	0.632928	-2.999152	
261	33.373490	29.572083	33.469390	29.667983	32.471344	28.839264	11.530610	7.729203	11.626510	7.825103	0.708468	-2.923612	
262	33.316225	29.514818	33.454016	29.652609	32.457774	28.825694	11.545984	7.744577	11.683775	7.882368	0.800584	-2.831496	
263	33.248720	29.447313	33.435779	29.634372	32.441588	28.809508	11.564221	7.762814	11.751280	7.949873	0.909147	-2.722933	
264	33.171060	29.369653	33.414646	29.613239	32.422712	28.790632	11.585354	7.783947	11.828940	8.027533	1.034011	-2.598070	
265	33.083343	29.281936	33.390577	29.589171	32.401062	28.768982	11.609423	7.808016	11.916657	8.115250	1.175002	-2.457078	
266	32.985679	29.184273	33.363531	29.562124	32.376542	28.744462	11.636469	7.835062	12.014321	8.212914	1.331930	-2.300150	
267	32.878192	29.076785	33.333460	29.532053	32.349049	28.716969	11.666540	7.865133	12.121808	8.320401	1.504579	-2.127501	
268	32.761015	28.959608	33.300312	29.498905	32.318467	28.686387	11.699688	7.898281	12.238985	8.437578	1.692715	-1.939365	
269	32.634296	28.832889	33.264031	29.462625	32.284673	28.652593	11.735969	7.934562	12.365704	8.564298	1.896081	-1.735999	
270	32.498192	28.696785	33.224558	29.423152	32.247535	28.615454	11.775442	7.974035	12.501808	8.700401	2.114403	-1.517677	
271	32.352873	28.551466	33.181830	29.380423	32.206909	28.574829	11.818170	8.016763	12.647127	8.845720	2.347384	-1.284696	
272	32.198520	28.397113	33.135778	29.334372	32.162649	28.530569	11.864222	8.062815	12.801480	9.000073	2.594711	-1.037369	
273	32.035323	28.233916	33.086335	29.284928	32.114596	28.482516	11.913665	8.112258	12.964677	9.163270	2.856051	-0.776030	
274	31.863484	28.062077	33.033426	29.232019	32.062587	28.430507	11.966574	8.165167	13.136516	9.335109	3.131053	-0.501027	
275	31.683214	27.881807	32.976976	29.175569	32.006452	28.374372	12.023024	8.221617	13.316786	9.515379	3.419352	-0.212728	
276	31.494733	27.693327	32.916909	29.115502	31.946016	28.313936	12.083091	8.281684	13.505267	9.703860	3.720562	0.088482	
277	31.298272	27.496865	32.853143	29.051737	31.881097	28.249017	12.146857	8.345450	13.701728	9.900321	4.034286	0.402206	
278	31.094069	27.292662	32.785599	28.984192	31.811510	28.179430	12.214401	8.412994	13.905931	10.104524	4.360109	0.728029	
279	30.882370	27.080963	32.714194	28.912787	31.737066	28.104985	12.285806	8.484399	14.117630	10.316223	4.697604	1.065524	
280	30.663431	26.862024	32.638844	28.837437	31.657571	28.025491	12.361156	8.559750	14.336569	10.535163	5.046329	1.414249	
281	30.437512	26.636106	32.559465	28.758058	31.572830	27.940750	12.440535	8.639128	14.562488	10.761081	5.405830	1.773750	
282	30.204885	26.403478	32.475974	28.674567	31.482648	27.850568	12.524026	8.722620	14.795115	10.993709	5.775644	2.143564	
283	29.965822	26.164415	32.388286	28.586879	31.386825	27.754745	12.611714	8.810308	15.034178	11.232771	6.155294	2.523214	
284	29.720607	25.919200	32.296318	28.494911	31.285163	27.653083	12.703682	8.902276	15.279393	11.477987	6.544295	2.912215	
285	29.469525	25.668118	32.199987	28.398580	31.177464	27.545384	12.800013	8.998606	15.530475	11.729068	6.942153	3.310073	
286	29.212868	25.411461	32.099213	28.297806	31.063531	27.431451	12.900787	9.099380	15.787132	11.985725	7.348366	3.716286	
287	28.950933	25.149526	31.993917	28.192510	30.943169	27.311089	13.006083	9.204677	16.049067	12.247660	7.762425	4.130345	
288	28.684020	24.882613	31.884020	28.082613	30.816186	27.184106	13.115980	9.314573	16.315980	12.514573	8.183814	4.551734	
289	28.412432	24.611025	31.769448	27.968041	30.682393	27.050312	13.230552	9.429145	16.587568	12.786162	8.612014	4.979933	
290	28.136475	24.335068	31.650130	27.848723	30.541604	26.909523	13.349870	9.548463	16.863525	13.062118	9.046499	5.414419	
291	27.856460	24.055053	31.525997	27.724591	30.393639	26.761559	13.474003	9.672596	17.143540	13.342133	9.486744	5.854664	
292	27.572696	23.771289	31.396985	27.595578	30.238325	26.606245	13.603015	9.801608	17.427304	13.625897	9.932217	6.300137	
293	27.285496	23.484090	31.263033	27.461626	30.075494	26.443413	13.736967	9.935560	17.714504	13.913097	10.382388	6.750307	
294	26.995174	23.193767	31.124085	27.322678	29.904984	26.272904	13.875915	10.074508	18.004826	14.203419	10.836724	7.204644	
295	26.702043	22.900636	30.980090	27.178684	29.726643	26.094563	14.019910	10.218503	18.297957	14.496550	11.294696	7.662616	
296	26.406417	22.605010	30.831004	27.029597	29.540327	25.908247	14.168996	10.367589	18.593583	14.792176	11.755773	8.123693	
297	26.108609	22.307202	30.676785	26.875378	29.345902	25.713822	14.323215	10.521808	18.891391	15.089984	12.219429	8.587349	
298	25.808932	22.007525	30.517402	26.715995	29.143242	25.511162	14.482598	10.681191	19.191068	15.389661	12.685139	9.053059	
299	25.507698	21.706291	30.352827	26.551420	28.932233	25.300153	14.647173	10.845767	19.492302	15.690895	13.152383	9.520303	
300	25.205215	21.403809	30.183040	26.381633	28.712775	25.080694	14.816960	11.015553	19.794785	15.993378	13.620647	9.988567	
301	24.901793	21.100386	30.008031	26.206624	28.484775	24.852695	14.991969	11.190562	20.098207	16.296800	14.089421	10.457341	
302	24.597737	20.796331	29.827796	26.026389	28.248158	24.616078	15.172204	11.370797	20.402263	16.600856	14.558201	10.926121	
303	24.293351	20.491945	29.642340	25.840933	28.002860	24.370780	15.357660	11.556253	20.706649	16.905242	15.026493	11.394413	
304	23.988938	20.187531	29.451679	25.650272	27.748832	24.116752	15.548321	11.746914	21.011062	17.209656	15.493808	11.861728	
305	23.684796	19.883389	29.255839	25.454432	27.486040	23.853960	15.744161	11.942754	21.315204	17.513798	15.959666	12.327586	
306	23.381224	19.579818	29.054858	25.253451	27.214468	23.582387	15.945142	12.143735	21.618776	17.817369	16.423595	12.791515	
307	23.078523	19.277116	28.848787	25.047380	26.934113	23.302033	16.151213	12.349806	21.921477	18.120070	16.885132	13.253052	
308	22.776992	18.975585	28.637695	24.836288	26.644996	23.012916	16.362305	12.560898	22.223008	18.421601	17.343822	13.711742	
309	22.476936	18.675529	28.421668	24.620261	26.347154	22.715074	16.578332	12.776925	22.523064	18.721657	17.799217	14.167137	
310	22.178671	18.377264	28.200819	24.399412	26.040651	22.408571	16.799181	12.997774	22.821329	19.019922	18.250876	14.618796	
311	21.882529	18.081122	27.975294	24.173887	25.725576	22.093496	17.024706	13.223299	23.117471	19.316065	18.698360	15.066280	
312	21.588876	17.787469	27.745291	23.943884	25.402052	21.769972	17.254709	13.453302	23.411124	19.609717	19.141225	15.509145	
313	21.298142	17.496735	27.511083	23.709676	25.070252	21.438172	17.488917	13.687511	23.701858	19.900452	19.579012	15.946932	
314	21.010868	17.209461	27.273077	23.471670	24.730420	21.098340	17.726923	13.925516	23.989132	20.187726	20.011222	16.379142	
315	20.727831	16.926424	27.031931	23.230524	24.382927	20.750846	17.968069	14.166662	24.272169	20.470762	20.437261	16.805181	
316	20.450321	16.648914	26.788834	22.987427	24.028406	20.396326	18.211166	14.409759	24.549679	20.748272	20.856306	17.224226	
317	20.180905	16.379499	26.546270	22.744863	23.668145	20.036064	18.453730	14.652323	24.819095	21.017688	21.266915	17.634834	
318	19.925998	16.124591	26.310589	22.509182	23.305569	19.673489	18.689411	14.888004	25.074002	21.272595	21.665539	18.033459	
319	19.706696	15.905289	26.102842	22.301435	22.954918	19.322838	18.897158	15.095752	25.293304	21.491897	22.037855	18.405775	
320	18.998399	15.800194	26.001601	22.200194	22.736790	19.104710	19.601601	15.196993	25.398399	21.596993	22.263210	18.631130	
321	18.897158	15.095752	25.293304	21.491897	22.037855	18.405775	19.706696	15.905289	26.102842	22.301435	22.954918	19.322838	
322	18.689411	14.888004	25.074002	21.272595	21.665539	18.033459	19.925998	16.124591	26.310589	22.509182	23.305569	19.673489	
323	18.453730	14.652323	24.819095	21.017688	21.266915	17.634834	20.180905	16.379499	26.546270	22.744863	23.668145	20.036064	
324	18.211166	14.409759	24.549679	20.748272	20.856306	17.224226	20.450321	16.648914	26.788834	22.987427	24.028406	20.396326	
325	17.968069	14.166662	24.272169	20.470762	20.437261	16.805181	20.727831	16.926424	27.031931	23.230524	24.382927	20.750846	
326	17.726923	13.925516	23.989132	20.187726	20.011222	16.379142	21.010868	17.209461	27.273077	23.471670	24.730420	21.098340	
327	17.488917	13.687511	23.701858	19.900452	19.579012	15.946932	21.298142	17.496735	27.511083	23.709676	25.070252	21.438172	
328	17.254709	13.453302	23.411124	19.609717	19.141225	15.509145	21.588876	17.787469	27.745291	23.943884	25.402052	21.769972	
329	17.024706	13.223299	23.117471	19.316065	18.698360	15.066280	21.882529	18.081122	27.975294	24.173887	25.725576	22.093496	
330	16.799181	12.997774	22.821329	19.019922	18.250876	14.618796	22.178671	18.377264	28.200819	24.399412	26.040651	22.408571	
331	16.578332	12.776925	22.523064	18.721657	17.799217	14.167137	22.476936	18.675529	28.421668	24.620261	26.347154	22.715074	
332	16.362305	12.560898	22.223008	18.421601	17.343822	13.711742	22.776992	18.975585	28.637695	24.836288	26.644996	23.012916	
333	16.151213	12.349806	21.921477	18.120070	16.885132	13.253052	23.078523	19.277116	28.848787	25.047380	26.934113	23.302033	
334	15.945142	12.143735	21.618776	17.817369	16.423595	12.791515	23.381224	19.579818	29.054858	25.253451	27.214468	23.582387	
335	15.744161	11.942754	21.315204	17.513798	15.959666	12.327586	23.684796	19.883389	29.255839	25.454432	27.486040	23.853960	
336	15.548321	11.746914	21.011062	17.209656	15.493808	11.861728	23.988938	20.187531	29.451679	25.650272	27.748832	24.116752	
337	15.357660	11.556253	20.706649	16.905242	15.026493	11.394413	24.293351	20.491945	29.642340	25.840933	28.002860	24.370780	
338	15.172204	11.370797	20.402263	16.600856	14.558201	10.926121	24.597737	20.796331	29.827796	26.026389	28.248158	24.616078	
339	14.991969	11.190562	20.098207	16.296800	14.089421	10.457341	24.901793	21.100386	30.008031	26.206624	28.484775	24.852695	
340	14.816960	11.015553	19.794785	15.993378	13.620647	9.988567	25.205215	21.403809	30.183040	26.381633	28.712775	25.080694	
341	14.647173	10.845767	19.492302	15.690895	13.152383	9.520303	25.507698	21.706291	30.352827	26.551420	28.932233	25.300153	
342	14.482598	10.681191	19.191068	15.389661	12.685139	9.053059	25.808932	22.007525	30.517402	26.715995	29.143242	25.511162	
343	14.323215	10.521808	18.891391	15.089984	12.219429	8.587349	26.108609	22.307202	30.676785	26.875378	29.345902	25.713822	
344	14.168996	10.367589	18.593583	14.792176	11.755773	8.123693	26.406417	22.605010	30.831004	27.029597	29.540327	25.908247	
345	14.019910	10.218503	18.297957	14.496550	11.294696	7.662616	26.702043	22.900636	30.980090	27.178684	29.726643	26.094563	
346	13.875915	10.074508	18.004826	14.203419	10.836724	7.204644	26.995174	23.193767	31.124085	27.322678	29.904984	26.272904	
347	13.736967	9.935560	17.714504	13.913097	10.382388	6.750307	27.285496	23.484090	31.263033	27.461626	30.075494	26.443413	
348	13.603015	9.801608	17.427304	13.625897	9.932217	6.300137	27.572696	23.771289	31.396985	27.595578	30.238325	26.606245	
349	13.474003	9.672596	17.143540	13.342133	9.486744	5.854664	27.856460	24.055053	31.525997	27.724591	30.393639	26.761559	
350	13.349870	9.548463	16.863525	13.062118	9.046499	5.414419	28.136475	24.335068	31.650130	27.848723	30.541604	26.909523	
351	13.230552	9.429145	16.587568	12.786162	8.612014	4.979933	28.412432	24.611025	31.769448	27.968041	30.682393	27.050312	
352	13.115980	9.314573	16.315980	12.514573	8.183814	4.551734	28.684020	24.882613	31.884020	28.082613	30.816186	27.184106	
353	13.006083	9.204677	16.049067	12.247660	7.762425	4.130345	28.950933	25.149526	31.993917	28.192510	30.943169	27.311089	
354	12.900787	9.099380	15.787132	11.985725	7.348366	3.716286	29.212868	25.411461	32.099213	28.297806	31.063531	27.431451	
355	12.800013	8.998606	15.530475	11.729068	6.942153	3.310073	29.469525	25.668118	32.199987	28.398580	31.177464	27.545384	
356	12.703682	8.902276	15.279393	11.477987	6.544295	2.912215	29.720607	25.919200	32.296318	28.494911	31.285163	27.653083	
357	12.611714	8.810308	15.034178	11.232771	6.155294	2.523214	29.965822	26.164415	32.388286	28.586879	31.386825	27.754745	
358	12.524026	8.722620	14.795115	10.993709	5.775644	2.143564	30.204885	26.403478	32.475974	28.674567	31.482648	27.850568	
359	12.440535	8.639128	14.562488	10.761081	5.405830	1.773750	30.437512	26.636106	32.559465	28.758058	31.572830	27.940750	
360	12.361156	8.559750	14.336569	10.535163	5.046329	1.414249	30.663431	26.862024	32.638844	28.837437	31.657571	28.025491	
361	12.285806	8.484399	14.117630	10.316223	4.697604	1.065524	30.882370	27.080963	32.714194	28.912787	31.737066	28.104985	
362	12.214401	8.412994	13.905931	10.104524	4.360109	0.728029	31.094069	27.292662	32.785599	28.984192	31.811510	28.179430	
363	12.146857	8.345450	13.701728	9.900321	4.034286	0.402206	31.298272	27.496865	32.853143	29.051737	31.881097	28.249017	
364	12.083091	8.281684	13.505267	9.703860	3.720562	0.088482	31.494733	27.693327	32.916909	29.115502	31.946016	28.313936	
365	12.023024	8.221617	13.316786	9.515379	3.419352	-0.212728	31.683214	27.881807	32.976976	29.175569	32.006452	28.374372	
366	11.966574	8.165167	13.136516	9.335109	3.131053	-0.501027	31.863484	28.062077	33.033426	29.232019	32.062587	28.430507	
367	11.913665	8.112258	12.964677	9.163270	2.856051	-0.776030	32.035323	28.233916	33.086335	29.284928	32.114596	28.482516	
368	11.864222	8.062815	12.801480	9.000073	2.594711	-1.037369	32.198520	28.397113	33.135778	29.334372	32.162649	28.530569	
369	11.818170	8.016763	12.647127	8.845720	2.347384	-1.284696	32.352873	28.551466	33.181830	29.380423	32.206909	28.574829	
370	11.775442	7.974035	12.501808	8.700401	2.114403	-1.517677	32.498192	28.696785	33.224558	29.423152	32.247535	28.615454	
371	11.735969	7.934562	12.365704	8.564298	1.896081	-1.735999	32.634296	28.832889	33.264031	29.462625	32.284673	28.652593	
372	11.699688	7.898281	12.238985	8.437578	1.692715	-1.939365	32.761015	28.959608	33.300312	29.498905	32.318467	28.686387	
373	11.666540	7.865133	12.121808	8.320401	1.504579	-2.127501	32.878192	29.076785	33.333460	29.532053	32.349049	28.716969	
374	11.636469	7.835062	12.014321	8.212914	1.331930	-2.300150	32.985679	29.184273	33.363531	29.562124	32.376542	28.744462	
375	11.609423	7.808016	11.916657	8.115250	1.175002	-2.457078	33.083343	29.281936	33.390577	29.589171	32.401062	28.768982	
376	11.585354	7.783947	11.828940	8.027533	1.034011	-2.598070	33.171060	29.369653	33.414646	29.613239	32.422712	28.790632	
377	11.564221	7.762814	11.751280	7.949873	0.909147	-2.722933	33.248720	29.447313	33.435779	29.634372	32.441588	28.809508	
378	11.545984	7.744577	11.683775	7.882368	0.800584	-2.831496	33.316225	29.514818	33.454016	29.652609	32.457774	28.825694	
379	11.530610	7.729203	11.626510	7.825103	0.708468	-2.923612	33.373490	29.572083	33.469390	29.667983	32.471344	28.839264	
380	11.518071	7.716664	11.579558	7.778151	0.632928	-2.999152	33.420442	29.619035	33.481929	29.680523	32.482360	28.850280	
381	11.508342	7.706935	11.542977	7.741571	0.574066	-3.058014	33.457023	29.655616	33.491658	29.690251	32.490875	28.858795	
382	11.501407	7.700000	11.516816	7.715409	0.531964	-3.100116	33.483184	29.681778	33.498593	29.697186	32.496927	28.864847	
383	11.497251	7.695844	11.501105	7.699698	0.506680	-3.125400	33.498895	29.697488	33.502749	29.701343	32.500547	28.868467	
384	11.495866	7.694459	11.495866	7.694459	0.498248	-3.133832	33.504134	29.702727	33.504134	29.702727	32.501752	28.869672	
