# n = 1.1 U  = 7.0 J = 1.750 k = 128.0
#    itr              mu            ntot            mtot            etot
       1       -1.000000        1.401001        0.056152       -6.034507
       2       -0.377000        1.099243        0.015625       -3.592612
       3       -1.000000        1.404907        0.003174       -6.019968
       4       -0.347000        1.099487        0.001587       -3.565992
       5       -1.000000        1.404907        0.000244       -6.017857
       6       -0.345000        1.099243        0.000244       -3.565898
       7       -1.000000        1.405396       -0.000000       -6.020357
       8       -0.342000        1.099731        0.000000       -3.562941
       9       -1.000000        1.405396        0.000000       -6.016332
