#p	a_up	a_dn	b_up	b_dn	c_up	c_dn	NaN
0	31.780142	21.249061	31.780146	21.249062	20.683533	10.216858	
1	31.780443	21.249362	31.783158	21.252074	20.687749	10.221074	
2	31.781346	21.250265	31.792191	21.261108	20.700396	10.233722	
3	31.782851	21.251770	31.807241	21.276158	20.721466	10.254792	
4	31.784957	21.253876	31.828299	21.297215	20.750947	10.284272	
5	31.787662	21.256581	31.855351	21.324267	20.788819	10.322144	
6	31.790965	21.259884	31.888381	21.357297	20.835062	10.368387	
7	31.794864	21.263783	31.927369	21.396286	20.889646	10.422971	
8	31.799356	21.268276	31.972293	21.441210	20.952539	10.485864	
9	31.804439	21.273359	32.023125	21.492041	21.023703	10.557028	
10	31.810110	21.279030	32.079833	21.548750	21.103095	10.636420	
11	31.816366	21.285285	32.142385	21.611302	21.190668	10.723993	
12	31.823201	21.292121	32.210743	21.679659	21.286368	10.819693	
13	31.830613	21.299533	32.284864	21.753781	21.390138	10.923463	
14	31.838598	21.307517	32.364705	21.833622	21.501916	11.035241	
15	31.847149	21.316068	32.450218	21.919134	21.621634	11.154959	
16	31.856262	21.325181	32.541351	22.010267	21.749219	11.282544	
17	31.865932	21.334851	32.638048	22.106965	21.884596	11.417921	
18	31.876152	21.345072	32.740253	22.209169	22.027683	11.561008	
19	31.886917	21.355837	32.847903	22.316819	22.178392	11.711718	
20	31.898220	21.367140	32.960933	22.429850	22.336635	11.869960	
21	31.910055	21.378974	33.079276	22.548192	22.502315	12.035640	
22	31.922413	21.391332	33.202860	22.671776	22.675332	12.208657	
23	31.935288	21.404207	33.331610	22.800527	22.855583	12.388908	
24	31.948672	21.417591	33.465450	22.934366	23.042958	12.576283	
25	31.962557	21.431476	33.604298	23.073214	23.237345	12.770671	
26	31.976934	21.445853	33.748071	23.216987	23.438627	12.971952	
27	31.991795	21.460714	33.896682	23.365598	23.646683	13.180008	
28	32.007131	21.476050	34.050041	23.518958	23.861386	13.394712	
29	32.022933	21.491852	34.208057	23.676974	24.082609	13.615934	
30	32.039190	21.508110	34.370635	23.839551	24.310217	13.843542	
31	32.055894	21.524814	34.537675	24.006591	24.544074	14.077399	
32	32.073035	21.541954	34.709078	24.177994	24.784038	14.317363	
33	32.090601	21.559520	34.884740	24.353657	25.029965	14.563290	
34	32.108583	21.577502	35.064556	24.533473	25.281707	14.815033	
35	32.126969	21.595888	35.248417	24.717334	25.539113	15.072438	
36	32.145748	21.614668	35.436213	24.905129	25.802027	15.335352	
37	32.164910	21.633829	35.627830	25.096746	26.070290	15.603616	
38	32.184442	21.653362	35.823153	25.292069	26.343742	15.877068	
39	32.204333	21.673253	36.022064	25.490980	26.622218	16.155543	
40	32.224571	21.693491	36.224444	25.693360	26.905549	16.438875	
41	32.245144	21.714063	36.430170	25.899086	27.193566	16.726891	
42	32.266039	21.734958	36.639118	26.108035	27.486094	17.019419	
43	32.287243	21.756163	36.851164	26.320080	27.782958	17.316283	
44	32.308745	21.777664	37.066179	26.535095	28.083978	17.617304	
45	32.330530	21.799450	37.284033	26.752949	28.388974	17.922299	
46	32.352586	21.821506	37.504595	26.973511	28.697761	18.231087	
47	32.374900	21.843820	37.727733	27.196649	29.010154	18.543480	
48	32.397458	21.866377	37.953312	27.422228	29.325965	18.859290	
49	32.420247	21.889166	38.181196	27.650112	29.645002	19.178327	
50	32.443252	21.912171	38.411247	27.880164	29.967075	19.500400	
51	32.466460	21.935379	38.643329	28.112245	30.291988	19.825314	
52	32.489857	21.958776	38.877299	28.346216	30.619547	20.152872	
53	32.513429	21.982348	39.113018	28.581935	30.949554	20.482879	
54	32.537161	22.006081	39.350344	28.819261	31.281810	20.815135	
55	32.561040	22.029960	39.589134	29.058050	31.616115	21.149441	
56	32.585051	22.053971	39.829243	29.298159	31.952268	21.485593	
57	32.609180	22.078099	40.070527	29.539443	32.290066	21.823391	
58	32.633411	22.102330	40.312841	29.781758	32.629306	22.162631	
59	32.657731	22.126650	40.556039	30.024956	32.969783	22.503108	
60	32.682124	22.151044	40.799975	30.268891	33.311293	22.844618	
61	32.706577	22.175496	41.044500	30.513417	33.653629	23.186954	
62	32.731074	22.199993	41.289469	30.758386	33.996585	23.529910	
63	32.755600	22.224520	41.534734	31.003650	34.339956	23.873281	
64	32.780142	22.249061	41.780146	31.249062	34.683533	24.216858	
65	32.804683	22.273602	42.025558	31.494475	35.027110	24.560435	
66	32.829209	22.298129	42.270823	31.739739	35.370480	24.903805	
67	32.853706	22.322625	42.515792	31.984708	35.713437	25.246762	
68	32.878159	22.347078	42.760317	32.229234	36.055773	25.589098	
69	32.902552	22.371472	43.004253	32.473169	36.397282	25.930607	
70	32.926872	22.395791	43.247451	32.716367	36.737759	26.271085	
71	32.951103	22.420023	43.489765	32.958681	37.076999	26.610324	
72	32.975232	22.444151	43.731049	33.199966	37.414797	26.948122	
73	32.999243	22.468162	43.971158	33.440075	37.750950	27.284275	
74	33.023122	22.492041	44.209948	33.678864	38.085255	27.618580	
75	33.046854	22.515774	44.447273	33.916190	38.417511	27.950837	
76	33.070426	22.539346	44.682993	34.151909	38.747518	28.280843	
77	33.093823	22.562743	44.916963	34.385880	39.075077	28.608402	
78	33.117031	22.585951	45.149044	34.617961	39.399991	28.933316	
79	33.140037	22.608956	45.379096	34.848013	39.722063	29.255388	
80	33.162825	22.631744	45.606980	35.075897	40.041101	29.574426	
81	33.185383	22.654302	45.832559	35.301475	40.356911	29.890236	
82	33.207697	22.676616	46.055697	35.524613	40.669304	30.202629	
83	33.229753	22.698672	46.276259	35.745176	40.978091	30.511417	
84	33.251538	22.720458	46.494113	35.963030	41.283087	30.816412	
85	33.273040	22.741959	46.709128	36.178044	41.584107	31.117433	
86	33.294244	22.763164	46.921173	36.390090	41.880971	31.414296	
87	33.315139	22.784058	47.130122	36.599039	42.173499	31.706825	
88	33.335712	22.804631	47.335848	36.804765	42.461516	31.994841	
89	33.355950	22.824869	47.538228	37.007144	42.744847	32.278173	
90	33.375841	22.844760	47.737139	37.206055	43.023323	32.556648	
91	33.395373	22.864292	47.932462	37.401378	43.296775	32.830100	
92	33.414535	22.883454	48.124079	37.592995	43.565039	33.098364	
93	33.433314	22.902234	48.311874	37.780791	43.827953	33.361278	
94	33.451701	22.920620	48.495735	37.964652	44.085358	33.618683	
95	33.469682	22.938601	48.675551	38.144468	44.337100	33.870426	
96	33.487248	22.956168	48.851214	38.320130	44.583028	34.116353	
97	33.504389	22.973308	49.022617	38.491533	44.822992	34.356317	
98	33.521093	22.990012	49.189657	38.658574	45.056848	34.590174	
99	33.537350	23.006270	49.352234	38.821151	45.284457	34.817782	
100	33.553152	23.022071	49.510250	38.979167	45.505679	35.039004	
101	33.568488	23.037407	49.663610	39.132527	45.720383	35.253708	
102	33.583349	23.052268	49.812221	39.281138	45.928438	35.461763	
103	33.597726	23.066646	49.955994	39.424910	46.129720	35.663045	
104	33.611611	23.080530	50.094842	39.563758	46.324107	35.857432	
105	33.624995	23.093914	50.228682	39.697598	46.511483	36.044808	
106	33.637870	23.106789	50.357432	39.826348	46.691733	36.225058	
107	33.650229	23.119148	50.481016	39.949932	46.864751	36.398076	
108	33.662063	23.130982	50.599359	40.068275	47.030430	36.563756	
109	33.673366	23.142285	50.712389	40.181305	47.188673	36.721998	
110	33.684131	23.153050	50.820039	40.288955	47.339383	36.872708	
111	33.694351	23.163271	50.922243	40.391160	47.482469	37.015794	
112	33.704021	23.172940	51.018941	40.487858	47.617846	37.151171	
113	33.713134	23.182054	51.110074	40.578990	47.745432	37.278757	
114	33.721686	23.190605	51.195587	40.664503	47.865150	37.398475	
115	33.729670	23.198589	51.275428	40.744344	47.976927	37.510252	
116	33.737082	23.206001	51.349549	40.818466	48.080697	37.614023	
117	33.743918	23.212837	51.417907	40.886823	48.176398	37.709723	
118	33.750173	23.219092	51.480458	40.949375	48.263970	37.797295	
119	33.755844	23.224763	51.537167	41.006084	48.343363	37.876688	
120	33.760927	23.229846	51.587999	41.056915	48.414527	37.947852	
121	33.765419	23.234339	51.632922	41.101839	48.477420	38.010745	
122	33.769318	23.238237	51.671911	41.140827	48.532004	38.065329	
123	33.772621	23.241540	51.704941	41.173858	48.578246	38.111571	
124	33.775326	23.244246	51.731993	41.200910	48.616119	38.149444	
125	33.777432	23.246351	51.753050	41.221967	48.645599	38.178924	
126	33.778937	23.247856	51.768100	41.237017	48.666669	38.199994	
127	33.779840	23.248760	51.777134	41.246050	48.679316	38.212641	
128	33.780142	23.249061	51.780146	41.249062	48.683533	38.216858	
129	33.783153	23.252073	51.780447	41.249363	48.684135	38.217460	
130	33.792187	23.261106	51.781350	41.250267	48.685942	38.219267	
131	33.807237	23.276156	51.782855	41.251772	48.688952	38.222277	
132	33.828294	23.297214	51.784961	41.253878	48.693163	38.226488	
133	33.855346	23.324266	51.787666	41.256583	48.698574	38.231899	
134	33.888376	23.357296	51.790969	41.259886	48.705180	38.238505	
135	33.927365	23.396284	51.794868	41.263785	48.712977	38.246303	
136	33.972289	23.441208	51.799361	41.268277	48.721962	38.255287	
137	34.023120	23.492040	51.804444	41.273360	48.732128	38.265454	
138	34.079829	23.548748	51.810115	41.279031	48.743470	38.276795	
139	34.142381	23.611300	51.816370	41.285286	48.755981	38.289306	
140	34.210738	23.679658	51.823206	41.292122	48.769652	38.302977	
141	34.284860	23.753779	51.830618	41.299534	48.784476	38.317802	
142	34.364701	23.833620	51.838602	41.307518	48.800445	38.333770	
143	34.450214	23.919133	51.847153	41.316070	48.817547	38.350872	
144	34.541346	24.010266	51.856266	41.325183	48.835774	38.369099	
145	34.638044	24.106963	51.865936	41.334853	48.855113	38.388438	
146	34.740249	24.209168	51.876157	41.345073	48.875554	38.408879	
147	34.847899	24.316818	51.886922	41.355838	48.897084	38.430409	
148	34.960929	24.429848	51.898225	41.367141	48.919690	38.453015	
149	35.079272	24.548191	51.910059	41.378975	48.943359	38.476684	
150	35.202855	24.671775	51.922417	41.391334	48.968075	38.501401	
151	35.331606	24.800525	51.935292	41.404209	48.993826	38.527151	
152	35.465445	24.934365	51.948676	41.417593	49.020593	38.553919	
153	35.604293	25.073213	51.962561	41.431477	49.048363	38.581688	
154	35.748066	25.216986	51.976938	41.445855	49.077118	38.610443	
155	35.896677	25.365597	51.991799	41.460716	49.106840	38.640165	
156	36.050037	25.518956	52.007135	41.476052	49.137512	38.670837	
157	36.208053	25.676972	52.022937	41.491853	49.169115	38.702440	
158	36.370630	25.839550	52.039195	41.508111	49.201630	38.734956	
159	36.537671	26.006590	52.055899	41.524815	49.235039	38.768364	
160	36.709074	26.177993	52.073039	41.541956	49.269319	38.802644	
161	36.884736	26.353655	52.090605	41.559522	49.304452	38.837777	
162	37.064552	26.533471	52.108587	41.577503	49.340415	38.873740	
163	37.248413	26.717332	52.126973	41.595889	49.377187	38.910512	
164	37.436209	26.905128	52.145753	41.614669	49.414746	38.948071	
165	37.627826	27.096745	52.164914	41.633831	49.453070	38.986395	
166	37.823149	27.292068	52.184447	41.653363	49.492134	39.025459	
167	38.022060	27.490979	52.204338	41.673254	49.531916	39.065242	
168	38.224439	27.693359	52.224576	41.693492	49.572392	39.105717	
169	38.430165	27.899085	52.245148	41.714065	49.613537	39.146863	
170	38.639114	28.108033	52.266043	41.734960	49.655327	39.188652	
171	38.851160	28.320079	52.287248	41.756164	49.697736	39.231062	
172	39.066174	28.535093	52.308749	41.777666	49.740739	39.274064	
173	39.284028	28.752948	52.330535	41.799451	49.784310	39.317635	
174	39.504591	28.973510	52.352591	41.821507	49.828423	39.361748	
175	39.727728	29.196648	52.374905	41.843821	49.873050	39.406375	
176	39.953307	29.422227	52.397462	41.866379	49.918166	39.451491	
177	40.181191	29.650110	52.420251	41.889167	49.963743	39.497068	
178	40.411243	29.880162	52.443256	41.912172	50.009753	39.543078	
179	40.643324	30.112243	52.466464	41.935381	50.056169	39.589494	
180	40.877295	30.346214	52.489861	41.958778	50.102963	39.636289	
181	41.113014	30.581933	52.513433	41.982350	50.150107	39.683432	
182	41.350340	30.819259	52.537166	42.006082	50.197572	39.730898	
183	41.589129	31.058048	52.561045	42.029961	50.245330	39.778655	
184	41.829238	31.298158	52.585056	42.053972	50.293352	39.826677	
185	42.070523	31.539442	52.609184	42.078100	50.341609	39.874934	
186	42.312837	31.781756	52.633415	42.102332	50.390072	39.923397	
187	42.556035	32.024954	52.657735	42.126652	50.438711	39.972037	
188	42.799970	32.268889	52.682129	42.151045	50.487498	40.020824	
189	43.044496	32.513415	52.706581	42.175498	50.536404	40.069729	
190	43.289465	32.758384	52.731078	42.199995	50.585397	40.118723	
191	43.534729	33.003649	52.755605	42.224521	50.634450	40.167775	
192	43.780142	33.249061	52.780146	42.249062	50.683533	40.216858	
193	44.025554	33.494473	52.804687	42.273604	50.732615	40.265940	
194	44.270818	33.739738	52.829214	42.298130	50.781668	40.314993	
195	44.515787	33.984706	52.853710	42.322627	50.830662	40.363987	
196	44.760313	34.229232	52.878163	42.347079	50.879567	40.412892	
197	45.004248	34.473168	52.902557	42.371473	50.928354	40.461679	
198	45.247446	34.716366	52.926876	42.395793	50.976994	40.510319	
199	45.489760	34.958680	52.951108	42.420024	51.025456	40.558782	
200	45.731045	35.199964	52.975236	42.444153	51.073713	40.607039	
201	45.971154	35.440073	52.999247	42.468164	51.121735	40.655060	
202	46.209943	35.678863	53.023126	42.492042	51.169493	40.702818	
203	46.447269	35.916188	53.046859	42.515775	51.216958	40.750283	
204	46.682988	36.151908	53.070431	42.539347	51.264102	40.797427	
205	46.916959	36.385878	53.093828	42.562744	51.310896	40.844221	
206	47.149040	36.617959	53.117036	42.585952	51.357312	40.890638	
207	47.379092	36.848011	53.140041	42.608957	51.403323	40.936648	
208	47.606976	37.075895	53.162829	42.631746	51.448900	40.982225	
209	47.832555	37.301474	53.185387	42.654304	51.494015	41.027341	
210	48.055693	37.524612	53.207701	42.676617	51.538643	41.071968	
211	48.276255	37.745174	53.229757	42.698674	51.582755	41.116081	
212	48.494109	37.963028	53.251543	42.720459	51.626326	41.159651	
213	48.709123	38.178043	53.273044	42.741960	51.669329	41.202654	
214	48.921169	38.390088	53.294249	42.763165	51.711738	41.245063	
215	49.130118	38.599037	53.315144	42.784060	51.753528	41.286853	
216	49.335844	38.804763	53.335716	42.804633	51.794673	41.327998	
217	49.538223	39.007143	53.355954	42.824870	51.835149	41.368474	
218	49.737135	39.206054	53.375845	42.844762	51.874931	41.408257	
219	49.932457	39.401377	53.395377	42.864294	51.913996	41.447321	
220	50.124074	39.592994	53.414539	42.883456	51.952319	41.485644	
221	50.311870	39.780789	53.433319	42.902235	51.989878	41.523204	
222	50.495731	39.964650	53.451705	42.920621	52.026651	41.559976	
223	50.675547	40.144466	53.469686	42.938603	52.062614	41.595939	
224	50.851209	40.320129	53.487253	42.956169	52.097746	41.631071	
225	51.022612	40.491532	53.504393	42.973309	52.132027	41.665352	
226	51.189653	40.658572	53.521097	42.990013	52.165435	41.698760	
227	51.352230	40.821149	53.537355	43.006271	52.197950	41.731276	
228	51.510246	40.979165	53.553156	43.022073	52.229554	41.762879	
229	51.663606	41.132525	53.568492	43.037409	52.260226	41.793551	
230	51.812217	41.281136	53.583353	43.052270	52.289948	41.823273	
231	51.955990	41.424909	53.597731	43.066647	52.318702	41.852028	
232	52.094838	41.563757	53.611616	43.080532	52.346472	41.879797	
233	52.228677	41.697597	53.624999	43.093916	52.373240	41.906565	
234	52.357428	41.826347	53.637875	43.106791	52.398990	41.932315	
235	52.481011	41.949931	53.650233	43.119149	52.423707	41.957032	
236	52.599354	42.068274	53.662067	43.130984	52.447375	41.980700	
237	52.712385	42.181304	53.673370	43.142287	52.469981	42.003307	
238	52.820035	42.288954	53.684135	43.153052	52.491511	42.024836	
239	52.922239	42.391158	53.694356	43.163272	52.511952	42.045277	
240	53.018937	42.487856	53.704025	43.172942	52.531292	42.064617	
241	53.110070	42.578989	53.713139	43.182055	52.549518	42.082844	
242	53.195582	42.664502	53.721690	43.190606	52.566621	42.099946	
243	53.275423	42.744343	53.729674	43.198590	52.582589	42.115914	
244	53.349545	42.818464	53.737086	43.206003	52.597413	42.130739	
245	53.417902	42.886822	53.743922	43.212838	52.611085	42.144410	
246	53.480454	42.949373	53.750177	43.219094	52.623595	42.156920	
247	53.537163	43.006082	53.755848	43.224764	52.634937	42.168262	
248	53.587994	43.056914	53.760931	43.229848	52.645103	42.178428	
249	53.632918	43.101837	53.765424	43.234340	52.654088	42.187413	
250	53.671907	43.140826	53.769322	43.238239	52.661886	42.195211	
251	53.704937	43.173856	53.772625	43.241542	52.668492	42.201817	
252	53.731989	43.200908	53.775331	43.244247	52.673902	42.207227	
253	53.753046	43.221965	53.777436	43.246353	52.678114	42.211439	
254	53.768096	43.237015	53.778941	43.247858	52.681124	42.214449	
255	53.777130	43.246049	53.779845	43.248761	52.682930	42.216256	
256	53.780142	43.249061	53.780146	43.249062	52.683533	42.216858	
257	53.774903	43.243821	53.778758	43.247676	52.682327	42.215653	
258	53.759189	43.228107	53.774598	43.243516	52.678706	42.212031	
259	53.733021	43.201939	53.767656	43.236574	52.672650	42.205976	
260	53.696432	43.165350	53.757919	43.226837	52.664133	42.197458	
261	53.649469	43.118386	53.745369	43.214286	52.653112	42.186437	
262	53.592190	43.061108	53.729981	43.198899	52.639536	42.172861	
263	53.524668	42.993586	53.711727	43.180645	52.623343	42.156668	
264	53.446989	42.915907	53.690575	43.159492	52.604459	42.137784	
265	53.359250	42.828168	53.666484	43.135402	52.582799	42.116124	
266	53.261562	42.730479	53.639413	43.108331	52.558269	42.091594	
267	53.154046	42.622964	53.609315	43.078233	52.530764	42.064089	
268	53.036839	42.505757	53.576136	43.045054	52.500169	42.033494	
269	52.910086	42.379004	53.539822	43.008740	52.466361	41.999686	
270	52.773945	42.242863	53.500312	42.969230	52.429206	41.962532	
271	52.628586	42.097504	53.457543	42.926461	52.388564	41.921889	
272	52.474189	41.943107	53.411448	42.880366	52.344285	41.877610	
273	52.310945	41.779863	53.361957	42.830875	52.296212	41.829537	
274	52.139055	41.607973	53.308997	42.777915	52.244182	41.777507	
275	51.958730	41.427648	53.252492	42.721410	52.188024	41.721349	
276	51.770190	41.239108	53.192365	42.661283	52.127562	41.660887	
277	51.573665	41.042583	53.128536	42.597454	52.062616	41.595942	
278	51.369393	40.838311	53.060924	42.529842	51.993000	41.526325	
279	51.157621	40.626539	52.989445	42.458363	51.918524	41.451850	
280	50.938603	40.407521	52.914016	42.382934	51.838996	41.372321	
281	50.712600	40.181518	52.834553	42.303471	51.754220	41.287545	
282	50.479882	39.948800	52.750971	42.219889	51.663999	41.197324	
283	50.240723	39.709641	52.663186	42.132104	51.568135	41.101460	
284	49.995403	39.464321	52.571114	42.040032	51.466429	40.999754	
285	49.744210	39.213128	52.474672	41.943590	51.358683	40.892008	
286	49.487434	38.956351	52.373779	41.842697	51.244699	40.778024	
287	49.225370	38.694288	52.268353	41.737271	51.124283	40.657608	
288	48.958318	38.427236	52.158318	41.627236	50.997241	40.530566	
289	48.686581	38.155499	52.043598	41.512516	50.863384	40.396710	
290	48.410465	37.879383	51.924120	41.393038	50.722527	40.255853	
291	48.130276	37.599194	51.799814	41.268732	50.574490	40.107815	
292	47.846325	37.315243	51.670614	41.139532	50.419096	39.952421	
293	47.558923	37.027841	51.536460	41.005377	50.256179	39.789504	
294	47.268381	36.737298	51.397292	40.866209	50.085576	39.618901	
295	46.975010	36.443928	51.253058	40.721975	49.907133	39.440459	
296	46.679123	36.148041	51.103710	40.572628	49.720707	39.254032	
297	46.381029	35.849947	50.949206	40.418124	49.526160	39.059485	
298	46.081039	35.549957	50.789509	40.258427	49.323367	38.856692	
299	45.779459	35.248377	50.624588	40.093506	49.112212	38.645537	
300	45.476595	34.945513	50.454420	39.923338	48.892591	38.425916	
301	45.172749	34.641667	50.278987	39.747905	48.664412	38.197737	
302	44.868221	34.337138	50.098279	39.567197	48.427594	37.960919	
303	44.563304	34.032222	49.912293	39.381210	48.182071	37.715396	
304	44.258291	33.727208	49.721032	39.189950	47.927788	37.461113	
305	43.953467	33.422385	49.524511	38.993429	47.664707	37.198032	
306	43.649115	33.118033	49.322749	38.791667	47.392802	36.926127	
307	43.345511	32.814429	49.115775	38.584693	47.112063	36.645388	
308	43.042924	32.511842	48.903627	38.372544	46.822496	36.355822	
309	42.741618	32.210536	48.686350	38.155268	46.524123	36.057448	
310	42.441852	31.910770	48.464000	37.932918	46.216979	35.750305	
311	42.143875	31.612792	48.236640	37.705558	45.901120	35.434446	
312	41.847930	31.316848	48.004345	37.473262	45.576616	35.109942	
313	41.554254	31.023172	47.767195	37.236113	45.243555	34.776880	
314	41.263074	30.731992	47.525283	36.994201	44.902041	34.435367	
315	40.974611	30.443529	47.278711	36.747629	44.552197	34.085522	
316	40.689076	30.157994	47.027589	36.496507	44.194163	33.727488	
317	40.406672	29.875589	46.772036	36.240954	43.828095	33.361420	
318	40.127593	29.596510	46.512184	35.981102	43.454170	32.987495	
319	39.852025	29.320942	46.248170	35.717088	43.072579	32.605904	
320	39.580144	29.049062	45.980144	35.449062	42.683533	32.216858	
321	39.312117	28.781035	45.708263	35.177181	42.287259	31.820585	
322	39.048104	28.517022	45.432695	34.901613	41.884004	31.417329	
323	38.788251	28.257169	45.153616	34.622534	41.474029	31.007354	
324	38.532699	28.001617	44.871212	34.340129	41.057614	30.590940	
325	38.281576	27.750494	44.585676	34.054594	40.635056	30.168381	
326	38.035004	27.503922	44.297213	33.766131	40.206666	29.739991	
327	37.793092	27.262010	44.006033	33.474951	39.772775	29.306100	
328	37.555943	27.024861	43.712357	33.181275	39.333726	28.867051	
329	37.323647	26.792565	43.416413	32.885331	38.889881	28.423206	
330	37.096288	26.565206	43.118436	32.587354	38.441614	27.974939	
331	36.873938	26.342855	42.818669	32.287587	37.989314	27.522640	
332	36.656661	26.125579	42.517364	31.986282	37.533387	27.066712	
333	36.444513	25.913430	42.214777	31.683694	37.074247	26.607573	
334	36.237539	25.706456	41.911172	31.380090	36.612326	26.145652	
335	36.035777	25.504694	41.606820	31.075738	36.148066	25.681391	
336	35.839255	25.308173	41.301997	30.770915	35.681918	25.215243	
337	35.647995	25.116913	40.996984	30.465901	35.214349	24.747674	
338	35.462008	24.930926	40.692067	30.160985	34.745831	24.279156	
339	35.281300	24.750218	40.387538	29.856456	34.276849	23.810175	
340	35.105867	24.574785	40.083692	29.552610	33.807896	23.341221	
341	34.935699	24.404617	39.780828	29.249746	33.339470	22.872795	
342	34.770779	24.239697	39.479248	28.948166	32.872079	22.405404	
343	34.611082	24.080000	39.179258	28.648176	32.406236	21.939561	
344	34.456578	23.925496	38.881165	28.350083	31.942459	21.475784	
345	34.307230	23.776148	38.585277	28.054195	31.481271	21.014596	
346	34.162996	23.631914	38.291907	27.760825	31.023198	20.556523	
347	34.023828	23.492746	38.001365	27.470282	30.568768	20.102093	
348	33.889673	23.358591	37.713962	27.182880	30.118511	19.651836	
349	33.760474	23.229392	37.430011	26.898929	29.672959	19.206284	
350	33.636168	23.105086	37.149823	26.618741	29.232641	18.765966	
351	33.516689	22.985607	36.873706	26.342624	28.798087	18.331412	
352	33.401969	22.870887	36.601969	26.070887	28.369824	17.903149	
353	33.291934	22.760852	36.334918	25.803835	27.948376	17.481702	
354	33.186509	22.655427	36.072854	25.541772	27.534263	17.067588	
355	33.085615	22.554533	35.816078	25.284996	27.128000	16.661325	
356	32.989173	22.458091	35.564884	25.033802	26.730094	16.263420	
357	32.897101	22.366019	35.319565	24.788483	26.341049	15.874375	
358	32.809316	22.278234	35.080405	24.549323	25.961358	15.494683	
359	32.725735	22.194652	34.847687	24.316605	25.591506	15.124831	
360	32.646271	22.115189	34.621685	24.090602	25.231969	14.765294	
361	32.570843	22.039761	34.402666	23.871584	24.883210	14.416536	
362	32.499364	21.968282	34.190894	23.659812	24.545685	14.079010	
363	32.431751	21.900669	33.986622	23.455540	24.219833	13.753158	
364	32.367922	21.836840	33.790097	23.259015	23.906082	13.439407	
365	32.307795	21.776713	33.601558	23.070475	23.604846	13.138171	
366	32.251291	21.720209	33.421232	22.890150	23.316524	12.849849	
367	32.198331	21.667249	33.249342	22.718260	23.041500	12.574825	
368	32.148840	21.617758	33.086098	22.555016	22.780140	12.313465	
369	32.102745	21.571663	32.931701	22.400619	22.532795	12.066120	
370	32.059976	21.528894	32.786342	22.255260	22.299796	11.833122	
371	32.020466	21.489384	32.650202	22.119120	22.081459	11.614784	
372	31.984151	21.453069	32.523449	21.992367	21.878079	11.411404	
373	31.950973	21.419891	32.406241	21.875159	21.689930	11.223255	
374	31.920874	21.389792	32.298726	21.767644	21.517269	11.050594	
375	31.893803	21.362721	32.201037	21.669955	21.360331	10.893656	
376	31.869713	21.338631	32.113298	21.582216	21.219330	10.752655	
377	31.848560	21.317478	32.035619	21.504537	21.094458	10.627783	
378	31.830307	21.299225	31.968098	21.437015	20.985888	10.519213	
379	31.814919	21.283837	31.910819	21.379737	20.893766	10.427092	
380	31.802368	21.271286	31.863855	21.332773	20.818221	10.351546	
381	31.792631	21.261549	31.827266	21.296184	20.759356	10.292681	
382	31.785689	21.254607	31.801098	21.270016	20.717251	10.250576	
383	31.781529	21.250447	31.785384	21.254302	20.691965	10.225290	
384	31.780142	21.249061	31.780146	21.249062	20.683533	10.216858	
