# n = 3.6 U  = 12.0 J = 3.000 k = 128.0
#    itr              mu            ntot            mtot            etot
       1       39.605114        3.600342        0.332581      110.245863
       2       39.991614        3.599976        0.125366      111.023385
       3       40.061614        3.599976        0.049438      111.129222
       4       40.073422        3.600220        0.018555      111.155983
       5       40.074622        3.599976        0.005493      111.158370
       6       40.070822        3.599976        0.001587      111.150369
       7       40.071662        3.600220        0.000244      111.160181
       8       40.070664        3.600220        0.000244      111.169283
       9       40.070664        3.600220        0.000244      111.169283
